t (s)	U1(V)	U2(V)
0,000000	-0,182308	0,001896
0,010000	-0,208599	0,001896
0,020000	-0,229632	0,007154
0,030000	-0,250664	0,007154
0,040000	-0,271697	0,007154
0,050000	-0,292730	0,012413
0,060000	-0,313762	0,012413
0,070000	-0,334795	0,017672
0,080000	-0,355828	0,017672
0,090000	-0,376860	0,017672
0,100000	-0,392635	0,017672
0,110000	-0,408409	0,017672
0,120000	-0,429442	0,017672
0,130000	-0,445216	0,012413
0,140000	-0,460991	0,012413
0,150000	-0,476765	0,012413
0,160000	-0,487282	0,007154
0,170000	-0,497798	0,007154
0,180000	-0,513573	0,007154
0,190000	-0,524089	0,001896
0,200000	-0,534605	0,001896
0,210000	-0,539863	-0,008621
0,220000	-0,550380	-0,008621
0,230000	-0,560896	-0,019138
0,240000	-0,566154	-0,024397
0,250000	-0,566154	-0,024397
0,260000	-0,576671	-0,034914
0,270000	-0,576671	-0,040173
0,280000	-0,587187	-0,045431
0,290000	-0,587187	-0,050690
0,300000	-0,587187	-0,061207
0,310000	-0,587187	-0,066465
0,320000	-0,587187	-0,066465
0,330000	-0,587187	-0,076983
0,340000	-0,581929	-0,082241
0,350000	-0,581929	-0,082241
0,360000	-0,571412	-0,092758
0,370000	-0,571412	-0,103275
0,380000	-0,560896	-0,108534
0,390000	-0,555638	-0,113792
0,400000	-0,550380	-0,124310
0,410000	-0,539863	-0,129568
0,420000	-0,529347	-0,140085
0,430000	-0,518831	-0,145344
0,440000	-0,508314	-0,150602
0,450000	-0,497798	-0,161120
0,460000	-0,482024	-0,171637
0,470000	-0,471507	-0,182154
0,480000	-0,455733	-0,187412
0,490000	-0,439958	-0,192671
0,500000	-0,429442	-0,208447
0,510000	-0,413668	-0,213705
0,520000	-0,397893	-0,224222
0,530000	-0,376860	-0,234739
0,540000	-0,355828	-0,239998
0,550000	-0,340053	-0,250515
0,560000	-0,319021	-0,261032
0,570000	-0,297988	-0,271549
0,580000	-0,276955	-0,282066
0,590000	-0,255923	-0,287325
0,600000	-0,234890	-0,297842
0,610000	-0,213857	-0,303101
0,620000	-0,187567	-0,313618
0,630000	-0,161276	-0,318876
0,640000	-0,145501	-0,334652
0,650000	-0,113952	-0,339911
0,660000	-0,087661	-0,350428
0,670000	-0,066629	-0,360945
0,680000	-0,045596	-0,366203
0,690000	-0,019305	-0,371462
0,700000	0,012244	-0,381979
0,710000	0,038534	-0,387238
0,720000	0,064825	-0,392496
0,730000	0,091116	-0,397755
0,740000	0,117407	-0,403013
0,750000	0,143698	-0,408272
0,760000	0,169988	-0,413531
0,770000	0,196279	-0,418789
0,780000	0,222570	-0,424048
0,790000	0,243603	-0,429306
0,800000	0,275152	-0,434565
0,810000	0,301442	-0,439823
0,820000	0,327733	-0,445082
0,830000	0,354024	-0,445082
0,840000	0,375057	-0,450340
0,850000	0,401348	-0,450340
0,860000	0,427638	-0,455599
0,870000	0,453929	-0,455599
0,880000	0,474962	-0,466116
0,890000	0,495994	-0,466116
0,900000	0,522285	-0,471375
0,910000	0,543318	-0,476633
0,920000	0,569609	-0,476633
0,930000	0,590641	-0,476633
0,940000	0,611674	-0,476633
0,950000	0,632707	-0,476633
0,960000	0,653739	-0,476633
0,970000	0,674772	-0,481892
0,980000	0,690546	-0,476633
0,990000	0,711579	-0,481892
1,000000	0,727354	-0,476633
1,010000	0,748386	-0,471375
1,020000	0,764161	-0,471375
1,030000	0,779935	-0,466116
1,040000	0,790451	-0,466116
1,050000	0,806226	-0,460858
1,060000	0,816742	-0,455599
1,070000	0,832517	-0,455599
1,080000	0,843033	-0,450340
1,090000	0,848291	-0,445082
1,100000	0,858808	-0,439823
1,110000	0,869324	-0,434565
1,120000	0,879840	-0,434565
1,130000	0,885098	-0,424048
1,140000	0,890357	-0,418789
1,150000	0,895615	-0,413531
1,160000	0,900873	-0,403013
1,170000	0,906131	-0,397755
1,180000	0,906131	-0,387238
1,190000	0,911389	-0,381979
1,200000	0,906131	-0,376721
1,210000	0,911389	-0,371462
1,220000	0,911389	-0,360945
1,230000	0,906131	-0,355686
1,240000	0,900873	-0,345169
1,250000	0,900873	-0,339911
1,260000	0,890357	-0,329394
1,270000	0,890357	-0,318876
1,280000	0,879840	-0,308359
1,290000	0,874582	-0,297842
1,300000	0,864066	-0,292584
1,310000	0,853549	-0,282066
1,320000	0,843033	-0,271549
1,330000	0,827259	-0,261032
1,340000	0,816742	-0,255774
1,350000	0,800968	-0,245257
1,360000	0,790451	-0,229481
1,370000	0,774677	-0,218964
1,380000	0,758903	-0,213705
1,390000	0,743128	-0,203188
1,400000	0,727354	-0,192671
1,410000	0,711579	-0,187412
1,420000	0,690546	-0,176895
1,430000	0,669514	-0,166378
1,440000	0,653739	-0,155861
1,450000	0,632707	-0,145344
1,460000	0,606416	-0,134827
1,470000	0,585383	-0,124310
1,480000	0,564351	-0,113792
1,490000	0,543318	-0,103275
1,500000	0,517027	-0,098017
1,510000	0,495994	-0,087500
1,520000	0,474962	-0,076983
1,530000	0,448671	-0,066465
1,540000	0,427638	-0,061207
1,550000	0,401348	-0,050690
1,560000	0,380315	-0,045431
1,570000	0,348766	-0,040173
1,580000	0,327733	-0,029655
1,590000	0,306701	-0,019138
1,600000	0,275152	-0,013880
1,610000	0,248861	-0,008621
1,620000	0,227828	0,001896
1,630000	0,201537	0,012413
1,640000	0,175247	0,017672
1,650000	0,148956	0,022930
1,660000	0,122665	0,033447
1,670000	0,096374	0,043964
1,680000	0,070083	0,043964
1,690000	0,043793	0,054482
1,700000	0,022760	0,059740
1,710000	-0,008789	0,064999
1,720000	-0,035080	0,064999
1,730000	-0,056113	0,070257
1,740000	-0,082403	0,075516
1,750000	-0,103436	0,080774
1,760000	-0,124469	0,086033
1,770000	-0,145501	0,086033
1,780000	-0,171792	0,080774
1,790000	-0,198083	0,086033
1,800000	-0,219116	0,086033
1,810000	-0,240148	0,086033
1,820000	-0,255923	0,086033
1,830000	-0,276955	0,086033
1,840000	-0,297988	0,086033
1,850000	-0,319021	0,086033
1,860000	-0,340053	0,086033
1,870000	-0,355828	0,080774
1,880000	-0,376860	0,080774
1,890000	-0,392635	0,075516
1,900000	-0,408409	0,075516
1,910000	-0,424184	0,070257
1,920000	-0,439958	0,064999
1,930000	-0,455733	0,059740
1,940000	-0,471507	0,054482
1,950000	-0,482024	0,054482
1,960000	-0,492540	0,043964
1,970000	-0,503056	0,038706
1,980000	-0,513573	0,033447
1,990000	-0,518831	0,022930
2,000000	-0,529347	0,017672
2,010000	-0,534605	0,012413
2,020000	-0,545122	0,001896
2,030000	-0,550380	-0,003363
2,040000	-0,555638	-0,013880
2,050000	-0,555638	-0,024397
2,060000	-0,560896	-0,029655
2,070000	-0,560896	-0,040173
2,080000	-0,560896	-0,050690
2,090000	-0,566154	-0,055948
2,100000	-0,566154	-0,071724
2,110000	-0,560896	-0,082241
2,120000	-0,555638	-0,092758
2,130000	-0,555638	-0,103275
2,140000	-0,550380	-0,108534
2,150000	-0,545122	-0,119051
2,160000	-0,539863	-0,129568
2,170000	-0,534605	-0,140085
2,180000	-0,529347	-0,150602
2,190000	-0,518831	-0,161120
2,200000	-0,508314	-0,171637
2,210000	-0,497798	-0,182154
2,220000	-0,487282	-0,192671
2,230000	-0,476765	-0,203188
2,240000	-0,466249	-0,213705
2,250000	-0,450475	-0,224222
2,260000	-0,434700	-0,234739
2,270000	-0,424184	-0,245257
2,280000	-0,408409	-0,261032
2,290000	-0,387377	-0,271549
2,300000	-0,376860	-0,282066
2,310000	-0,355828	-0,292584
2,320000	-0,340053	-0,303101
2,330000	-0,319021	-0,318876
2,340000	-0,303246	-0,324135
2,350000	-0,282213	-0,334652
2,360000	-0,266439	-0,345169
2,370000	-0,240148	-0,355686
2,380000	-0,224374	-0,366203
2,390000	-0,203341	-0,376721
2,400000	-0,177050	-0,387238
2,410000	-0,156018	-0,397755
2,420000	-0,129727	-0,408272
2,430000	-0,103436	-0,408272
2,440000	-0,082403	-0,418789
2,450000	-0,056113	-0,429306
2,460000	-0,035080	-0,439823
2,470000	-0,008789	-0,450340
2,480000	0,022760	-0,450340
2,490000	0,043793	-0,460858
2,500000	0,070083	-0,466116
2,510000	0,096374	-0,476633
2,520000	0,122665	-0,481892
2,530000	0,148956	-0,487150
2,540000	0,175247	-0,492409
2,550000	0,196279	-0,497668
2,560000	0,222570	-0,508185
2,570000	0,254119	-0,508185
2,580000	0,275152	-0,513443
2,590000	0,301442	-0,523960
2,600000	0,322475	-0,523960
2,610000	0,348766	-0,534477
2,620000	0,375057	-0,534477
2,630000	0,396089	-0,539736
2,640000	0,422380	-0,539736
2,650000	0,443413	-0,544995
2,660000	0,469704	-0,544995
2,670000	0,490736	-0,550253
2,680000	0,517027	-0,550253
2,690000	0,538060	-0,550253
2,700000	0,559092	-0,550253
2,710000	0,574867	-0,550253
2,720000	0,601158	-0,550253
2,730000	0,616932	-0,544995
2,740000	0,637965	-0,550253
2,750000	0,653739	-0,550253
2,760000	0,674772	-0,544995
2,770000	0,695805	-0,544995
2,780000	0,711579	-0,539736
2,790000	0,727354	-0,534477
2,800000	0,743128	-0,523960
2,810000	0,758903	-0,523960
2,820000	0,769419	-0,518702
2,830000	0,785193	-0,513443
2,840000	0,795710	-0,502926
2,850000	0,811484	-0,497668
2,860000	0,816742	-0,492409
2,870000	0,832517	-0,487150
2,880000	0,837775	-0,476633
2,890000	0,848291	-0,471375
2,900000	0,853549	-0,466116
2,910000	0,858808	-0,455599
2,920000	0,864066	-0,445082
2,930000	0,869324	-0,434565
2,940000	0,874582	-0,424048
2,950000	0,874582	-0,413531
2,960000	0,874582	-0,408272
2,970000	0,879840	-0,397755
2,980000	0,879840	-0,387238
2,990000	0,874582	-0,376721
3,000000	0,879840	-0,371462
3,010000	0,874582	-0,355686
3,020000	0,874582	-0,350428
3,030000	0,869324	-0,334652
3,040000	0,864066	-0,324135
3,050000	0,858808	-0,313618
3,060000	0,848291	-0,303101
3,070000	0,843033	-0,292584
3,080000	0,832517	-0,276808
3,090000	0,822000	-0,266291
3,100000	0,811484	-0,250515
3,110000	0,800968	-0,239998
3,120000	0,790451	-0,229481
3,130000	0,774677	-0,213705
3,140000	0,764161	-0,197929
3,150000	0,753644	-0,182154
3,160000	0,737870	-0,171637
3,170000	0,716837	-0,155861
3,180000	0,701063	-0,145344
3,190000	0,680030	-0,134827
3,200000	0,664256	-0,119051
3,210000	0,643223	-0,108534
3,220000	0,627448	-0,098017
3,230000	0,606416	-0,082241
3,240000	0,590641	-0,071724
3,250000	0,564351	-0,061207
3,260000	0,548576	-0,050690
3,270000	0,527543	-0,034914
3,280000	0,506511	-0,019138
3,290000	0,485478	-0,008621
3,300000	0,459187	0,001896
3,310000	0,443413	0,012413
3,320000	0,417122	0,022930
3,330000	0,396089	0,033447
3,340000	0,369799	0,043964
3,350000	0,343508	0,054482
3,360000	0,322475	0,059740
3,370000	0,296184	0,075516
3,380000	0,269894	0,086033
3,390000	0,248861	0,086033
3,400000	0,222570	0,096550
3,410000	0,196279	0,101809
3,420000	0,175247	0,107067
3,430000	0,148956	0,112326
3,440000	0,122665	0,117584
3,450000	0,106890	0,122843
3,460000	0,075342	0,128101
3,470000	0,049051	0,133360
3,480000	0,028018	0,138619
3,490000	0,001727	0,138619
3,500000	-0,024564	0,143877
3,510000	-0,045596	0,143877
3,520000	-0,066629	0,149136
3,530000	-0,092920	0,149136
3,540000	-0,113952	0,149136
3,550000	-0,134985	0,149136
3,560000	-0,156018	0,154394
3,570000	-0,177050	0,149136
3,580000	-0,198083	0,154394
3,590000	-0,219116	0,143877
3,600000	-0,240148	0,143877
3,610000	-0,261181	0,143877
3,620000	-0,276955	0,143877
3,630000	-0,297988	0,143877
3,640000	-0,313762	0,138619
3,650000	-0,334795	0,138619
3,660000	-0,350570	0,138619
3,670000	-0,366344	0,138619
3,680000	-0,382119	0,133360
3,690000	-0,397893	0,128101
3,700000	-0,408409	0,117584
3,710000	-0,424184	0,117584
3,720000	-0,434700	0,112326
3,730000	-0,450475	0,107067
3,740000	-0,460991	0,096550
3,750000	-0,471507	0,086033
3,760000	-0,476765	0,075516
3,770000	-0,487282	0,064999
3,780000	-0,497798	0,054482
3,790000	-0,503056	0,043964
3,800000	-0,508314	0,038706
3,810000	-0,513573	0,028189
3,820000	-0,518831	0,017672
3,830000	-0,524089	0,001896
3,840000	-0,524089	-0,008621
3,850000	-0,529347	-0,019138
3,860000	-0,529347	-0,029655
3,870000	-0,529347	-0,045431
3,880000	-0,534605	-0,055948
3,890000	-0,529347	-0,066465
3,900000	-0,529347	-0,076983
3,910000	-0,524089	-0,087500
3,920000	-0,518831	-0,103275
3,930000	-0,513573	-0,113792
3,940000	-0,508314	-0,124310
3,950000	-0,503056	-0,140085
3,960000	-0,492540	-0,150602
3,970000	-0,487282	-0,166378
3,980000	-0,476765	-0,182154
3,990000	-0,466249	-0,192671
4,000000	-0,455733	-0,203188
4,010000	-0,439958	-0,218964
4,020000	-0,429442	-0,229481
4,030000	-0,418926	-0,245257
4,040000	-0,403151	-0,255774
4,050000	-0,392635	-0,271549
4,060000	-0,376860	-0,282066
4,070000	-0,361086	-0,292584
4,080000	-0,345311	-0,308359
4,090000	-0,329537	-0,324135
4,100000	-0,313762	-0,334652
4,110000	-0,292730	-0,345169
4,120000	-0,276955	-0,355686
4,130000	-0,255923	-0,366203
4,140000	-0,234890	-0,381979
4,150000	-0,213857	-0,392496
4,160000	-0,192825	-0,403013
4,170000	-0,171792	-0,413531
4,180000	-0,150759	-0,424048
4,190000	-0,129727	-0,434565
4,200000	-0,108694	-0,445082
4,210000	-0,087661	-0,455599
4,220000	-0,066629	-0,466116
4,230000	-0,040338	-0,471375
4,240000	-0,019305	-0,481892
4,250000	0,006985	-0,487150
4,260000	0,028018	-0,497668
4,270000	0,059567	-0,508185
4,280000	0,080600	-0,518702
4,290000	0,106890	-0,529219
4,300000	0,127923	-0,539736
4,310000	0,154214	-0,550253
4,320000	0,175247	-0,555512
4,330000	0,201537	-0,560770
4,340000	0,222570	-0,566029
4,350000	0,243603	-0,571287
4,360000	0,269894	-0,576546
4,370000	0,290926	-0,581805
4,380000	0,311959	-0,587063
4,390000	0,338250	-0,592322
4,400000	0,359282	-0,597580
4,410000	0,385573	-0,602839
4,420000	0,406606	-0,602839
4,430000	0,427638	-0,602839
4,440000	0,453929	-0,608097
4,450000	0,474962	-0,608097
4,460000	0,495994	-0,602839
4,470000	0,511769	-0,602839
4,480000	0,538060	-0,602839
4,490000	0,553834	-0,602839
4,500000	0,574867	-0,597580
4,510000	0,595900	-0,592322
4,520000	0,611674	-0,592322
4,530000	0,632707	-0,587063
4,540000	0,648481	-0,581805
4,550000	0,664256	-0,576546
4,560000	0,685288	-0,566029
4,570000	0,695805	-0,560770
4,580000	0,711579	-0,555512
4,590000	0,727354	-0,550253
4,600000	0,737870	-0,539736
4,610000	0,753644	-0,534477
4,620000	0,758903	-0,523960
4,630000	0,774677	-0,518702
4,640000	0,779935	-0,508185
4,650000	0,790451	-0,497668
4,660000	0,800968	-0,487150
4,670000	0,806226	-0,476633
4,680000	0,816742	-0,466116
4,690000	0,822000	-0,455599
4,700000	0,827259	-0,445082
4,710000	0,827259	-0,439823
4,720000	0,832517	-0,429306
4,730000	0,832517	-0,413531
4,740000	0,832517	-0,403013
4,750000	0,837775	-0,387238
4,760000	0,832517	-0,376721
4,770000	0,832517	-0,366203
4,780000	0,832517	-0,355686
4,790000	0,827259	-0,339911
4,800000	0,827259	-0,329394
4,810000	0,822000	-0,313618
4,820000	0,816742	-0,303101
4,830000	0,811484	-0,287325
4,840000	0,800968	-0,276808
4,850000	0,795710	-0,261032
4,860000	0,790451	-0,245257
4,870000	0,779935	-0,234739
4,880000	0,769419	-0,224222
4,890000	0,758903	-0,208447
4,900000	0,748386	-0,192671
4,910000	0,737870	-0,182154
4,920000	0,727354	-0,166378
4,930000	0,711579	-0,150602
4,940000	0,695805	-0,134827
4,950000	0,685288	-0,124310
4,960000	0,669514	-0,103275
4,970000	0,653739	-0,092758
4,980000	0,637965	-0,076983
4,990000	0,616932	-0,061207
5,000000	0,601158	-0,050690
5,010000	0,580125	-0,034914
5,020000	0,559092	-0,024397
5,030000	0,543318	-0,008621
5,040000	0,522285	0,007154
5,050000	0,501253	0,017672
5,060000	0,480220	0,028189
5,070000	0,459187	0,043964
5,080000	0,443413	0,054482
5,090000	0,417122	0,064999
5,100000	0,401348	0,075516
5,110000	0,375057	0,086033
5,120000	0,354024	0,096550
5,130000	0,332991	0,107067
5,140000	0,306701	0,117584
5,150000	0,285668	0,122843
5,160000	0,259377	0,133360
5,170000	0,238345	0,143877
5,180000	0,212054	0,149136
5,190000	0,191021	0,159653
5,200000	0,169988	0,164911
5,210000	0,143698	0,175428
5,220000	0,117407	0,180687
5,230000	0,096374	0,185946
5,240000	0,070083	0,191204
5,250000	0,049051	0,196463
5,260000	0,028018	0,196463
5,270000	0,006985	0,201721
5,280000	-0,024564	0,206980
5,290000	-0,040338	0,212238
5,300000	-0,061371	0,212238
5,310000	-0,087661	0,212238
5,320000	-0,103436	0,217497
5,330000	-0,129727	0,217497
5,340000	-0,150759	0,212238
5,350000	-0,171792	0,212238
5,360000	-0,187567	0,212238
5,370000	-0,208599	0,212238
5,380000	-0,224374	0,206980
5,390000	-0,245406	0,206980
5,400000	-0,266439	0,201721
5,410000	-0,282213	0,201721
5,420000	-0,303246	0,196463
5,430000	-0,313762	0,196463
5,440000	-0,329537	0,185946
5,450000	-0,345311	0,175428
5,460000	-0,361086	0,170170
5,470000	-0,376860	0,159653
5,480000	-0,387377	0,149136
5,490000	-0,403151	0,138619
5,500000	-0,413668	0,133360
5,510000	-0,418926	0,122843
5,520000	-0,429442	0,112326
5,530000	-0,439958	0,107067
5,540000	-0,450475	0,096550
5,550000	-0,455733	0,080774
5,560000	-0,460991	0,075516
5,570000	-0,471507	0,059740
5,580000	-0,471507	0,054482
5,590000	-0,476765	0,038706
5,600000	-0,482024	0,022930
5,610000	-0,487282	0,017672
5,620000	-0,492540	0,001896
5,630000	-0,492540	-0,013880
5,640000	-0,487282	-0,029655
5,650000	-0,492540	-0,045431
5,660000	-0,492540	-0,061207
5,670000	-0,487282	-0,076983
5,680000	-0,482024	-0,087500
5,690000	-0,482024	-0,103275
5,700000	-0,476765	-0,119051
5,710000	-0,476765	-0,134827
5,720000	-0,466249	-0,150602
5,730000	-0,460991	-0,161120
5,740000	-0,450475	-0,176895
5,750000	-0,445216	-0,197929
5,760000	-0,434700	-0,213705
5,770000	-0,424184	-0,229481
5,780000	-0,418926	-0,245257
5,790000	-0,403151	-0,261032
5,800000	-0,392635	-0,276808
5,810000	-0,382119	-0,292584
5,820000	-0,366344	-0,303101
5,830000	-0,355828	-0,318876
5,840000	-0,340053	-0,334652
5,850000	-0,324279	-0,350428
5,860000	-0,308504	-0,366203
5,870000	-0,292730	-0,381979
5,880000	-0,282213	-0,403013
5,890000	-0,261181	-0,413531
5,900000	-0,245406	-0,429306
5,910000	-0,229632	-0,445082
5,920000	-0,208599	-0,455599
5,930000	-0,192825	-0,471375
5,940000	-0,171792	-0,487150
5,950000	-0,150759	-0,497668
5,960000	-0,134985	-0,513443
5,970000	-0,108694	-0,523960
5,980000	-0,092920	-0,534477
5,990000	-0,071887	-0,544995
6,000000	-0,050854	-0,550253
6,010000	-0,029822	-0,566029
6,020000	-0,003531	-0,571287
6,030000	0,017502	-0,581805
6,040000	0,043793	-0,587063
6,050000	0,064825	-0,597580
6,060000	0,085858	-0,602839
6,070000	0,106890	-0,608097
6,080000	0,133181	-0,618614
6,090000	0,154214	-0,623873
6,100000	0,175247	-0,629132
6,110000	0,196279	-0,634390
6,120000	0,222570	-0,644907
6,130000	0,243603	-0,644907
6,140000	0,264635	-0,655424
6,150000	0,290926	-0,660683
6,160000	0,311959	-0,665942
6,170000	0,327733	-0,671200
6,180000	0,354024	-0,671200
6,190000	0,375057	-0,671200
6,200000	0,396089	-0,676459
6,210000	0,417122	-0,676459
6,220000	0,432897	-0,676459
6,230000	0,453929	-0,676459
6,240000	0,474962	-0,671200
6,250000	0,490736	-0,671200
6,260000	0,511769	-0,671200
6,270000	0,527543	-0,671200
6,280000	0,548576	-0,665942
6,290000	0,564351	-0,660683
6,300000	0,580125	-0,655424
6,310000	0,595900	-0,650166
6,320000	0,611674	-0,644907
6,330000	0,627448	-0,639649
6,340000	0,643223	-0,634390
6,350000	0,658997	-0,629132
6,360000	0,669514	-0,618614
6,370000	0,685288	-0,608097
6,380000	0,695805	-0,597580
6,390000	0,706321	-0,592322
6,400000	0,716837	-0,581805
6,410000	0,727354	-0,571287
6,420000	0,732612	-0,560770
6,430000	0,743128	-0,550253
6,440000	0,753644	-0,539736
6,450000	0,758903	-0,523960
6,460000	0,764161	-0,513443
6,470000	0,764161	-0,497668
6,480000	0,774677	-0,487150
6,490000	0,774677	-0,476633
6,500000	0,779935	-0,460858
6,510000	0,779935	-0,445082
6,520000	0,779935	-0,434565
6,530000	0,779935	-0,418789
6,540000	0,779935	-0,403013
6,550000	0,779935	-0,392496
6,560000	0,779935	-0,371462
6,570000	0,774677	-0,360945
6,580000	0,774677	-0,339911
6,590000	0,769419	-0,324135
6,600000	0,758903	-0,308359
6,610000	0,758903	-0,292584
6,620000	0,753644	-0,276808
6,630000	0,743128	-0,266291
6,640000	0,737870	-0,239998
6,650000	0,727354	-0,229481
6,660000	0,716837	-0,208447
6,670000	0,711579	-0,192671
6,680000	0,695805	-0,176895
6,690000	0,685288	-0,161120
6,700000	0,669514	-0,145344
6,710000	0,658997	-0,129568
6,720000	0,643223	-0,113792
6,730000	0,627448	-0,092758
6,740000	0,616932	-0,076983
6,750000	0,601158	-0,061207
6,760000	0,590641	-0,045431
6,770000	0,569609	-0,029655
6,780000	0,553834	-0,013880
6,790000	0,538060	0,007154
6,800000	0,522285	0,028189
6,810000	0,501253	0,043964
6,820000	0,480220	0,059740
6,830000	0,469704	0,070257
6,840000	0,443413	0,086033
6,850000	0,427638	0,101809
6,860000	0,406606	0,117584
6,870000	0,385573	0,128101
6,880000	0,364540	0,138619
6,890000	0,343508	0,149136
6,900000	0,327733	0,164911
6,910000	0,301442	0,175428
6,920000	0,280410	0,185946
6,930000	0,259377	0,196463
6,940000	0,238345	0,201721
6,950000	0,212054	0,212238
6,960000	0,201537	0,222756
6,970000	0,175247	0,228014
6,980000	0,154214	0,238531
6,990000	0,133181	0,243790
7,000000	0,112149	0,249048
7,010000	0,091116	0,254307
7,020000	0,070083	0,259565
7,030000	0,049051	0,264824
7,040000	0,028018	0,264824
7,050000	0,006985	0,270083
7,060000	-0,019305	0,270083
7,070000	-0,035080	0,275341
7,080000	-0,056113	0,275341
7,090000	-0,077145	0,275341
7,100000	-0,092920	0,270083
7,110000	-0,113952	0,275341
7,120000	-0,129727	0,275341
7,130000	-0,150759	0,270083
7,140000	-0,166534	0,270083
7,150000	-0,182308	0,270083
7,160000	-0,203341	0,270083
7,170000	-0,219116	0,264824
7,180000	-0,234890	0,259565
7,190000	-0,250664	0,254307
7,200000	-0,261181	0,249048
7,210000	-0,276955	0,243790
7,220000	-0,292730	0,238531
7,230000	-0,303246	0,233273
7,240000	-0,319021	0,222756
7,250000	-0,329537	0,217497
7,260000	-0,340053	0,206980
7,270000	-0,355828	0,196463
7,280000	-0,361086	0,185946
7,290000	-0,371602	0,175428
7,300000	-0,382119	0,164911
7,310000	-0,392635	0,154394
7,320000	-0,392635	0,138619
7,330000	-0,403151	0,128101
7,340000	-0,408409	0,117584
7,350000	-0,413668	0,101809
7,360000	-0,418926	0,091291
7,370000	-0,424184	0,070257
7,380000	-0,429442	0,059740
7,390000	-0,434700	0,043964
7,400000	-0,434700	0,022930
7,410000	-0,439958	0,007154
7,420000	-0,434700	-0,008621
7,430000	-0,434700	-0,024397
7,440000	-0,429442	-0,045431
7,450000	-0,429442	-0,061207
7,460000	-0,429442	-0,082241
7,470000	-0,424184	-0,098017
7,480000	-0,424184	-0,113792
7,490000	-0,418926	-0,134827
7,500000	-0,408409	-0,155861
7,510000	-0,403151	-0,171637
7,520000	-0,397893	-0,187412
7,530000	-0,392635	-0,208447
7,540000	-0,382119	-0,224222
7,550000	-0,371602	-0,239998
7,560000	-0,366344	-0,255774
7,570000	-0,355828	-0,276808
7,580000	-0,345311	-0,297842
7,590000	-0,334795	-0,318876
7,600000	-0,324279	-0,329394
7,610000	-0,308504	-0,345169
7,620000	-0,292730	-0,360945
7,630000	-0,282213	-0,381979
7,640000	-0,266439	-0,397755
7,650000	-0,255923	-0,413531
7,660000	-0,240148	-0,434565
7,670000	-0,224374	-0,445082
7,680000	-0,203341	-0,466116
7,690000	-0,187567	-0,476633
7,700000	-0,171792	-0,497668
7,710000	-0,150759	-0,513443
7,720000	-0,129727	-0,523960
7,730000	-0,113952	-0,539736
7,740000	-0,092920	-0,555512
7,750000	-0,077145	-0,566029
7,760000	-0,056113	-0,576546
7,770000	-0,035080	-0,592322
7,780000	-0,019305	-0,602839
7,790000	0,001727	-0,613356
7,800000	0,028018	-0,623873
7,810000	0,049051	-0,634390
7,820000	0,064825	-0,644907
7,830000	0,085858	-0,655424
7,840000	0,106890	-0,665942
7,850000	0,127923	-0,671200
7,860000	0,148956	-0,681717
7,870000	0,169988	-0,686976
7,880000	0,191021	-0,692234
7,890000	0,212054	-0,702751
7,900000	0,233086	-0,708010
7,910000	0,248861	-0,713269
7,920000	0,269894	-0,718527
7,930000	0,290926	-0,718527
7,940000	0,306701	-0,723786
7,950000	0,332991	-0,729044
7,960000	0,348766	-0,729044
7,970000	0,364540	-0,734303
7,980000	0,385573	-0,729044
7,990000	0,406606	-0,729044
8,000000	0,422380	-0,734303
8,010000	0,443413	-0,729044
8,020000	0,459187	-0,729044
8,030000	0,474962	-0,723786
8,040000	0,495994	-0,718527
8,050000	0,506511	-0,718527
8,060000	0,527543	-0,713269
8,070000	0,538060	-0,708010
8,080000	0,559092	-0,702751
8,090000	0,574867	-0,697493
8,100000	0,585383	-0,692234
8,110000	0,595900	-0,681717
8,120000	0,611674	-0,671200
8,130000	0,622190	-0,660683
8,140000	0,637965	-0,650166
8,150000	0,648481	-0,639649
8,160000	0,653739	-0,629132
8,170000	0,669514	-0,618614
8,180000	0,674772	-0,608097
8,190000	0,685288	-0,597580
8,200000	0,690546	-0,587063
8,210000	0,695805	-0,576546
8,220000	0,706321	-0,566029
8,230000	0,711579	-0,550253
8,240000	0,716837	-0,539736
8,250000	0,722095	-0,518702
8,260000	0,727354	-0,502926
8,270000	0,727354	-0,487150
8,280000	0,727354	-0,471375
8,290000	0,732612	-0,455599
8,300000	0,732612	-0,434565
8,310000	0,732612	-0,413531
8,320000	0,732612	-0,397755
8,330000	0,732612	-0,381979
8,340000	0,727354	-0,366203
8,350000	0,722095	-0,345169
8,360000	0,722095	-0,329394
8,370000	0,716837	-0,313618
8,380000	0,711579	-0,297842
8,390000	0,706321	-0,276808
8,400000	0,701063	-0,255774
8,410000	0,690546	-0,239998
8,420000	0,685288	-0,224222
8,430000	0,674772	-0,203188
8,440000	0,669514	-0,187412
8,450000	0,658997	-0,166378
8,460000	0,648481	-0,150602
8,470000	0,637965	-0,124310
8,480000	0,627448	-0,108534
8,490000	0,611674	-0,087500
8,500000	0,601158	-0,066465
8,510000	0,585383	-0,050690
8,520000	0,574867	-0,029655
8,530000	0,559092	-0,013880
8,540000	0,543318	0,007154
8,550000	0,527543	0,022930
8,560000	0,517027	0,043964
8,570000	0,495994	0,059740
8,580000	0,480220	0,080774
8,590000	0,464445	0,096550
8,600000	0,448671	0,112326
8,610000	0,427638	0,128101
8,620000	0,411864	0,143877
8,630000	0,396089	0,164911
8,640000	0,375057	0,175428
8,650000	0,359282	0,191204
8,660000	0,338250	0,201721
8,670000	0,322475	0,217497
8,680000	0,301442	0,233273
8,690000	0,280410	0,243790
8,700000	0,264635	0,254307
8,710000	0,243603	0,264824
8,720000	0,222570	0,275341
8,730000	0,201537	0,280600
8,740000	0,185763	0,291117
8,750000	0,164730	0,296375
8,760000	0,143698	0,306893
8,770000	0,127923	0,312151
8,780000	0,106890	0,317410
8,790000	0,085858	0,322668
8,800000	0,064825	0,327927
8,810000	0,049051	0,333185
8,820000	0,028018	0,338444
8,830000	0,012244	0,338444
8,840000	-0,008789	0,343702
8,850000	-0,029822	0,348961
8,860000	-0,050854	0,348961
8,870000	-0,066629	0,354220
8,880000	-0,082403	0,359478
8,890000	-0,103436	0,354220
8,900000	-0,119210	0,348961
8,910000	-0,134985	0,348961
8,920000	-0,150759	0,348961
8,930000	-0,166534	0,348961
8,940000	-0,177050	0,343702
8,950000	-0,192825	0,338444
8,960000	-0,208599	0,338444
8,970000	-0,224374	0,327927
8,980000	-0,234890	0,322668
8,990000	-0,250664	0,312151
9,000000	-0,261181	0,306893
9,010000	-0,271697	0,296375
9,020000	-0,282213	0,285858
9,030000	-0,292730	0,270083
9,040000	-0,303246	0,259565
9,050000	-0,313762	0,249048
9,060000	-0,324279	0,233273
9,070000	-0,329537	0,217497
9,080000	-0,334795	0,201721
9,090000	-0,340053	0,185946
9,100000	-0,350570	0,170170
9,110000	-0,350570	0,154394
9,120000	-0,361086	0,138619
9,130000	-0,366344	0,122843
9,140000	-0,366344	0,101809
9,150000	-0,371602	0,091291
9,160000	-0,371602	0,070257
9,170000	-0,376860	0,054482
9,180000	-0,376860	0,033447
9,190000	-0,376860	0,017672
9,200000	-0,376860	-0,003363
9,210000	-0,376860	-0,024397
9,220000	-0,371602	-0,045431
9,230000	-0,371602	-0,061207
9,240000	-0,366344	-0,082241
9,250000	-0,366344	-0,103275
9,260000	-0,355828	-0,124310
9,270000	-0,355828	-0,145344
9,280000	-0,355828	-0,161120
9,290000	-0,345311	-0,176895
9,300000	-0,340053	-0,197929
9,310000	-0,334795	-0,224222
9,320000	-0,324279	-0,245257
9,330000	-0,313762	-0,261032
9,340000	-0,308504	-0,287325
9,350000	-0,297988	-0,303101
9,360000	-0,287472	-0,324135
9,370000	-0,276955	-0,345169
9,380000	-0,266439	-0,366203
9,390000	-0,255923	-0,387238
9,400000	-0,240148	-0,408272
9,410000	-0,224374	-0,429306
9,420000	-0,213857	-0,445082
9,430000	-0,198083	-0,460858
9,440000	-0,182308	-0,481892
9,450000	-0,171792	-0,497668
9,460000	-0,156018	-0,513443
9,470000	-0,140243	-0,534477
9,480000	-0,119210	-0,550253
9,490000	-0,103436	-0,566029
9,500000	-0,087661	-0,576546
9,510000	-0,071887	-0,597580
9,520000	-0,056113	-0,613356
9,530000	-0,035080	-0,623873
9,540000	-0,019305	-0,639649
9,550000	-0,003531	-0,655424
9,560000	0,017502	-0,665942
9,570000	0,033276	-0,676459
9,580000	0,054309	-0,692234
9,590000	0,070083	-0,702751
9,600000	0,091116	-0,713269
9,610000	0,106890	-0,723786
9,620000	0,127923	-0,734303
9,630000	0,143698	-0,744820
9,640000	0,164730	-0,755337
9,650000	0,185763	-0,760596
9,660000	0,201537	-0,765854
9,670000	0,222570	-0,776371
9,680000	0,233086	-0,781630
9,690000	0,254119	-0,781630
9,700000	0,275152	-0,786888
9,710000	0,290926	-0,792147
9,720000	0,306701	-0,792147
9,730000	0,327733	-0,792147
9,740000	0,343508	-0,797406
9,750000	0,359282	-0,802664
9,760000	0,380315	-0,797406
9,770000	0,396089	-0,802664
9,780000	0,411864	-0,797406
9,790000	0,427638	-0,797406
9,800000	0,443413	-0,792147
9,810000	0,459187	-0,786888
9,820000	0,474962	-0,781630
9,830000	0,485478	-0,781630
9,840000	0,501253	-0,776371
9,850000	0,517027	-0,765854
9,860000	0,522285	-0,755337
9,870000	0,538060	-0,750079
9,880000	0,548576	-0,739561
9,890000	0,564351	-0,734303
9,900000	0,574867	-0,718527
9,910000	0,585383	-0,713269
9,920000	0,595900	-0,702751
9,930000	0,601158	-0,692234
9,940000	0,611674	-0,681717
9,950000	0,616932	-0,665942
9,960000	0,632707	-0,650166
9,970000	0,637965	-0,634390
9,980000	0,643223	-0,618614
9,990000	0,648481	-0,608097
10,000000	0,658997	-0,587063
10,010000	0,658997	-0,571287
10,020000	0,664256	-0,555512
10,030000	0,664256	-0,539736
10,040000	0,669514	-0,523960
10,050000	0,674772	-0,508185
10,060000	0,674772	-0,487150
10,070000	0,674772	-0,466116
10,080000	0,674772	-0,445082
10,090000	0,674772	-0,429306
10,100000	0,669514	-0,408272
10,110000	0,674772	-0,387238
10,120000	0,669514	-0,371462
10,130000	0,664256	-0,355686
10,140000	0,658997	-0,334652
10,150000	0,653739	-0,313618
10,160000	0,648481	-0,292584
10,170000	0,643223	-0,271549
10,180000	0,637965	-0,250515
10,190000	0,632707	-0,229481
10,200000	0,622190	-0,208447
10,210000	0,616932	-0,187412
10,220000	0,606416	-0,166378
10,230000	0,595900	-0,150602
10,240000	0,590641	-0,129568
10,250000	0,580125	-0,108534
10,260000	0,569609	-0,087500
10,270000	0,559092	-0,066465
10,280000	0,543318	-0,050690
10,290000	0,532802	-0,024397
10,300000	0,517027	-0,008621
10,310000	0,506511	0,012413
10,320000	0,490736	0,033447
10,330000	0,480220	0,054482
10,340000	0,469704	0,075516
10,350000	0,453929	0,091291
10,360000	0,432897	0,112326
10,370000	0,417122	0,128101
10,380000	0,406606	0,143877
10,390000	0,390831	0,164911
10,400000	0,375057	0,180687
10,410000	0,359282	0,196463
10,420000	0,343508	0,212238
10,430000	0,322475	0,217497
10,440000	0,306701	0,238531
10,450000	0,290926	0,243790
10,460000	0,269894	0,259565
10,470000	0,254119	0,270083
10,480000	0,238345	0,280600
10,490000	0,217312	0,296375
10,500000	0,206796	0,306893
10,510000	0,185763	0,317410
10,520000	0,169988	0,327927
10,530000	0,148956	0,338444
10,540000	0,133181	0,343702
10,550000	0,117407	0,354220
10,560000	0,101632	0,359478
10,570000	0,085858	0,364737
10,580000	0,064825	0,369995
10,590000	0,043793	0,375254
10,600000	0,028018	0,375254
10,610000	0,012244	0,385771
10,620000	-0,008789	0,380512
10,630000	-0,024564	0,385771
10,640000	-0,040338	0,385771
10,650000	-0,056113	0,385771
10,660000	-0,071887	0,385771
10,670000	-0,087661	0,380512
10,680000	-0,103436	0,380512
10,690000	-0,113952	0,380512
10,700000	-0,129727	0,369995
10,710000	-0,145501	0,364737
10,720000	-0,156018	0,364737
10,730000	-0,166534	0,359478
10,740000	-0,177050	0,354220
10,750000	-0,192825	0,348961
10,760000	-0,203341	0,338444
10,770000	-0,213857	0,333185
10,780000	-0,224374	0,322668
10,790000	-0,234890	0,312151
10,800000	-0,245406	0,301634
10,810000	-0,255923	0,291117
10,820000	-0,261181	0,275341
10,830000	-0,271697	0,264824
10,840000	-0,276955	0,254307
10,850000	-0,282213	0,233273
10,860000	-0,292730	0,222756
10,870000	-0,297988	0,206980
10,880000	-0,297988	0,185946
10,890000	-0,303246	0,170170
10,900000	-0,308504	0,159653
10,910000	-0,313762	0,138619
10,920000	-0,308504	0,117584
10,930000	-0,313762	0,101809
10,940000	-0,313762	0,080774
10,950000	-0,319021	0,059740
10,960000	-0,319021	0,043964
10,970000	-0,319021	0,022930
10,980000	-0,319021	0,001896
10,990000	-0,313762	-0,019138
11,000000	-0,313762	-0,040173
11,010000	-0,308504	-0,055948
11,020000	-0,313762	-0,082241
11,030000	-0,308504	-0,098017
11,040000	-0,303246	-0,119051
11,050000	-0,297988	-0,145344
11,060000	-0,287472	-0,161120
11,070000	-0,282213	-0,187412
11,080000	-0,276955	-0,203188
11,090000	-0,271697	-0,229481
11,100000	-0,261181	-0,250515
11,110000	-0,255923	-0,276808
11,120000	-0,245406	-0,297842
11,130000	-0,234890	-0,318876
11,140000	-0,224374	-0,345169
11,150000	-0,213857	-0,366203
11,160000	-0,208599	-0,387238
11,170000	-0,192825	-0,408272
11,180000	-0,182308	-0,429306
11,190000	-0,171792	-0,450340
11,200000	-0,156018	-0,471375
11,210000	-0,145501	-0,487150
11,220000	-0,134985	-0,502926
11,230000	-0,119210	-0,523960
11,240000	-0,103436	-0,539736
11,250000	-0,087661	-0,560770
11,260000	-0,071887	-0,581805
11,270000	-0,061371	-0,602839
11,280000	-0,050854	-0,613356
11,290000	-0,035080	-0,634390
11,300000	-0,014047	-0,650166
11,310000	0,001727	-0,660683
11,320000	0,017502	-0,676459
11,330000	0,033276	-0,692234
11,340000	0,049051	-0,702751
11,350000	0,064825	-0,718527
11,360000	0,080600	-0,734303
11,370000	0,096374	-0,744820
11,380000	0,112149	-0,755337
11,390000	0,127923	-0,765854
11,400000	0,143698	-0,776371
11,410000	0,164730	-0,786888
11,420000	0,180505	-0,792147
11,430000	0,196279	-0,802664
11,440000	0,212054	-0,813181
11,450000	0,227828	-0,818440
11,460000	0,243603	-0,823698
11,470000	0,259377	-0,828957
11,480000	0,275152	-0,834216
11,490000	0,290926	-0,834216
11,500000	0,306701	-0,844733
11,510000	0,322475	-0,844733
11,520000	0,338250	-0,844733
11,530000	0,354024	-0,844733
11,540000	0,364540	-0,844733
11,550000	0,380315	-0,844733
11,560000	0,390831	-0,839474
11,570000	0,406606	-0,834216
11,580000	0,422380	-0,834216
11,590000	0,432897	-0,828957
11,600000	0,448671	-0,823698
11,610000	0,459187	-0,818440
11,620000	0,469704	-0,813181
11,630000	0,480220	-0,802664
11,640000	0,495994	-0,797406
11,650000	0,506511	-0,786888
11,660000	0,517027	-0,776371
11,670000	0,522285	-0,765854
11,680000	0,532802	-0,755337
11,690000	0,543318	-0,744820
11,700000	0,548576	-0,734303
11,710000	0,559092	-0,718527
11,720000	0,564351	-0,702751
11,730000	0,569609	-0,686976
11,740000	0,574867	-0,671200
11,750000	0,580125	-0,655424
11,760000	0,585383	-0,639649
11,770000	0,590641	-0,618614
11,780000	0,595900	-0,608097
11,790000	0,601158	-0,592322
11,800000	0,601158	-0,571287
11,810000	0,601158	-0,550253
11,820000	0,606416	-0,534477
11,830000	0,601158	-0,518702
11,840000	0,606416	-0,497668
11,850000	0,606416	-0,476633
11,860000	0,606416	-0,460858
11,870000	0,606416	-0,439823
11,880000	0,606416	-0,418789
11,890000	0,601158	-0,403013
11,900000	0,601158	-0,381979
11,910000	0,595900	-0,355686
11,920000	0,590641	-0,334652
11,930000	0,585383	-0,313618
11,940000	0,580125	-0,292584
11,950000	0,574867	-0,276808
11,960000	0,569609	-0,250515
11,970000	0,564351	-0,229481
11,980000	0,553834	-0,208447
11,990000	0,548576	-0,187412
12,000000	0,543318	-0,161120
12,010000	0,532802	-0,140085
12,020000	0,522285	-0,119051
12,030000	0,511769	-0,098017
12,040000	0,501253	-0,076983
12,050000	0,490736	-0,050690
12,060000	0,480220	-0,029655
12,070000	0,469704	-0,008621
12,080000	0,453929	0,012413
12,090000	0,443413	0,033447
12,100000	0,432897	0,059740
12,110000	0,417122	0,080774
12,120000	0,406606	0,101809
12,130000	0,390831	0,122843
12,140000	0,380315	0,143877
12,150000	0,364540	0,164911
12,160000	0,348766	0,185946
12,170000	0,338250	0,201721
12,180000	0,322475	0,217497
12,190000	0,311959	0,233273
12,200000	0,290926	0,254307
12,210000	0,280410	0,270083
12,220000	0,264635	0,285858
12,230000	0,248861	0,301634
12,240000	0,233086	0,312151
12,250000	0,217312	0,327927
12,260000	0,201537	0,338444
12,270000	0,185763	0,348961
12,280000	0,175247	0,369995
12,290000	0,159472	0,375254
12,300000	0,143698	0,385771
12,310000	0,127923	0,396288
12,320000	0,112149	0,406805
12,330000	0,096374	0,412064
12,340000	0,080600	0,422581
12,350000	0,070083	0,427839
12,360000	0,054309	0,433098
12,370000	0,038534	0,438357
12,380000	0,022760	0,443615
12,390000	0,012244	0,443615
12,400000	-0,003531	0,448874
12,410000	-0,019305	0,448874
12,420000	-0,029822	0,454132
12,430000	-0,045596	0,454132
12,440000	-0,056113	0,448874
12,450000	-0,071887	0,448874
12,460000	-0,082403	0,454132
12,470000	-0,092920	0,448874
12,480000	-0,108694	0,443615
12,490000	-0,113952	0,443615
12,500000	-0,124469	0,433098
12,510000	-0,134985	0,427839
12,520000	-0,150759	0,417322
12,530000	-0,156018	0,406805
12,540000	-0,166534	0,401547
12,550000	-0,177050	0,385771
12,560000	-0,187567	0,380512
12,570000	-0,198083	0,369995
12,580000	-0,203341	0,354220
12,590000	-0,208599	0,343702
12,600000	-0,213857	0,333185
12,610000	-0,219116	0,322668
12,620000	-0,229632	0,301634
12,630000	-0,234890	0,291117
12,640000	-0,234890	0,270083
12,650000	-0,240148	0,254307
12,660000	-0,245406	0,238531
12,670000	-0,250664	0,222756
12,680000	-0,250664	0,201721
12,690000	-0,255923	0,180687
12,700000	-0,250664	0,164911
12,710000	-0,255923	0,143877
12,720000	-0,250664	0,122843
12,730000	-0,250664	0,107067
12,740000	-0,250664	0,086033
12,750000	-0,250664	0,064999
12,760000	-0,250664	0,043964
12,770000	-0,245406	0,017672
12,780000	-0,245406	0,001896
12,790000	-0,240148	-0,024397
12,800000	-0,240148	-0,045431
12,810000	-0,234890	-0,071724
12,820000	-0,229632	-0,092758
12,830000	-0,224374	-0,119051
12,840000	-0,213857	-0,140085
12,850000	-0,208599	-0,166378
12,860000	-0,203341	-0,187412
12,870000	-0,198083	-0,213705
12,880000	-0,192825	-0,234739
12,890000	-0,182308	-0,255774
12,900000	-0,177050	-0,282066
12,910000	-0,166534	-0,303101
12,920000	-0,156018	-0,324135
12,930000	-0,145501	-0,350428
12,940000	-0,134985	-0,371462
12,950000	-0,129727	-0,392496
12,960000	-0,113952	-0,413531
12,970000	-0,108694	-0,434565
12,980000	-0,098178	-0,460858
12,990000	-0,082403	-0,481892
13,000000	-0,071887	-0,502926
13,010000	-0,061371	-0,523960
13,020000	-0,045596	-0,539736
13,030000	-0,035080	-0,566029
13,040000	-0,024564	-0,581805
13,050000	-0,008789	-0,602839
13,060000	0,006985	-0,618614
13,070000	0,022760	-0,639649
13,080000	0,033276	-0,655424
13,090000	0,049051	-0,671200
13,100000	0,064825	-0,692234
13,110000	0,075342	-0,702751
13,120000	0,091116	-0,718527
13,130000	0,101632	-0,734303
13,140000	0,117407	-0,750079
13,150000	0,133181	-0,765854
13,160000	0,143698	-0,776371
13,170000	0,159472	-0,786888
13,180000	0,175247	-0,797406
13,190000	0,191021	-0,807923
13,200000	0,201537	-0,818440
13,210000	0,217312	-0,823698
13,220000	0,233086	-0,834216
13,230000	0,243603	-0,839474
13,240000	0,259377	-0,844733
13,250000	0,269894	-0,849991
13,260000	0,280410	-0,855250
13,270000	0,296184	-0,855250
13,280000	0,311959	-0,860508
13,290000	0,322475	-0,865767
13,300000	0,332991	-0,865767
13,310000	0,348766	-0,865767
13,320000	0,359282	-0,865767
13,330000	0,369799	-0,865767
13,340000	0,385573	-0,865767
13,350000	0,396089	-0,860508
13,360000	0,401348	-0,860508
13,370000	0,411864	-0,855250
13,380000	0,427638	-0,849991
13,390000	0,432897	-0,844733
13,400000	0,443413	-0,839474
13,410000	0,448671	-0,834216
13,420000	0,453929	-0,823698
13,430000	0,459187	-0,813181
13,440000	0,469704	-0,802664
13,450000	0,480220	-0,792147
13,460000	0,485478	-0,781630
13,470000	0,495994	-0,765854
13,480000	0,495994	-0,760596
13,490000	0,506511	-0,744820
13,500000	0,511769	-0,734303
13,510000	0,511769	-0,713269
13,520000	0,517027	-0,702751
13,530000	0,527543	-0,686976
13,540000	0,527543	-0,665942
13,550000	0,527543	-0,644907
13,560000	0,532802	-0,629132
13,570000	0,532802	-0,613356
13,580000	0,532802	-0,592322
13,590000	0,532802	-0,576546
13,600000	0,532802	-0,555512
13,610000	0,532802	-0,534477
13,620000	0,532802	-0,518702
13,630000	0,532802	-0,497668
13,640000	0,527543	-0,471375
13,650000	0,527543	-0,450340
13,660000	0,527543	-0,429306
13,670000	0,522285	-0,403013
13,680000	0,522285	-0,381979
13,690000	0,517027	-0,360945
13,700000	0,511769	-0,339911
13,710000	0,506511	-0,318876
13,720000	0,501253	-0,292584
13,730000	0,495994	-0,266291
13,740000	0,490736	-0,245257
13,750000	0,485478	-0,218964
13,760000	0,480220	-0,197929
13,770000	0,474962	-0,171637
13,780000	0,464445	-0,145344
13,790000	0,459187	-0,124310
13,800000	0,448671	-0,103275
13,810000	0,443413	-0,076983
13,820000	0,427638	-0,055948
13,830000	0,422380	-0,034914
13,840000	0,417122	-0,008621
13,850000	0,401348	0,017672
13,860000	0,390831	0,043964
13,870000	0,380315	0,064999
13,880000	0,369799	0,086033
13,890000	0,364540	0,107067
13,900000	0,348766	0,128101
13,910000	0,338250	0,149136
13,920000	0,327733	0,170170
13,930000	0,317217	0,191204
13,940000	0,301442	0,212238
13,950000	0,290926	0,233273
13,960000	0,280410	0,254307
13,970000	0,264635	0,270083
13,980000	0,254119	0,291117
13,990000	0,238345	0,306893
14,000000	0,227828	0,322668
14,010000	0,212054	0,338444
14,020000	0,196279	0,354220
14,030000	0,185763	0,364737
14,040000	0,169988	0,380512
14,050000	0,159472	0,391030
14,060000	0,148956	0,406805
14,070000	0,133181	0,417322
14,080000	0,122665	0,427839
14,090000	0,106890	0,438357
14,100000	0,096374	0,448874
14,110000	0,085858	0,459391
14,120000	0,075342	0,469908
14,130000	0,059567	0,475167
14,140000	0,049051	0,480425
14,150000	0,033276	0,485684
14,160000	0,022760	0,490942
14,170000	0,012244	0,490942
14,180000	0,001727	0,490942
14,190000	-0,008789	0,490942
14,200000	-0,024564	0,490942
14,210000	-0,035080	0,490942
14,220000	-0,040338	0,485684
14,230000	-0,056113	0,485684
14,240000	-0,066629	0,480425
14,250000	-0,071887	0,480425
14,260000	-0,082403	0,475167
14,270000	-0,092920	0,464649
14,280000	-0,098178	0,459391
14,290000	-0,108694	0,454132
14,300000	-0,113952	0,443615
14,310000	-0,119210	0,433098
14,320000	-0,129727	0,422581
14,330000	-0,134985	0,412064
14,340000	-0,140243	0,401547
14,350000	-0,145501	0,391030
14,360000	-0,145501	0,375254
14,370000	-0,150759	0,364737
14,380000	-0,156018	0,354220
14,390000	-0,161276	0,338444
14,400000	-0,166534	0,322668
14,410000	-0,166534	0,306893
14,420000	-0,171792	0,285858
14,430000	-0,177050	0,270083
14,440000	-0,177050	0,254307
14,450000	-0,177050	0,233273
14,460000	-0,177050	0,212238
14,470000	-0,182308	0,196463
14,480000	-0,177050	0,175428
14,490000	-0,182308	0,159653
14,500000	-0,177050	0,138619
14,510000	-0,182308	0,117584
14,520000	-0,177050	0,096550
14,530000	-0,177050	0,070257
14,540000	-0,171792	0,049223
14,550000	-0,166534	0,022930
14,560000	-0,161276	-0,003363
14,570000	-0,161276	-0,029655
14,580000	-0,156018	-0,050690
14,590000	-0,156018	-0,071724
14,600000	-0,150759	-0,103275
14,610000	-0,145501	-0,124310
14,620000	-0,140243	-0,150602
14,630000	-0,134985	-0,171637
14,640000	-0,129727	-0,197929
14,650000	-0,119210	-0,224222
14,660000	-0,113952	-0,250515
14,670000	-0,108694	-0,276808
14,680000	-0,098178	-0,303101
14,690000	-0,087661	-0,324135
14,700000	-0,082403	-0,355686
14,710000	-0,071887	-0,376721
14,720000	-0,061371	-0,403013
14,730000	-0,050854	-0,424048
14,740000	-0,045596	-0,445082
14,750000	-0,035080	-0,471375
14,760000	-0,024564	-0,492409
14,770000	-0,014047	-0,518702
14,780000	0,001727	-0,539736
14,790000	0,012244	-0,560770
14,800000	0,022760	-0,581805
14,810000	0,028018	-0,602839
14,820000	0,038534	-0,618614
14,830000	0,049051	-0,639649
14,840000	0,064825	-0,660683
14,850000	0,075342	-0,676459
14,860000	0,085858	-0,692234
14,870000	0,096374	-0,713269
14,880000	0,112149	-0,723786
14,890000	0,122665	-0,744820
14,900000	0,138439	-0,755337
14,910000	0,143698	-0,771113
14,920000	0,154214	-0,781630
14,930000	0,169988	-0,792147
14,940000	0,180505	-0,807923
14,950000	0,191021	-0,818440
14,960000	0,206796	-0,828957
14,970000	0,217312	-0,839474
14,980000	0,227828	-0,849991
14,990000	0,238345	-0,860508
15,000000	0,254119	-0,865767
15,010000	0,264635	-0,876284
15,020000	0,275152	-0,881543
15,030000	0,290926	-0,886801
15,040000	0,296184	-0,892060
15,050000	0,306701	-0,897318
15,060000	0,317217	-0,897318
15,070000	0,327733	-0,902577
15,080000	0,338250	-0,902577
15,090000	0,343508	-0,902577
15,100000	0,354024	-0,902577
15,110000	0,364540	-0,902577
15,120000	0,375057	-0,897318
15,130000	0,385573	-0,892060
15,140000	0,390831	-0,892060
15,150000	0,401348	-0,886801
15,160000	0,401348	-0,881543
15,170000	0,411864	-0,871025
15,180000	0,417122	-0,860508
15,190000	0,422380	-0,855250
15,200000	0,432897	-0,844733
15,210000	0,438155	-0,839474
15,220000	0,438155	-0,823698
15,230000	0,448671	-0,818440
15,240000	0,448671	-0,807923
15,250000	0,453929	-0,792147
15,260000	0,459187	-0,776371
15,270000	0,459187	-0,760596
15,280000	0,464445	-0,744820
15,290000	0,464445	-0,734303
15,300000	0,469704	-0,718527
15,310000	0,469704	-0,702751
15,320000	0,469704	-0,686976
15,330000	0,474962	-0,665942
15,340000	0,480220	-0,644907
15,350000	0,474962	-0,629132
15,360000	0,480220	-0,613356
15,370000	0,480220	-0,592322
15,380000	0,474962	-0,571287
15,390000	0,474962	-0,550253
15,400000	0,469704	-0,523960
15,410000	0,469704	-0,502926
15,420000	0,464445	-0,481892
15,430000	0,464445	-0,455599
15,440000	0,459187	-0,434565
15,450000	0,453929	-0,408272
15,460000	0,448671	-0,387238
15,470000	0,448671	-0,355686
15,480000	0,443413	-0,329394
15,490000	0,438155	-0,308359
15,500000	0,427638	-0,282066
15,510000	0,422380	-0,255774
15,520000	0,417122	-0,229481
15,530000	0,411864	-0,203188
15,540000	0,406606	-0,176895
15,550000	0,396089	-0,150602
15,560000	0,390831	-0,124310
15,570000	0,385573	-0,098017
15,580000	0,369799	-0,076983
15,590000	0,364540	-0,055948
15,600000	0,359282	-0,034914
15,610000	0,348766	-0,008621
15,620000	0,338250	0,017672
15,630000	0,327733	0,038706
15,640000	0,317217	0,064999
15,650000	0,306701	0,086033
15,660000	0,301442	0,107067
15,670000	0,290926	0,128101
15,680000	0,280410	0,149136
15,690000	0,269894	0,170170
15,700000	0,259377	0,191204
15,710000	0,248861	0,212238
15,720000	0,238345	0,228014
15,730000	0,227828	0,249048
15,740000	0,222570	0,270083
15,750000	0,206796	0,285858
15,760000	0,196279	0,301634
15,770000	0,185763	0,322668
15,780000	0,175247	0,338444
15,790000	0,164730	0,354220
15,800000	0,154214	0,369995
15,810000	0,143698	0,380512
15,820000	0,133181	0,391030
15,830000	0,122665	0,412064
15,840000	0,112149	0,422581
15,850000	0,096374	0,433098
15,860000	0,091116	0,448874
15,870000	0,080600	0,459391
15,880000	0,070083	0,464649
15,890000	0,059567	0,475167
15,900000	0,049051	0,485684
15,910000	0,038534	0,485684
15,920000	0,033276	0,496201
15,930000	0,022760	0,501459
15,940000	0,012244	0,501459
15,950000	0,001727	0,506718
15,960000	-0,008789	0,506718
15,970000	-0,019305	0,506718
15,980000	-0,024564	0,506718
15,990000	-0,035080	0,506718
16,000000	-0,040338	0,506718
16,010000	-0,045596	0,506718
16,020000	-0,056113	0,506718
16,030000	-0,056113	0,501459
16,040000	-0,066629	0,501459
16,050000	-0,071887	0,496201
16,060000	-0,077145	0,485684
16,070000	-0,082403	0,480425
16,080000	-0,087661	0,469908
16,090000	-0,092920	0,464649
16,100000	-0,098178	0,454132
16,110000	-0,103436	0,443615
16,120000	-0,108694	0,427839
16,130000	-0,113952	0,417322
16,140000	-0,113952	0,406805
16,150000	-0,113952	0,391030
16,160000	-0,119210	0,375254
16,170000	-0,119210	0,359478
16,180000	-0,124469	0,343702
16,190000	-0,124469	0,322668
16,200000	-0,124469	0,306893
16,210000	-0,124469	0,291117
16,220000	-0,124469	0,270083
16,230000	-0,124469	0,254307
16,240000	-0,119210	0,233273
16,250000	-0,119210	0,212238
16,260000	-0,119210	0,191204
16,270000	-0,119210	0,170170
16,280000	-0,113952	0,149136
16,290000	-0,113952	0,122843
16,300000	-0,108694	0,101809
16,310000	-0,103436	0,075516
16,320000	-0,103436	0,054482
16,330000	-0,103436	0,028189
16,340000	-0,098178	0,007154
16,350000	-0,092920	-0,024397
16,360000	-0,082403	-0,045431
16,370000	-0,082403	-0,071724
16,380000	-0,077145	-0,098017
16,390000	-0,066629	-0,124310
16,400000	-0,066629	-0,150602
16,410000	-0,061371	-0,176895
16,420000	-0,050854	-0,203188
16,430000	-0,045596	-0,229481
16,440000	-0,040338	-0,255774
16,450000	-0,029822	-0,282066
16,460000	-0,019305	-0,308359
16,470000	-0,014047	-0,329394
16,480000	-0,003531	-0,355686
16,490000	0,001727	-0,376721
16,500000	0,012244	-0,403013
16,510000	0,022760	-0,429306
16,520000	0,028018	-0,455599
16,530000	0,033276	-0,481892
16,540000	0,043793	-0,502926
16,550000	0,054309	-0,529219
16,560000	0,059567	-0,550253
16,570000	0,070083	-0,571287
16,580000	0,080600	-0,597580
16,590000	0,091116	-0,613356
16,600000	0,101632	-0,639649
16,610000	0,112149	-0,655424
16,620000	0,122665	-0,681717
16,630000	0,127923	-0,697493
16,640000	0,138439	-0,723786
16,650000	0,154214	-0,739561
16,660000	0,159472	-0,755337
16,670000	0,169988	-0,771113
16,680000	0,180505	-0,792147
16,690000	0,191021	-0,802664
16,700000	0,201537	-0,818440
16,710000	0,206796	-0,834216
16,720000	0,217312	-0,844733
16,730000	0,227828	-0,860508
16,740000	0,238345	-0,865767
16,750000	0,243603	-0,876284
16,760000	0,254119	-0,881543
16,770000	0,259377	-0,892060
16,780000	0,269894	-0,902577
16,790000	0,275152	-0,907835
16,800000	0,285668	-0,913094
16,810000	0,290926	-0,918353
16,820000	0,301442	-0,918353
16,830000	0,306701	-0,918353
16,840000	0,317217	-0,923611
16,850000	0,327733	-0,923611
16,860000	0,327733	-0,928870
16,870000	0,338250	-0,928870
16,880000	0,343508	-0,928870
16,890000	0,354024	-0,923611
16,900000	0,359282	-0,923611
16,910000	0,364540	-0,923611
16,920000	0,369799	-0,918353
16,930000	0,375057	-0,913094
16,940000	0,380315	-0,913094
16,950000	0,380315	-0,902577
16,960000	0,385573	-0,902577
16,970000	0,390831	-0,892060
16,980000	0,396089	-0,881543
16,990000	0,396089	-0,876284
17,000000	0,396089	-0,865767
17,010000	0,401348	-0,849991
17,020000	0,401348	-0,844733
17,030000	0,401348	-0,828957
17,040000	0,406606	-0,818440
17,050000	0,406606	-0,802664
17,060000	0,406606	-0,792147
17,070000	0,411864	-0,776371
17,080000	0,411864	-0,760596
17,090000	0,411864	-0,739561
17,100000	0,411864	-0,723786
17,110000	0,411864	-0,708010
17,120000	0,406606	-0,686976
17,130000	0,411864	-0,665942
17,140000	0,406606	-0,644907
17,150000	0,406606	-0,623873
17,160000	0,401348	-0,602839
17,170000	0,401348	-0,576546
17,180000	0,396089	-0,555512
17,190000	0,390831	-0,529219
17,200000	0,385573	-0,508185
17,210000	0,385573	-0,481892
17,220000	0,380315	-0,460858
17,230000	0,375057	-0,439823
17,240000	0,369799	-0,408272
17,250000	0,364540	-0,387238
17,260000	0,354024	-0,360945
17,270000	0,348766	-0,339911
17,280000	0,343508	-0,308359
17,290000	0,338250	-0,282066
17,300000	0,332991	-0,261032
17,310000	0,327733	-0,229481
17,320000	0,322475	-0,208447
17,330000	0,317217	-0,176895
17,340000	0,311959	-0,150602
17,350000	0,301442	-0,124310
17,360000	0,290926	-0,098017
17,370000	0,290926	-0,071724
17,380000	0,280410	-0,045431
17,390000	0,269894	-0,019138
17,400000	0,264635	0,007154
17,410000	0,254119	0,033447
17,420000	0,248861	0,054482
17,430000	0,238345	0,080774
17,440000	0,233086	0,101809
17,450000	0,222570	0,122843
17,460000	0,212054	0,149136
17,470000	0,201537	0,170170
17,480000	0,191021	0,191204
17,490000	0,185763	0,212238
17,500000	0,180505	0,238531
17,510000	0,169988	0,259565
17,520000	0,164730	0,275341
17,530000	0,154214	0,301634
17,540000	0,143698	0,312151
17,550000	0,133181	0,333185
17,560000	0,127923	0,348961
17,570000	0,117407	0,369995
17,580000	0,112149	0,380512
17,590000	0,101632	0,396288
17,600000	0,091116	0,412064
17,610000	0,080600	0,427839
17,620000	0,070083	0,438357
17,630000	0,064825	0,454132
17,640000	0,054309	0,459391
17,650000	0,043793	0,469908
17,660000	0,038534	0,480425
17,670000	0,033276	0,490942
17,680000	0,028018	0,501459
17,690000	0,017502	0,506718
17,700000	0,012244	0,517235
17,710000	0,006985	0,517235
17,720000	0,001727	0,527752
17,730000	-0,003531	0,533011
17,740000	-0,008789	0,533011
17,750000	-0,014047	0,533011
17,760000	-0,024564	0,533011
17,770000	-0,029822	0,533011
17,780000	-0,035080	0,533011
17,790000	-0,035080	0,533011
17,800000	-0,045596	0,527752
17,810000	-0,045596	0,522494
17,820000	-0,050854	0,517235
17,830000	-0,050854	0,511976
17,840000	-0,056113	0,506718
17,850000	-0,056113	0,496201
17,860000	-0,061371	0,490942
17,870000	-0,061371	0,480425
17,880000	-0,061371	0,469908
17,890000	-0,061371	0,459391
17,900000	-0,061371	0,448874
17,910000	-0,066629	0,438357
17,920000	-0,066629	0,422581
17,930000	-0,071887	0,412064
17,940000	-0,066629	0,396288
17,950000	-0,066629	0,380512
17,960000	-0,066629	0,364737
17,970000	-0,066629	0,348961
17,980000	-0,061371	0,333185
17,990000	-0,061371	0,312151
18,000000	-0,061371	0,291117
18,010000	-0,061371	0,275341
18,020000	-0,061371	0,254307
18,030000	-0,056113	0,233273
18,040000	-0,050854	0,212238
18,050000	-0,050854	0,191204
18,060000	-0,045596	0,164911
18,070000	-0,040338	0,138619
18,080000	-0,035080	0,112326
18,090000	-0,035080	0,091291
18,100000	-0,024564	0,064999
18,110000	-0,024564	0,043964
18,120000	-0,019305	0,012413
18,130000	-0,014047	-0,008621
18,140000	-0,008789	-0,040173
18,150000	0,001727	-0,061207
18,160000	0,006985	-0,087500
18,170000	0,012244	-0,108534
18,180000	0,017502	-0,134827
18,190000	0,028018	-0,161120
18,200000	0,033276	-0,187412
18,210000	0,038534	-0,213705
18,220000	0,043793	-0,234739
18,230000	0,054309	-0,261032
18,240000	0,059567	-0,287325
18,250000	0,064825	-0,313618
18,260000	0,070083	-0,339911
18,270000	0,080600	-0,360945
18,280000	0,085858	-0,387238
18,290000	0,096374	-0,408272
18,300000	0,101632	-0,434565
18,310000	0,112149	-0,460858
18,320000	0,122665	-0,487150
18,330000	0,127923	-0,513443
18,340000	0,133181	-0,534477
18,350000	0,143698	-0,560770
18,360000	0,154214	-0,587063
18,370000	0,159472	-0,608097
18,380000	0,169988	-0,629132
18,390000	0,169988	-0,650166
18,400000	0,185763	-0,671200
18,410000	0,191021	-0,692234
18,420000	0,196279	-0,713269
18,430000	0,206796	-0,734303
18,440000	0,212054	-0,750079
18,450000	0,217312	-0,765854
18,460000	0,222570	-0,781630
18,470000	0,233086	-0,797406
18,480000	0,238345	-0,813181
18,490000	0,243603	-0,828957
18,500000	0,248861	-0,839474
18,510000	0,259377	-0,849991
18,520000	0,264635	-0,860508
18,530000	0,275152	-0,871025
18,540000	0,280410	-0,881543
18,550000	0,285668	-0,892060
18,560000	0,296184	-0,902577
18,570000	0,296184	-0,913094
18,580000	0,301442	-0,918353
18,590000	0,311959	-0,928870
18,600000	0,311959	-0,928870
18,610000	0,317217	-0,939387
18,620000	0,322475	-0,939387
18,630000	0,327733	-0,944645
18,640000	0,327733	-0,944645
18,650000	0,332991	-0,944645
18,660000	0,338250	-0,949904
18,670000	0,338250	-0,944645
18,680000	0,343508	-0,949904
18,690000	0,343508	-0,949904
18,700000	0,348766	-0,944645
18,710000	0,348766	-0,939387
18,720000	0,348766	-0,934128
18,730000	0,348766	-0,928870
18,740000	0,354024	-0,918353
18,750000	0,354024	-0,913094
18,760000	0,354024	-0,902577
18,770000	0,354024	-0,897318
18,780000	0,359282	-0,881543
18,790000	0,359282	-0,876284
18,800000	0,359282	-0,865767
18,810000	0,354024	-0,849991
18,820000	0,354024	-0,834216
18,830000	0,354024	-0,823698
18,840000	0,354024	-0,807923
18,850000	0,348766	-0,792147
18,860000	0,348766	-0,776371
18,870000	0,348766	-0,755337
18,880000	0,348766	-0,739561
18,890000	0,343508	-0,718527
18,900000	0,338250	-0,692234
18,910000	0,338250	-0,671200
18,920000	0,332991	-0,655424
18,930000	0,332991	-0,629132
18,940000	0,327733	-0,613356
18,950000	0,322475	-0,587063
18,960000	0,311959	-0,566029
18,970000	0,311959	-0,544995
18,980000	0,306701	-0,518702
18,990000	0,301442	-0,497668
19,000000	0,296184	-0,471375
19,010000	0,290926	-0,445082
19,020000	0,280410	-0,418789
19,030000	0,275152	-0,392496
19,040000	0,269894	-0,371462
19,050000	0,264635	-0,345169
19,060000	0,259377	-0,313618
19,070000	0,254119	-0,287325
19,080000	0,248861	-0,261032
19,090000	0,243603	-0,239998
19,100000	0,233086	-0,208447
19,110000	0,227828	-0,187412
19,120000	0,222570	-0,155861
19,130000	0,217312	-0,134827
19,140000	0,206796	-0,113792
19,150000	0,201537	-0,087500
19,160000	0,196279	-0,061207
19,170000	0,180505	-0,034914
19,180000	0,180505	-0,008621
19,190000	0,169988	0,017672
19,200000	0,164730	0,043964
19,210000	0,159472	0,070257
19,220000	0,154214	0,091291
19,230000	0,143698	0,117584
19,240000	0,133181	0,143877
19,250000	0,127923	0,164911
19,260000	0,122665	0,185946
19,270000	0,112149	0,201721
19,280000	0,106890	0,228014
19,290000	0,101632	0,249048
19,300000	0,096374	0,270083
19,310000	0,085858	0,291117
19,320000	0,080600	0,312151
19,330000	0,070083	0,327927
19,340000	0,070083	0,348961
19,350000	0,059567	0,369995
19,360000	0,054309	0,380512
19,370000	0,049051	0,396288
19,380000	0,043793	0,412064
19,390000	0,038534	0,433098
19,400000	0,033276	0,443615
19,410000	0,028018	0,459391
19,420000	0,022760	0,464649
19,430000	0,017502	0,475167
19,440000	0,012244	0,490942
19,450000	0,006985	0,496201
19,460000	0,006985	0,506718
19,470000	0,001727	0,517235
19,480000	-0,003531	0,522494
19,490000	-0,014047	0,527752
19,500000	-0,014047	0,533011
19,510000	-0,019305	0,538269
19,520000	-0,019305	0,538269
19,530000	-0,024564	0,538269
19,540000	-0,024564	0,538269
19,550000	-0,024564	0,538269
19,560000	-0,024564	0,538269
19,570000	-0,024564	0,533011
19,580000	-0,024564	0,527752
19,590000	-0,024564	0,522494
19,600000	-0,029822	0,517235
19,610000	-0,029822	0,511976
19,620000	-0,029822	0,506718
19,630000	-0,029822	0,496201
19,640000	-0,029822	0,485684
19,650000	-0,029822	0,475167
19,660000	-0,024564	0,469908
19,670000	-0,029822	0,459391
19,680000	-0,024564	0,443615
19,690000	-0,024564	0,433098
19,700000	-0,024564	0,422581
19,710000	-0,024564	0,406805
19,720000	-0,019305	0,391030
19,730000	-0,019305	0,380512
19,740000	-0,014047	0,364737
19,750000	-0,008789	0,343702
19,760000	-0,008789	0,327927
19,770000	0,001727	0,312151
19,780000	0,006985	0,291117
19,790000	0,006985	0,264824
19,800000	0,012244	0,249048
19,810000	0,017502	0,228014
19,820000	0,022760	0,201721
19,830000	0,028018	0,180687
19,840000	0,033276	0,159653
19,850000	0,038534	0,133360
19,860000	0,043793	0,107067
19,870000	0,049051	0,080774
19,880000	0,054309	0,054482
19,890000	0,059567	0,033447
19,900000	0,064825	0,001896
19,910000	0,070083	-0,024397
19,920000	0,080600	-0,050690
19,930000	0,085858	-0,076983
19,940000	0,091116	-0,098017
19,950000	0,096374	-0,129568
19,960000	0,106890	-0,155861
19,970000	0,112149	-0,182154
19,980000	0,117407	-0,208447
19,990000	0,122665	-0,234739
