t (s)	U1(V)	U2(V)
0,000000	-0,261181	-0,318876
0,010000	-0,240148	-0,324135
0,020000	-0,213857	-0,334652
0,030000	-0,192825	-0,345169
0,040000	-0,166534	-0,355686
0,050000	-0,140243	-0,366203
0,060000	-0,113952	-0,366203
0,070000	-0,087661	-0,376721
0,080000	-0,061371	-0,387238
0,090000	-0,035080	-0,392496
0,100000	-0,008789	-0,397755
0,110000	0,028018	-0,403013
0,120000	0,054309	-0,413531
0,130000	0,080600	-0,424048
0,140000	0,112149	-0,429306
0,150000	0,143698	-0,434565
0,160000	0,169988	-0,439823
0,170000	0,196279	-0,450340
0,180000	0,227828	-0,455599
0,190000	0,254119	-0,460858
0,200000	0,285668	-0,466116
0,210000	0,311959	-0,471375
0,220000	0,338250	-0,481892
0,230000	0,364540	-0,487150
0,240000	0,396089	-0,487150
0,250000	0,422380	-0,492409
0,260000	0,453929	-0,497668
0,270000	0,474962	-0,497668
0,280000	0,506511	-0,502926
0,290000	0,527543	-0,502926
0,300000	0,553834	-0,508185
0,310000	0,580125	-0,513443
0,320000	0,606416	-0,518702
0,330000	0,632707	-0,518702
0,340000	0,653739	-0,523960
0,350000	0,674772	-0,523960
0,360000	0,701063	-0,529219
0,370000	0,722095	-0,529219
0,380000	0,743128	-0,529219
0,390000	0,764161	-0,529219
0,400000	0,779935	-0,529219
0,410000	0,800968	-0,529219
0,420000	0,816742	-0,529219
0,430000	0,832517	-0,523960
0,440000	0,853549	-0,523960
0,450000	0,869324	-0,523960
0,460000	0,885098	-0,518702
0,470000	0,895615	-0,513443
0,480000	0,906131	-0,513443
0,490000	0,921906	-0,508185
0,500000	0,927164	-0,508185
0,510000	0,937680	-0,502926
0,520000	0,948196	-0,497668
0,530000	0,958713	-0,492409
0,540000	0,963971	-0,487150
0,550000	0,974487	-0,481892
0,560000	0,979745	-0,476633
0,570000	0,979745	-0,471375
0,580000	0,985003	-0,460858
0,590000	0,985003	-0,460858
0,600000	0,985003	-0,455599
0,610000	0,985003	-0,450340
0,620000	0,985003	-0,439823
0,630000	0,985003	-0,434565
0,640000	0,985003	-0,424048
0,650000	0,979745	-0,418789
0,660000	0,974487	-0,413531
0,670000	0,969229	-0,408272
0,680000	0,958713	-0,397755
0,690000	0,953455	-0,387238
0,700000	0,948196	-0,376721
0,710000	0,932422	-0,366203
0,720000	0,921906	-0,360945
0,730000	0,916647	-0,355686
0,740000	0,895615	-0,345169
0,750000	0,885098	-0,334652
0,760000	0,869324	-0,324135
0,770000	0,858808	-0,313618
0,780000	0,843033	-0,303101
0,790000	0,822000	-0,292584
0,800000	0,806226	-0,287325
0,810000	0,790451	-0,276808
0,820000	0,769419	-0,261032
0,830000	0,748386	-0,250515
0,840000	0,727354	-0,239998
0,850000	0,711579	-0,234739
0,860000	0,685288	-0,224222
0,870000	0,664256	-0,213705
0,880000	0,637965	-0,203188
0,890000	0,616932	-0,192671
0,900000	0,590641	-0,182154
0,910000	0,564351	-0,166378
0,920000	0,543318	-0,155861
0,930000	0,511769	-0,145344
0,940000	0,490736	-0,134827
0,950000	0,459187	-0,124310
0,960000	0,432897	-0,113792
0,970000	0,406606	-0,103275
0,980000	0,380315	-0,098017
0,990000	0,348766	-0,087500
1,000000	0,322475	-0,076983
1,010000	0,296184	-0,066465
1,020000	0,269894	-0,055948
1,030000	0,243603	-0,050690
1,040000	0,212054	-0,040173
1,050000	0,185763	-0,029655
1,060000	0,159472	-0,024397
1,070000	0,127923	-0,019138
1,080000	0,101632	-0,008621
1,090000	0,070083	-0,008621
1,100000	0,043793	0,001896
1,110000	0,017502	0,007154
1,120000	-0,008789	0,012413
1,130000	-0,040338	0,017672
1,140000	-0,066629	0,022930
1,150000	-0,092920	0,028189
1,160000	-0,113952	0,028189
1,170000	-0,140243	0,033447
1,180000	-0,166534	0,038706
1,190000	-0,187567	0,038706
1,200000	-0,213857	0,038706
1,210000	-0,234890	0,043964
1,220000	-0,261181	0,043964
1,230000	-0,282213	0,043964
1,240000	-0,308504	0,043964
1,250000	-0,319021	0,038706
1,260000	-0,340053	0,038706
1,270000	-0,361086	0,038706
1,280000	-0,382119	0,033447
1,290000	-0,397893	0,028189
1,300000	-0,413668	0,028189
1,310000	-0,434700	0,017672
1,320000	-0,450475	0,017672
1,330000	-0,466249	0,012413
1,340000	-0,476765	0,007154
1,350000	-0,487282	0,001896
1,360000	-0,503056	-0,003363
1,370000	-0,508314	-0,008621
1,380000	-0,524089	-0,013880
1,390000	-0,534605	-0,019138
1,400000	-0,539863	-0,024397
1,410000	-0,545122	-0,034914
1,420000	-0,560896	-0,040173
1,430000	-0,560896	-0,050690
1,440000	-0,566154	-0,061207
1,450000	-0,571412	-0,071724
1,460000	-0,571412	-0,076983
1,470000	-0,571412	-0,087500
1,480000	-0,571412	-0,098017
1,490000	-0,576671	-0,103275
1,500000	-0,576671	-0,113792
1,510000	-0,571412	-0,124310
1,520000	-0,566154	-0,134827
1,530000	-0,566154	-0,145344
1,540000	-0,560896	-0,155861
1,550000	-0,555638	-0,166378
1,560000	-0,545122	-0,176895
1,570000	-0,539863	-0,187412
1,580000	-0,529347	-0,197929
1,590000	-0,518831	-0,208447
1,600000	-0,513573	-0,224222
1,610000	-0,503056	-0,234739
1,620000	-0,487282	-0,245257
1,630000	-0,476765	-0,255774
1,640000	-0,460991	-0,271549
1,650000	-0,445216	-0,282066
1,660000	-0,429442	-0,292584
1,670000	-0,418926	-0,303101
1,680000	-0,397893	-0,313618
1,690000	-0,382119	-0,329394
1,700000	-0,361086	-0,339911
1,710000	-0,345311	-0,350428
1,720000	-0,319021	-0,360945
1,730000	-0,303246	-0,376721
1,740000	-0,282213	-0,381979
1,750000	-0,261181	-0,392496
1,760000	-0,240148	-0,403013
1,770000	-0,213857	-0,418789
1,780000	-0,192825	-0,429306
1,790000	-0,166534	-0,439823
1,800000	-0,140243	-0,450340
1,810000	-0,119210	-0,460858
1,820000	-0,092920	-0,476633
1,830000	-0,066629	-0,487150
1,840000	-0,045596	-0,492409
1,850000	-0,014047	-0,508185
1,860000	0,017502	-0,513443
1,870000	0,038534	-0,523960
1,880000	0,070083	-0,529219
1,890000	0,096374	-0,539736
1,900000	0,122665	-0,544995
1,910000	0,148956	-0,560770
1,920000	0,175247	-0,560770
1,930000	0,201537	-0,571287
1,940000	0,227828	-0,581805
1,950000	0,254119	-0,587063
1,960000	0,280410	-0,597580
1,970000	0,306701	-0,602839
1,980000	0,332991	-0,602839
1,990000	0,359282	-0,613356
2,000000	0,385573	-0,618614
2,010000	0,411864	-0,618614
2,020000	0,438155	-0,623873
2,030000	0,464445	-0,623873
2,040000	0,490736	-0,629132
2,050000	0,517027	-0,629132
2,060000	0,538060	-0,634390
2,070000	0,559092	-0,634390
2,080000	0,585383	-0,634390
2,090000	0,606416	-0,639649
2,100000	0,627448	-0,639649
2,110000	0,648481	-0,639649
2,120000	0,669514	-0,639649
2,130000	0,690546	-0,639649
2,140000	0,711579	-0,634390
2,150000	0,732612	-0,634390
2,160000	0,748386	-0,629132
2,170000	0,769419	-0,629132
2,180000	0,785193	-0,623873
2,190000	0,800968	-0,618614
2,200000	0,816742	-0,618614
2,210000	0,832517	-0,608097
2,220000	0,843033	-0,602839
2,230000	0,858808	-0,597580
2,240000	0,869324	-0,592322
2,250000	0,879840	-0,587063
2,260000	0,890357	-0,576546
2,270000	0,900873	-0,571287
2,280000	0,906131	-0,566029
2,290000	0,916647	-0,555512
2,300000	0,921906	-0,544995
2,310000	0,927164	-0,534477
2,320000	0,932422	-0,523960
2,330000	0,937680	-0,513443
2,340000	0,937680	-0,502926
2,350000	0,942938	-0,497668
2,360000	0,942938	-0,487150
2,370000	0,942938	-0,471375
2,380000	0,942938	-0,460858
2,390000	0,937680	-0,445082
2,400000	0,932422	-0,434565
2,410000	0,932422	-0,424048
2,420000	0,927164	-0,408272
2,430000	0,916647	-0,397755
2,440000	0,911389	-0,381979
2,450000	0,900873	-0,371462
2,460000	0,895615	-0,355686
2,470000	0,885098	-0,345169
2,480000	0,874582	-0,329394
2,490000	0,864066	-0,313618
2,500000	0,848291	-0,297842
2,510000	0,837775	-0,282066
2,520000	0,827259	-0,266291
2,530000	0,811484	-0,255774
2,540000	0,795710	-0,245257
2,550000	0,774677	-0,229481
2,560000	0,758903	-0,218964
2,570000	0,743128	-0,203188
2,580000	0,722095	-0,187412
2,590000	0,706321	-0,176895
2,600000	0,685288	-0,161120
2,610000	0,664256	-0,145344
2,620000	0,643223	-0,134827
2,630000	0,622190	-0,119051
2,640000	0,601158	-0,108534
2,650000	0,574867	-0,092758
2,660000	0,553834	-0,082241
2,670000	0,527543	-0,071724
2,680000	0,506511	-0,055948
2,690000	0,485478	-0,045431
2,700000	0,459187	-0,034914
2,710000	0,432897	-0,019138
2,720000	0,411864	-0,008621
2,730000	0,385573	0,007154
2,740000	0,359282	0,017672
2,750000	0,332991	0,028189
2,760000	0,306701	0,033447
2,770000	0,280410	0,043964
2,780000	0,259377	0,049223
2,790000	0,227828	0,059740
2,800000	0,201537	0,064999
2,810000	0,175247	0,080774
2,820000	0,148956	0,080774
2,830000	0,127923	0,086033
2,840000	0,096374	0,096550
2,850000	0,070083	0,101809
2,860000	0,049051	0,107067
2,870000	0,022760	0,117584
2,880000	-0,008789	0,117584
2,890000	-0,035080	0,122843
2,900000	-0,056113	0,128101
2,910000	-0,082403	0,128101
2,920000	-0,103436	0,133360
2,930000	-0,129727	0,133360
2,940000	-0,150759	0,133360
2,950000	-0,171792	0,133360
2,960000	-0,192825	0,133360
2,970000	-0,213857	0,138619
2,980000	-0,234890	0,143877
2,990000	-0,255923	0,138619
3,000000	-0,271697	0,138619
3,010000	-0,292730	0,133360
3,020000	-0,313762	0,133360
3,030000	-0,329537	0,122843
3,040000	-0,345311	0,122843
3,050000	-0,361086	0,112326
3,060000	-0,376860	0,107067
3,070000	-0,392635	0,101809
3,080000	-0,408409	0,096550
3,090000	-0,418926	0,091291
3,100000	-0,434700	0,080774
3,110000	-0,450475	0,075516
3,120000	-0,455733	0,070257
3,130000	-0,466249	0,054482
3,140000	-0,476765	0,049223
3,150000	-0,487282	0,038706
3,160000	-0,492540	0,028189
3,170000	-0,497798	0,017672
3,180000	-0,508314	0,007154
3,190000	-0,508314	-0,013880
3,200000	-0,513573	-0,019138
3,210000	-0,513573	-0,034914
3,220000	-0,513573	-0,050690
3,230000	-0,513573	-0,061207
3,240000	-0,518831	-0,071724
3,250000	-0,513573	-0,087500
3,260000	-0,513573	-0,103275
3,270000	-0,513573	-0,119051
3,280000	-0,508314	-0,134827
3,290000	-0,508314	-0,150602
3,300000	-0,503056	-0,166378
3,310000	-0,492540	-0,182154
3,320000	-0,487282	-0,203188
3,330000	-0,482024	-0,218964
3,340000	-0,471507	-0,234739
3,350000	-0,460991	-0,255774
3,360000	-0,450475	-0,266291
3,370000	-0,439958	-0,287325
3,380000	-0,429442	-0,303101
3,390000	-0,413668	-0,318876
3,400000	-0,397893	-0,334652
3,410000	-0,387377	-0,355686
3,420000	-0,371602	-0,371462
3,430000	-0,355828	-0,387238
3,440000	-0,340053	-0,403013
3,450000	-0,324279	-0,424048
3,460000	-0,308504	-0,439823
3,470000	-0,292730	-0,455599
3,480000	-0,271697	-0,471375
3,490000	-0,250664	-0,487150
3,500000	-0,229632	-0,502926
3,510000	-0,213857	-0,513443
3,520000	-0,187567	-0,529219
3,530000	-0,166534	-0,539736
3,540000	-0,145501	-0,550253
3,550000	-0,124469	-0,566029
3,560000	-0,103436	-0,581805
3,570000	-0,077145	-0,592322
3,580000	-0,050854	-0,608097
3,590000	-0,029822	-0,618614
3,600000	-0,008789	-0,629132
3,610000	0,017502	-0,639649
3,620000	0,043793	-0,644907
3,630000	0,064825	-0,655424
3,640000	0,091116	-0,660683
3,650000	0,117407	-0,671200
3,660000	0,143698	-0,681717
3,670000	0,164730	-0,686976
3,680000	0,191021	-0,702751
3,690000	0,217312	-0,708010
3,700000	0,238345	-0,713269
3,710000	0,264635	-0,723786
3,720000	0,290926	-0,729044
3,730000	0,311959	-0,734303
3,740000	0,338250	-0,739561
3,750000	0,359282	-0,744820
3,760000	0,385573	-0,750079
3,770000	0,406606	-0,755337
3,780000	0,432897	-0,755337
3,790000	0,453929	-0,755337
3,800000	0,480220	-0,755337
3,810000	0,501253	-0,755337
3,820000	0,522285	-0,755337
3,830000	0,543318	-0,750079
3,840000	0,564351	-0,750079
3,850000	0,585383	-0,750079
3,860000	0,601158	-0,750079
3,870000	0,627448	-0,744820
3,880000	0,643223	-0,739561
3,890000	0,664256	-0,734303
3,900000	0,680030	-0,734303
3,910000	0,695805	-0,729044
3,920000	0,711579	-0,723786
3,930000	0,727354	-0,718527
3,940000	0,743128	-0,713269
3,950000	0,753644	-0,702751
3,960000	0,769419	-0,692234
3,970000	0,779935	-0,686976
3,980000	0,790451	-0,676459
3,990000	0,806226	-0,665942
4,000000	0,816742	-0,655424
4,010000	0,822000	-0,644907
4,020000	0,827259	-0,634390
4,030000	0,832517	-0,623873
4,040000	0,837775	-0,608097
4,050000	0,848291	-0,597580
4,060000	0,853549	-0,581805
4,070000	0,858808	-0,566029
4,080000	0,864066	-0,555512
4,090000	0,864066	-0,539736
4,100000	0,864066	-0,523960
4,110000	0,864066	-0,508185
4,120000	0,869324	-0,492409
4,130000	0,869324	-0,476633
4,140000	0,864066	-0,460858
4,150000	0,864066	-0,445082
4,160000	0,858808	-0,424048
4,170000	0,858808	-0,408272
4,180000	0,848291	-0,392496
4,190000	0,843033	-0,371462
4,200000	0,832517	-0,355686
4,210000	0,827259	-0,334652
4,220000	0,822000	-0,324135
4,230000	0,811484	-0,303101
4,240000	0,800968	-0,287325
4,250000	0,785193	-0,266291
4,260000	0,774677	-0,250515
4,270000	0,764161	-0,229481
4,280000	0,753644	-0,213705
4,290000	0,737870	-0,197929
4,300000	0,722095	-0,182154
4,310000	0,711579	-0,161120
4,320000	0,695805	-0,145344
4,330000	0,674772	-0,129568
4,340000	0,658997	-0,113792
4,350000	0,643223	-0,098017
4,360000	0,622190	-0,076983
4,370000	0,601158	-0,055948
4,380000	0,585383	-0,045431
4,390000	0,564351	-0,024397
4,400000	0,538060	-0,008621
4,410000	0,522285	0,007154
4,420000	0,501253	0,022930
4,430000	0,480220	0,038706
4,440000	0,453929	0,054482
4,450000	0,438155	0,070257
4,460000	0,417122	0,080774
4,470000	0,390831	0,091291
4,480000	0,369799	0,101809
4,490000	0,343508	0,112326
4,500000	0,322475	0,128101
4,510000	0,301442	0,138619
4,520000	0,275152	0,149136
4,530000	0,248861	0,159653
4,540000	0,227828	0,164911
4,550000	0,206796	0,175428
4,560000	0,180505	0,185946
4,570000	0,159472	0,191204
4,580000	0,133181	0,196463
4,590000	0,112149	0,201721
4,600000	0,091116	0,212238
4,610000	0,070083	0,217497
4,620000	0,049051	0,222756
4,630000	0,022760	0,233273
4,640000	0,001727	0,233273
4,650000	-0,024564	0,238531
4,660000	-0,045596	0,238531
4,670000	-0,066629	0,238531
4,680000	-0,087661	0,243790
4,690000	-0,108694	0,243790
4,700000	-0,129727	0,238531
4,710000	-0,150759	0,233273
4,720000	-0,171792	0,238531
4,730000	-0,182308	0,228014
4,740000	-0,203341	0,228014
4,750000	-0,219116	0,228014
4,760000	-0,240148	0,217497
4,770000	-0,255923	0,212238
4,780000	-0,271697	0,206980
4,790000	-0,282213	0,201721
4,800000	-0,297988	0,196463
4,810000	-0,313762	0,185946
4,820000	-0,324279	0,175428
4,830000	-0,340053	0,170170
4,840000	-0,350570	0,154394
4,850000	-0,355828	0,149136
4,860000	-0,371602	0,133360
4,870000	-0,382119	0,128101
4,880000	-0,387377	0,117584
4,890000	-0,397893	0,101809
4,900000	-0,408409	0,086033
4,910000	-0,413668	0,075516
4,920000	-0,418926	0,059740
4,930000	-0,418926	0,043964
4,940000	-0,429442	0,033447
4,950000	-0,429442	0,017672
4,960000	-0,434700	-0,003363
4,970000	-0,434700	-0,019138
4,980000	-0,439958	-0,034914
4,990000	-0,434700	-0,050690
5,000000	-0,439958	-0,066465
5,010000	-0,434700	-0,087500
5,020000	-0,434700	-0,103275
5,030000	-0,429442	-0,119051
5,040000	-0,424184	-0,140085
5,050000	-0,418926	-0,155861
5,060000	-0,413668	-0,176895
5,070000	-0,408409	-0,197929
5,080000	-0,403151	-0,218964
5,090000	-0,392635	-0,234739
5,100000	-0,382119	-0,255774
5,110000	-0,376860	-0,271549
5,120000	-0,366344	-0,292584
5,130000	-0,355828	-0,313618
5,140000	-0,345311	-0,334652
5,150000	-0,334795	-0,350428
5,160000	-0,319021	-0,366203
5,170000	-0,303246	-0,387238
5,180000	-0,292730	-0,408272
5,190000	-0,276955	-0,424048
5,200000	-0,266439	-0,439823
5,210000	-0,245406	-0,460858
5,220000	-0,234890	-0,476633
5,230000	-0,213857	-0,497668
5,240000	-0,198083	-0,513443
5,250000	-0,182308	-0,534477
5,260000	-0,166534	-0,550253
5,270000	-0,145501	-0,566029
5,280000	-0,124469	-0,587063
5,290000	-0,103436	-0,602839
5,300000	-0,087661	-0,618614
5,310000	-0,066629	-0,634390
5,320000	-0,045596	-0,650166
5,330000	-0,024564	-0,671200
5,340000	0,001727	-0,681717
5,350000	0,022760	-0,692234
5,360000	0,043793	-0,708010
5,370000	0,064825	-0,718527
5,380000	0,085858	-0,734303
5,390000	0,106890	-0,744820
5,400000	0,127923	-0,755337
5,410000	0,148956	-0,765854
5,420000	0,169988	-0,771113
5,430000	0,191021	-0,781630
5,440000	0,212054	-0,786888
5,450000	0,238345	-0,802664
5,460000	0,254119	-0,807923
5,470000	0,275152	-0,813181
5,480000	0,296184	-0,818440
5,490000	0,317217	-0,823698
5,500000	0,338250	-0,828957
5,510000	0,364540	-0,834216
5,520000	0,375057	-0,834216
5,530000	0,401348	-0,839474
5,540000	0,417122	-0,839474
5,550000	0,438155	-0,839474
5,560000	0,464445	-0,839474
5,570000	0,474962	-0,839474
5,580000	0,495994	-0,839474
5,590000	0,517027	-0,839474
5,600000	0,532802	-0,839474
5,610000	0,548576	-0,834216
5,620000	0,569609	-0,834216
5,630000	0,580125	-0,828957
5,640000	0,601158	-0,823698
5,650000	0,616932	-0,818440
5,660000	0,632707	-0,807923
5,670000	0,643223	-0,797406
5,680000	0,653739	-0,786888
5,690000	0,669514	-0,781630
5,700000	0,680030	-0,771113
5,710000	0,695805	-0,760596
5,720000	0,706321	-0,744820
5,730000	0,711579	-0,739561
5,740000	0,722095	-0,729044
5,750000	0,732612	-0,718527
5,760000	0,743128	-0,697493
5,770000	0,748386	-0,686976
5,780000	0,753644	-0,665942
5,790000	0,758903	-0,650166
5,800000	0,758903	-0,634390
5,810000	0,764161	-0,618614
5,820000	0,769419	-0,602839
5,830000	0,769419	-0,587063
5,840000	0,774677	-0,566029
5,850000	0,774677	-0,550253
5,860000	0,774677	-0,534477
5,870000	0,774677	-0,513443
5,880000	0,774677	-0,497668
5,890000	0,774677	-0,476633
5,900000	0,769419	-0,460858
5,910000	0,764161	-0,439823
5,920000	0,758903	-0,418789
5,930000	0,753644	-0,397755
5,940000	0,753644	-0,376721
5,950000	0,743128	-0,360945
5,960000	0,737870	-0,339911
5,970000	0,732612	-0,318876
5,980000	0,722095	-0,297842
5,990000	0,716837	-0,276808
6,000000	0,706321	-0,255774
6,010000	0,695805	-0,239998
6,020000	0,685288	-0,213705
6,030000	0,674772	-0,192671
6,040000	0,658997	-0,171637
6,050000	0,648481	-0,145344
6,060000	0,632707	-0,129568
6,070000	0,622190	-0,108534
6,080000	0,606416	-0,087500
6,090000	0,585383	-0,066465
6,100000	0,569609	-0,040173
6,110000	0,559092	-0,024397
6,120000	0,538060	-0,008621
6,130000	0,522285	0,017672
6,140000	0,506511	0,033447
6,150000	0,490736	0,054482
6,160000	0,469704	0,070257
6,170000	0,453929	0,086033
6,180000	0,432897	0,107067
6,190000	0,411864	0,122843
6,200000	0,396089	0,138619
6,210000	0,380315	0,159653
6,220000	0,359282	0,175428
6,230000	0,338250	0,196463
6,240000	0,317217	0,206980
6,250000	0,296184	0,217497
6,260000	0,280410	0,233273
6,270000	0,259377	0,238531
6,280000	0,238345	0,254307
6,290000	0,217312	0,264824
6,300000	0,191021	0,275341
6,310000	0,175247	0,285858
6,320000	0,154214	0,296375
6,330000	0,138439	0,301634
6,340000	0,117407	0,306893
6,350000	0,096374	0,317410
6,360000	0,080600	0,322668
6,370000	0,059567	0,322668
6,380000	0,038534	0,327927
6,390000	0,022760	0,327927
6,400000	0,001727	0,333185
6,410000	-0,019305	0,333185
6,420000	-0,035080	0,338444
6,430000	-0,050854	0,338444
6,440000	-0,066629	0,338444
6,450000	-0,082403	0,333185
6,460000	-0,103436	0,333185
6,470000	-0,119210	0,327927
6,480000	-0,134985	0,327927
6,490000	-0,145501	0,322668
6,500000	-0,161276	0,317410
6,510000	-0,177050	0,306893
6,520000	-0,187567	0,301634
6,530000	-0,203341	0,296375
6,540000	-0,219116	0,291117
6,550000	-0,229632	0,280600
6,560000	-0,240148	0,270083
6,570000	-0,250664	0,254307
6,580000	-0,261181	0,249048
6,590000	-0,271697	0,233273
6,600000	-0,276955	0,222756
6,610000	-0,287472	0,206980
6,620000	-0,292730	0,196463
6,630000	-0,303246	0,180687
6,640000	-0,308504	0,164911
6,650000	-0,313762	0,149136
6,660000	-0,319021	0,133360
6,670000	-0,324279	0,117584
6,680000	-0,324279	0,101809
6,690000	-0,329537	0,086033
6,700000	-0,334795	0,064999
6,710000	-0,340053	0,049223
6,720000	-0,334795	0,033447
6,730000	-0,340053	0,017672
6,740000	-0,340053	-0,008621
6,750000	-0,334795	-0,029655
6,760000	-0,329537	-0,050690
6,770000	-0,334795	-0,071724
6,780000	-0,329537	-0,092758
6,790000	-0,324279	-0,113792
6,800000	-0,319021	-0,140085
6,810000	-0,313762	-0,161120
6,820000	-0,308504	-0,182154
6,830000	-0,297988	-0,208447
6,840000	-0,292730	-0,229481
6,850000	-0,287472	-0,250515
6,860000	-0,276955	-0,276808
6,870000	-0,266439	-0,297842
6,880000	-0,261181	-0,318876
6,890000	-0,250664	-0,345169
6,900000	-0,240148	-0,371462
6,910000	-0,229632	-0,392496
6,920000	-0,219116	-0,413531
6,930000	-0,208599	-0,434565
6,940000	-0,192825	-0,455599
6,950000	-0,182308	-0,476633
6,960000	-0,171792	-0,497668
6,970000	-0,156018	-0,518702
6,980000	-0,140243	-0,539736
6,990000	-0,124469	-0,555512
7,000000	-0,113952	-0,576546
7,010000	-0,098178	-0,597580
7,020000	-0,077145	-0,618614
7,030000	-0,066629	-0,639649
7,040000	-0,045596	-0,655424
7,050000	-0,029822	-0,671200
7,060000	-0,014047	-0,692234
7,070000	0,001727	-0,708010
7,080000	0,022760	-0,723786
7,090000	0,038534	-0,744820
7,100000	0,054309	-0,760596
7,110000	0,075342	-0,776371
7,120000	0,091116	-0,786888
7,130000	0,112149	-0,802664
7,140000	0,127923	-0,818440
7,150000	0,148956	-0,828957
7,160000	0,169988	-0,839474
7,170000	0,185763	-0,849991
7,180000	0,201537	-0,860508
7,190000	0,222570	-0,865767
7,200000	0,238345	-0,876284
7,210000	0,254119	-0,881543
7,220000	0,275152	-0,892060
7,230000	0,290926	-0,897318
7,240000	0,306701	-0,902577
7,250000	0,327733	-0,913094
7,260000	0,343508	-0,913094
7,270000	0,364540	-0,918353
7,280000	0,375057	-0,918353
7,290000	0,396089	-0,923611
7,300000	0,411864	-0,928870
7,310000	0,427638	-0,934128
7,320000	0,443413	-0,934128
7,330000	0,459187	-0,928870
7,340000	0,474962	-0,923611
7,350000	0,490736	-0,918353
7,360000	0,501253	-0,918353
7,370000	0,517027	-0,913094
7,380000	0,527543	-0,907835
7,390000	0,543318	-0,902577
7,400000	0,548576	-0,892060
7,410000	0,564351	-0,886801
7,420000	0,574867	-0,876284
7,430000	0,580125	-0,865767
7,440000	0,590641	-0,855250
7,450000	0,601158	-0,844733
7,460000	0,611674	-0,834216
7,470000	0,622190	-0,828957
7,480000	0,622190	-0,807923
7,490000	0,632707	-0,797406
7,500000	0,643223	-0,781630
7,510000	0,648481	-0,765854
7,520000	0,648481	-0,755337
7,530000	0,653739	-0,729044
7,540000	0,658997	-0,718527
7,550000	0,664256	-0,697493
7,560000	0,664256	-0,681717
7,570000	0,669514	-0,660683
7,580000	0,669514	-0,644907
7,590000	0,674772	-0,629132
7,600000	0,674772	-0,608097
7,610000	0,674772	-0,581805
7,620000	0,669514	-0,566029
7,630000	0,669514	-0,544995
7,640000	0,669514	-0,518702
7,650000	0,664256	-0,497668
7,660000	0,664256	-0,471375
7,670000	0,653739	-0,445082
7,680000	0,653739	-0,424048
7,690000	0,643223	-0,397755
7,700000	0,643223	-0,371462
7,710000	0,632707	-0,350428
7,720000	0,627448	-0,324135
7,730000	0,622190	-0,303101
7,740000	0,611674	-0,276808
7,750000	0,606416	-0,250515
7,760000	0,590641	-0,224222
7,770000	0,585383	-0,203188
7,780000	0,574867	-0,176895
7,790000	0,564351	-0,155861
7,800000	0,553834	-0,129568
7,810000	0,538060	-0,108534
7,820000	0,527543	-0,082241
7,830000	0,517027	-0,055948
7,840000	0,501253	-0,034914
7,850000	0,490736	-0,008621
7,860000	0,474962	0,017672
7,870000	0,459187	0,033447
7,880000	0,443413	0,054482
7,890000	0,427638	0,075516
7,900000	0,411864	0,096550
7,910000	0,396089	0,117584
7,920000	0,380315	0,143877
7,930000	0,364540	0,159653
7,940000	0,354024	0,180687
7,950000	0,338250	0,201721
7,960000	0,317217	0,212238
7,970000	0,301442	0,233273
7,980000	0,285668	0,249048
7,990000	0,269894	0,259565
8,000000	0,254119	0,280600
8,010000	0,238345	0,291117
8,020000	0,227828	0,306893
8,030000	0,206796	0,317410
8,040000	0,196279	0,333185
8,050000	0,180505	0,343702
8,060000	0,159472	0,354220
8,070000	0,148956	0,359478
8,080000	0,133181	0,369995
8,090000	0,112149	0,375254
8,100000	0,096374	0,380512
8,110000	0,080600	0,391030
8,120000	0,064825	0,396288
8,130000	0,049051	0,401547
8,140000	0,038534	0,406805
8,150000	0,017502	0,412064
8,160000	0,006985	0,417322
8,170000	-0,008789	0,417322
8,180000	-0,024564	0,422581
8,190000	-0,035080	0,417322
8,200000	-0,050854	0,417322
8,210000	-0,061371	0,417322
8,220000	-0,077145	0,412064
8,230000	-0,087661	0,412064
8,240000	-0,098178	0,401547
8,250000	-0,108694	0,396288
8,260000	-0,124469	0,391030
8,270000	-0,129727	0,385771
8,280000	-0,140243	0,375254
8,290000	-0,150759	0,364737
8,300000	-0,161276	0,359478
8,310000	-0,171792	0,343702
8,320000	-0,177050	0,333185
8,330000	-0,182308	0,317410
8,340000	-0,192825	0,301634
8,350000	-0,198083	0,296375
8,360000	-0,203341	0,275341
8,370000	-0,208599	0,259565
8,380000	-0,213857	0,243790
8,390000	-0,219116	0,228014
8,400000	-0,219116	0,212238
8,410000	-0,219116	0,191204
8,420000	-0,224374	0,175428
8,430000	-0,229632	0,154394
8,440000	-0,229632	0,133360
8,450000	-0,229632	0,117584
8,460000	-0,229632	0,096550
8,470000	-0,229632	0,075516
8,480000	-0,234890	0,054482
8,490000	-0,229632	0,033447
8,500000	-0,229632	0,012413
8,510000	-0,224374	-0,019138
8,520000	-0,224374	-0,040173
8,530000	-0,219116	-0,066465
8,540000	-0,213857	-0,087500
8,550000	-0,213857	-0,113792
8,560000	-0,208599	-0,140085
8,570000	-0,203341	-0,166378
8,580000	-0,192825	-0,187412
8,590000	-0,187567	-0,213705
8,600000	-0,182308	-0,234739
8,610000	-0,171792	-0,261032
8,620000	-0,166534	-0,287325
8,630000	-0,156018	-0,308359
8,640000	-0,150759	-0,339911
8,650000	-0,140243	-0,360945
8,660000	-0,129727	-0,381979
8,670000	-0,119210	-0,413531
8,680000	-0,108694	-0,434565
8,690000	-0,098178	-0,460858
8,700000	-0,087661	-0,481892
8,710000	-0,071887	-0,508185
8,720000	-0,061371	-0,529219
8,730000	-0,050854	-0,555512
8,740000	-0,040338	-0,576546
8,750000	-0,024564	-0,602839
8,760000	-0,014047	-0,623873
8,770000	0,001727	-0,644907
8,780000	0,017502	-0,671200
8,790000	0,033276	-0,692234
8,800000	0,043793	-0,708010
8,810000	0,059567	-0,734303
8,820000	0,075342	-0,750079
8,830000	0,091116	-0,771113
8,840000	0,106890	-0,786888
8,850000	0,117407	-0,807923
8,860000	0,133181	-0,823698
8,870000	0,148956	-0,839474
8,880000	0,164730	-0,855250
8,890000	0,175247	-0,871025
8,900000	0,191021	-0,881543
8,910000	0,206796	-0,892060
8,920000	0,222570	-0,907835
8,930000	0,233086	-0,918353
8,940000	0,248861	-0,928870
8,950000	0,264635	-0,939387
8,960000	0,275152	-0,949904
8,970000	0,290926	-0,955162
8,980000	0,306701	-0,965680
8,990000	0,317217	-0,970938
9,000000	0,327733	-0,976197
9,010000	0,343508	-0,986714
9,020000	0,354024	-0,986714
9,030000	0,369799	-0,991972
9,040000	0,380315	-0,991972
9,050000	0,396089	-0,997231
9,060000	0,406606	-0,991972
9,070000	0,417122	-0,991972
9,080000	0,422380	-0,986714
9,090000	0,438155	-0,986714
9,100000	0,448671	-0,981455
9,110000	0,453929	-0,976197
9,120000	0,464445	-0,970938
9,130000	0,474962	-0,960421
9,140000	0,485478	-0,949904
9,150000	0,495994	-0,944645
9,160000	0,495994	-0,934128
9,170000	0,506511	-0,923611
9,180000	0,517027	-0,918353
9,190000	0,522285	-0,902577
9,200000	0,527543	-0,892060
9,210000	0,532802	-0,876284
9,220000	0,538060	-0,865767
9,230000	0,543318	-0,855250
9,240000	0,548576	-0,834216
9,250000	0,553834	-0,818440
9,260000	0,553834	-0,807923
9,270000	0,559092	-0,786888
9,280000	0,564351	-0,765854
9,290000	0,564351	-0,750079
9,300000	0,564351	-0,729044
9,310000	0,564351	-0,713269
9,320000	0,564351	-0,692234
9,330000	0,569609	-0,671200
9,340000	0,564351	-0,650166
9,350000	0,559092	-0,629132
9,360000	0,564351	-0,608097
9,370000	0,559092	-0,587063
9,380000	0,553834	-0,571287
9,390000	0,553834	-0,544995
9,400000	0,548576	-0,518702
9,410000	0,543318	-0,497668
9,420000	0,538060	-0,471375
9,430000	0,538060	-0,445082
9,440000	0,527543	-0,424048
9,450000	0,522285	-0,392496
9,460000	0,517027	-0,371462
9,470000	0,506511	-0,345169
9,480000	0,501253	-0,318876
9,490000	0,490736	-0,297842
9,500000	0,485478	-0,271549
9,510000	0,480220	-0,245257
9,520000	0,464445	-0,213705
9,530000	0,459187	-0,187412
9,540000	0,448671	-0,161120
9,550000	0,438155	-0,140085
9,560000	0,432897	-0,113792
9,570000	0,422380	-0,087500
9,580000	0,406606	-0,061207
9,590000	0,401348	-0,034914
9,600000	0,385573	-0,013880
9,610000	0,375057	0,017672
9,620000	0,359282	0,043964
9,630000	0,348766	0,064999
9,640000	0,338250	0,091291
9,650000	0,327733	0,117584
9,660000	0,311959	0,138619
9,670000	0,296184	0,159653
9,680000	0,285668	0,180687
9,690000	0,275152	0,201721
9,700000	0,264635	0,222756
9,710000	0,248861	0,243790
9,720000	0,238345	0,259565
9,730000	0,227828	0,280600
9,740000	0,217312	0,296375
9,750000	0,201537	0,306893
9,760000	0,191021	0,322668
9,770000	0,175247	0,338444
9,780000	0,164730	0,348961
9,790000	0,154214	0,359478
9,800000	0,143698	0,375254
9,810000	0,127923	0,385771
9,820000	0,117407	0,401547
9,830000	0,106890	0,406805
9,840000	0,091116	0,417322
9,850000	0,080600	0,422581
9,860000	0,070083	0,427839
9,870000	0,059567	0,438357
9,880000	0,043793	0,443615
9,890000	0,033276	0,448874
9,900000	0,022760	0,454132
9,910000	0,012244	0,459391
9,920000	0,001727	0,464649
9,930000	-0,008789	0,464649
9,940000	-0,014047	0,469908
9,950000	-0,024564	0,469908
9,960000	-0,035080	0,464649
9,970000	-0,040338	0,464649
9,980000	-0,045596	0,459391
9,990000	-0,050854	0,454132
10,000000	-0,066629	0,448874
10,010000	-0,071887	0,438357
10,020000	-0,071887	0,433098
10,030000	-0,082403	0,427839
10,040000	-0,087661	0,422581
10,050000	-0,092920	0,412064
10,060000	-0,098178	0,401547
10,070000	-0,108694	0,391030
10,080000	-0,108694	0,380512
10,090000	-0,113952	0,364737
10,100000	-0,113952	0,354220
10,110000	-0,113952	0,338444
10,120000	-0,124469	0,322668
10,130000	-0,124469	0,306893
10,140000	-0,124469	0,285858
10,150000	-0,124469	0,270083
10,160000	-0,124469	0,249048
10,170000	-0,129727	0,228014
10,180000	-0,129727	0,206980
10,190000	-0,129727	0,185946
10,200000	-0,124469	0,164911
10,210000	-0,124469	0,138619
10,220000	-0,124469	0,122843
10,230000	-0,119210	0,096550
10,240000	-0,113952	0,075516
10,250000	-0,113952	0,043964
10,260000	-0,108694	0,022930
10,270000	-0,103436	-0,003363
10,280000	-0,103436	-0,029655
10,290000	-0,092920	-0,055948
10,300000	-0,092920	-0,082241
10,310000	-0,087661	-0,108534
10,320000	-0,082403	-0,134827
10,330000	-0,071887	-0,161120
10,340000	-0,071887	-0,187412
10,350000	-0,061371	-0,213705
10,360000	-0,056113	-0,239998
10,370000	-0,045596	-0,266291
10,380000	-0,035080	-0,297842
10,390000	-0,024564	-0,324135
10,400000	-0,019305	-0,345169
10,410000	-0,014047	-0,376721
10,420000	0,001727	-0,408272
10,430000	0,006985	-0,429306
10,440000	0,017502	-0,460858
10,450000	0,028018	-0,487150
10,460000	0,043793	-0,513443
10,470000	0,049051	-0,539736
10,480000	0,064825	-0,560770
10,490000	0,070083	-0,587063
10,500000	0,080600	-0,613356
10,510000	0,091116	-0,639649
10,520000	0,101632	-0,660683
10,530000	0,112149	-0,686976
10,540000	0,117407	-0,708010
10,550000	0,133181	-0,729044
10,560000	0,143698	-0,750079
10,570000	0,154214	-0,771113
10,580000	0,164730	-0,786888
10,590000	0,175247	-0,807923
10,600000	0,180505	-0,828957
10,610000	0,196279	-0,844733
10,620000	0,206796	-0,860508
10,630000	0,217312	-0,881543
10,640000	0,227828	-0,892060
10,650000	0,238345	-0,907835
10,660000	0,248861	-0,923611
10,670000	0,259377	-0,934128
10,680000	0,269894	-0,949904
10,690000	0,280410	-0,960421
10,700000	0,290926	-0,970938
10,710000	0,301442	-0,981455
10,720000	0,306701	-0,991972
10,730000	0,322475	-1,002490
10,740000	0,327733	-1,007748
10,750000	0,338250	-1,018265
10,760000	0,343508	-1,023524
10,770000	0,348766	-1,028782
10,780000	0,364540	-1,028782
10,790000	0,369799	-1,034041
10,800000	0,380315	-1,034041
10,810000	0,385573	-1,039299
10,820000	0,390831	-1,039299
10,830000	0,401348	-1,034041
10,840000	0,406606	-1,034041
10,850000	0,411864	-1,034041
10,860000	0,417122	-1,028782
10,870000	0,422380	-1,023524
10,880000	0,427638	-1,013007
10,890000	0,427638	-1,007748
10,900000	0,432897	-0,997231
10,910000	0,438155	-0,991972
10,920000	0,443413	-0,981455
10,930000	0,448671	-0,970938
10,940000	0,448671	-0,960421
10,950000	0,453929	-0,944645
10,960000	0,453929	-0,934128
10,970000	0,453929	-0,923611
10,980000	0,459187	-0,902577
10,990000	0,453929	-0,886801
11,000000	0,459187	-0,871025
11,010000	0,459187	-0,855250
11,020000	0,459187	-0,839474
11,030000	0,459187	-0,818440
11,040000	0,459187	-0,797406
11,050000	0,453929	-0,781630
11,060000	0,453929	-0,760596
11,070000	0,453929	-0,739561
11,080000	0,448671	-0,718527
11,090000	0,453929	-0,692234
11,100000	0,443413	-0,665942
11,110000	0,443413	-0,644907
11,120000	0,438155	-0,618614
11,130000	0,432897	-0,597580
11,140000	0,427638	-0,571287
11,150000	0,422380	-0,544995
11,160000	0,417122	-0,518702
11,170000	0,411864	-0,492409
11,180000	0,411864	-0,466116
11,190000	0,401348	-0,445082
11,200000	0,396089	-0,413531
11,210000	0,385573	-0,381979
11,220000	0,380315	-0,355686
11,230000	0,375057	-0,329394
11,240000	0,369799	-0,297842
11,250000	0,359282	-0,276808
11,260000	0,354024	-0,250515
11,270000	0,343508	-0,224222
11,280000	0,338250	-0,197929
11,290000	0,327733	-0,166378
11,300000	0,317217	-0,140085
11,310000	0,311959	-0,113792
11,320000	0,301442	-0,087500
11,330000	0,290926	-0,066465
11,340000	0,280410	-0,040173
11,350000	0,275152	-0,013880
11,360000	0,264635	0,012413
11,370000	0,254119	0,038706
11,380000	0,243603	0,064999
11,390000	0,238345	0,091291
11,400000	0,227828	0,112326
11,410000	0,222570	0,138619
11,420000	0,212054	0,159653
11,430000	0,201537	0,180687
11,440000	0,191021	0,206980
11,450000	0,180505	0,228014
11,460000	0,169988	0,249048
11,470000	0,159472	0,270083
11,480000	0,148956	0,291117
11,490000	0,143698	0,312151
11,500000	0,133181	0,333185
11,510000	0,122665	0,343702
11,520000	0,112149	0,364737
11,530000	0,106890	0,380512
11,540000	0,101632	0,396288
11,550000	0,091116	0,406805
11,560000	0,085858	0,417322
11,570000	0,075342	0,433098
11,580000	0,070083	0,448874
11,590000	0,064825	0,454132
11,600000	0,054309	0,464649
11,610000	0,049051	0,475167
11,620000	0,043793	0,485684
11,630000	0,033276	0,490942
11,640000	0,028018	0,496201
11,650000	0,022760	0,501459
11,660000	0,017502	0,506718
11,670000	0,012244	0,506718
11,680000	0,006985	0,511976
11,690000	-0,003531	0,511976
11,700000	-0,008789	0,511976
11,710000	-0,014047	0,506718
11,720000	-0,014047	0,506718
11,730000	-0,019305	0,501459
11,740000	-0,024564	0,496201
11,750000	-0,029822	0,490942
11,760000	-0,029822	0,485684
11,770000	-0,029822	0,475167
11,780000	-0,029822	0,464649
11,790000	-0,029822	0,454132
11,800000	-0,035080	0,448874
11,810000	-0,035080	0,433098
11,820000	-0,040338	0,422581
11,830000	-0,040338	0,406805
11,840000	-0,040338	0,396288
11,850000	-0,035080	0,380512
11,860000	-0,035080	0,364737
11,870000	-0,035080	0,348961
11,880000	-0,035080	0,327927
11,890000	-0,035080	0,312151
11,900000	-0,029822	0,296375
11,910000	-0,024564	0,275341
11,920000	-0,024564	0,259565
11,930000	-0,024564	0,233273
11,940000	-0,019305	0,212238
11,950000	-0,014047	0,191204
11,960000	-0,008789	0,170170
11,970000	-0,008789	0,149136
11,980000	0,001727	0,128101
11,990000	0,006985	0,101809
12,000000	0,006985	0,080774
12,010000	0,017502	0,054482
12,020000	0,022760	0,028189
12,030000	0,028018	-0,003363
12,040000	0,033276	-0,029655
12,050000	0,043793	-0,061207
12,060000	0,043793	-0,092758
12,070000	0,054309	-0,119051
12,080000	0,059567	-0,145344
12,090000	0,064825	-0,176895
12,100000	0,070083	-0,203188
12,110000	0,080600	-0,234739
12,120000	0,085858	-0,255774
12,130000	0,091116	-0,287325
12,140000	0,101632	-0,313618
12,150000	0,112149	-0,345169
12,160000	0,117407	-0,371462
12,170000	0,127923	-0,397755
12,180000	0,133181	-0,424048
12,190000	0,143698	-0,455599
12,200000	0,154214	-0,481892
12,210000	0,159472	-0,513443
12,220000	0,164730	-0,539736
12,230000	0,175247	-0,566029
12,240000	0,185763	-0,592322
12,250000	0,191021	-0,618614
12,260000	0,201537	-0,644907
12,270000	0,212054	-0,671200
12,280000	0,217312	-0,697493
12,290000	0,227828	-0,718527
12,300000	0,233086	-0,739561
12,310000	0,243603	-0,760596
12,320000	0,248861	-0,776371
12,330000	0,259377	-0,802664
12,340000	0,264635	-0,818440
12,350000	0,275152	-0,839474
12,360000	0,280410	-0,855250
12,370000	0,285668	-0,876284
12,380000	0,290926	-0,892060
12,390000	0,301442	-0,907835
12,400000	0,311959	-0,923611
12,410000	0,317217	-0,944645
12,420000	0,322475	-0,960421
12,430000	0,327733	-0,976197
12,440000	0,332991	-0,986714
12,450000	0,338250	-0,997231
12,460000	0,348766	-1,007748
12,470000	0,348766	-1,013007
12,480000	0,354024	-1,028782
12,490000	0,359282	-1,034041
12,500000	0,369799	-1,039299
12,510000	0,369799	-1,044558
12,520000	0,369799	-1,049817
12,530000	0,375057	-1,055075
12,540000	0,380315	-1,060334
12,550000	0,385573	-1,060334
12,560000	0,385573	-1,060334
12,570000	0,385573	-1,055075
12,580000	0,390831	-1,055075
12,590000	0,390831	-1,055075
12,600000	0,390831	-1,055075
12,610000	0,390831	-1,044558
12,620000	0,396089	-1,044558
12,630000	0,396089	-1,039299
12,640000	0,396089	-1,034041
12,650000	0,390831	-1,023524
12,660000	0,396089	-1,018265
12,670000	0,396089	-1,007748
12,680000	0,390831	-1,002490
12,690000	0,390831	-0,986714
12,700000	0,390831	-0,976197
12,710000	0,385573	-0,960421
12,720000	0,380315	-0,949904
12,730000	0,380315	-0,934128
12,740000	0,380315	-0,918353
12,750000	0,375057	-0,902577
12,760000	0,369799	-0,881543
12,770000	0,369799	-0,871025
12,780000	0,359282	-0,849991
12,790000	0,359282	-0,828957
12,800000	0,354024	-0,813181
12,810000	0,348766	-0,792147
12,820000	0,343508	-0,765854
12,830000	0,338250	-0,750079
12,840000	0,332991	-0,729044
12,850000	0,327733	-0,702751
12,860000	0,322475	-0,681717
12,870000	0,311959	-0,655424
12,880000	0,306701	-0,629132
12,890000	0,306701	-0,608097
12,900000	0,296184	-0,581805
12,910000	0,290926	-0,555512
12,920000	0,285668	-0,523960
12,930000	0,275152	-0,502926
12,940000	0,264635	-0,476633
12,950000	0,259377	-0,450340
12,960000	0,254119	-0,424048
12,970000	0,248861	-0,392496
12,980000	0,238345	-0,366203
12,990000	0,233086	-0,334652
13,000000	0,222570	-0,308359
13,010000	0,217312	-0,282066
13,020000	0,206796	-0,250515
13,030000	0,196279	-0,229481
13,040000	0,196279	-0,197929
13,050000	0,185763	-0,171637
13,060000	0,180505	-0,140085
13,070000	0,169988	-0,113792
13,080000	0,164730	-0,087500
13,090000	0,154214	-0,055948
13,100000	0,143698	-0,029655
13,110000	0,138439	0,001896
13,120000	0,133181	0,033447
13,130000	0,127923	0,059740
13,140000	0,117407	0,086033
13,150000	0,112149	0,112326
13,160000	0,101632	0,133360
13,170000	0,096374	0,159653
13,180000	0,085858	0,180687
13,190000	0,085858	0,201721
13,200000	0,080600	0,228014
13,210000	0,070083	0,254307
13,220000	0,064825	0,275341
13,230000	0,059567	0,291117
13,240000	0,054309	0,312151
13,250000	0,049051	0,333185
13,260000	0,043793	0,354220
13,270000	0,038534	0,369995
13,280000	0,038534	0,385771
13,290000	0,033276	0,401547
13,300000	0,033276	0,412064
13,310000	0,022760	0,427839
13,320000	0,017502	0,438357
13,330000	0,017502	0,454132
13,340000	0,012244	0,464649
13,350000	0,012244	0,469908
13,360000	0,006985	0,485684
13,370000	0,006985	0,490942
13,380000	0,006985	0,501459
13,390000	0,006985	0,506718
13,400000	0,001727	0,506718
13,410000	0,001727	0,517235
13,420000	0,001727	0,522494
13,430000	-0,003531	0,522494
13,440000	-0,003531	0,522494
13,450000	-0,008789	0,527752
13,460000	-0,008789	0,527752
13,470000	0,001727	0,522494
13,480000	0,001727	0,522494
13,490000	0,001727	0,517235
13,500000	0,001727	0,517235
13,510000	0,006985	0,506718
13,520000	0,006985	0,506718
13,530000	0,012244	0,496201
13,540000	0,012244	0,490942
13,550000	0,017502	0,480425
13,560000	0,017502	0,469908
13,570000	0,022760	0,459391
13,580000	0,028018	0,443615
13,590000	0,033276	0,433098
13,600000	0,038534	0,417322
13,610000	0,038534	0,401547
13,620000	0,043793	0,380512
13,630000	0,049051	0,364737
13,640000	0,059567	0,348961
13,650000	0,064825	0,327927
13,660000	0,070083	0,306893
13,670000	0,075342	0,291117
13,680000	0,075342	0,264824
13,690000	0,085858	0,243790
13,700000	0,096374	0,217497
13,710000	0,096374	0,201721
13,720000	0,106890	0,175428
13,730000	0,112149	0,149136
13,740000	0,122665	0,122843
13,750000	0,127923	0,101809
13,760000	0,138439	0,075516
13,770000	0,143698	0,043964
13,780000	0,148956	0,017672
13,790000	0,154214	-0,008621
13,800000	0,159472	-0,040173
13,810000	0,169988	-0,061207
13,820000	0,175247	-0,092758
13,830000	0,185763	-0,119051
13,840000	0,196279	-0,150602
13,850000	0,201537	-0,176895
13,860000	0,212054	-0,208447
13,870000	0,217312	-0,239998
13,880000	0,222570	-0,266291
13,890000	0,233086	-0,292584
13,900000	0,238345	-0,324135
13,910000	0,248861	-0,350428
13,920000	0,248861	-0,376721
13,930000	0,264635	-0,408272
13,940000	0,269894	-0,434565
13,950000	0,275152	-0,460858
13,960000	0,285668	-0,487150
13,970000	0,290926	-0,513443
13,980000	0,301442	-0,534477
13,990000	0,306701	-0,566029
14,000000	0,311959	-0,587063
14,010000	0,317217	-0,613356
14,020000	0,327733	-0,639649
14,030000	0,327733	-0,665942
14,040000	0,338250	-0,692234
14,050000	0,343508	-0,713269
14,060000	0,348766	-0,739561
14,070000	0,354024	-0,760596
14,080000	0,354024	-0,781630
14,090000	0,359282	-0,802664
14,100000	0,364540	-0,823698
14,110000	0,369799	-0,844733
14,120000	0,369799	-0,860508
14,130000	0,375057	-0,881543
14,140000	0,375057	-0,897318
14,150000	0,380315	-0,918353
14,160000	0,380315	-0,939387
14,170000	0,380315	-0,949904
14,180000	0,385573	-0,965680
14,190000	0,385573	-0,976197
14,200000	0,390831	-0,986714
14,210000	0,390831	-0,997231
14,220000	0,390831	-1,007748
14,230000	0,390831	-1,018265
14,240000	0,390831	-1,023524
14,250000	0,390831	-1,034041
14,260000	0,390831	-1,039299
14,270000	0,390831	-1,044558
14,280000	0,390831	-1,044558
14,290000	0,385573	-1,049817
14,300000	0,385573	-1,055075
14,310000	0,385573	-1,055075
14,320000	0,380315	-1,060334
14,330000	0,380315	-1,060334
14,340000	0,375057	-1,060334
14,350000	0,369799	-1,055075
14,360000	0,369799	-1,055075
14,370000	0,359282	-1,055075
14,380000	0,359282	-1,044558
14,390000	0,359282	-1,039299
14,400000	0,354024	-1,034041
14,410000	0,348766	-1,028782
14,420000	0,343508	-1,018265
14,430000	0,338250	-1,013007
14,440000	0,327733	-1,007748
14,450000	0,322475	-0,997231
14,460000	0,311959	-0,976197
14,470000	0,306701	-0,970938
14,480000	0,301442	-0,949904
14,490000	0,296184	-0,934128
14,500000	0,290926	-0,913094
14,510000	0,280410	-0,897318
14,520000	0,275152	-0,876284
14,530000	0,269894	-0,860508
14,540000	0,259377	-0,839474
14,550000	0,254119	-0,818440
14,560000	0,243603	-0,802664
14,570000	0,238345	-0,776371
14,580000	0,227828	-0,760596
14,590000	0,222570	-0,739561
14,600000	0,212054	-0,713269
14,610000	0,206796	-0,686976
14,620000	0,196279	-0,665942
14,630000	0,191021	-0,639649
14,640000	0,185763	-0,613356
14,650000	0,169988	-0,587063
14,660000	0,164730	-0,566029
14,670000	0,154214	-0,534477
14,680000	0,148956	-0,508185
14,690000	0,138439	-0,481892
14,700000	0,133181	-0,455599
14,710000	0,122665	-0,429306
14,720000	0,117407	-0,397755
14,730000	0,106890	-0,371462
14,740000	0,101632	-0,345169
14,750000	0,096374	-0,318876
14,760000	0,085858	-0,287325
14,770000	0,075342	-0,266291
14,780000	0,075342	-0,234739
14,790000	0,064825	-0,213705
14,800000	0,059567	-0,182154
14,810000	0,049051	-0,155861
14,820000	0,043793	-0,129568
14,830000	0,033276	-0,103275
14,840000	0,033276	-0,076983
14,850000	0,022760	-0,050690
14,860000	0,017502	-0,024397
14,870000	0,012244	0,001896
14,880000	0,001727	0,028189
14,890000	0,001727	0,054482
14,900000	-0,008789	0,080774
14,910000	-0,014047	0,101809
14,920000	-0,019305	0,128101
14,930000	-0,019305	0,149136
14,940000	-0,024564	0,170170
14,950000	-0,029822	0,191204
14,960000	-0,029822	0,212238
14,970000	-0,035080	0,233273
14,980000	-0,035080	0,254307
14,990000	-0,035080	0,275341
15,000000	-0,035080	0,296375
15,010000	-0,040338	0,317410
15,020000	-0,040338	0,333185
15,030000	-0,040338	0,354220
15,040000	-0,040338	0,369995
15,050000	-0,040338	0,385771
15,060000	-0,040338	0,396288
15,070000	-0,040338	0,406805
15,080000	-0,040338	0,422581
15,090000	-0,040338	0,433098
15,100000	-0,035080	0,443615
15,110000	-0,035080	0,448874
15,120000	-0,029822	0,459391
15,130000	-0,029822	0,464649
15,140000	-0,024564	0,475167
15,150000	-0,024564	0,480425
15,160000	-0,024564	0,485684
15,170000	-0,019305	0,490942
15,180000	-0,019305	0,490942
15,190000	-0,014047	0,496201
15,200000	-0,008789	0,490942
15,210000	0,001727	0,490942
15,220000	0,006985	0,490942
15,230000	0,012244	0,490942
15,240000	0,017502	0,485684
15,250000	0,028018	0,485684
15,260000	0,033276	0,480425
15,270000	0,038534	0,475167
15,280000	0,049051	0,464649
15,290000	0,054309	0,459391
15,300000	0,064825	0,448874
15,310000	0,070083	0,438357
15,320000	0,080600	0,427839
15,330000	0,085858	0,412064
15,340000	0,096374	0,401547
15,350000	0,101632	0,391030
15,360000	0,112149	0,369995
15,370000	0,117407	0,359478
15,380000	0,127923	0,343702
15,390000	0,138439	0,327927
15,400000	0,143698	0,312151
15,410000	0,154214	0,291117
15,420000	0,159472	0,275341
15,430000	0,169988	0,249048
15,440000	0,180505	0,233273
15,450000	0,191021	0,212238
15,460000	0,201537	0,191204
15,470000	0,212054	0,170170
15,480000	0,217312	0,143877
15,490000	0,227828	0,122843
15,500000	0,238345	0,101809
15,510000	0,248861	0,080774
15,520000	0,254119	0,054482
15,530000	0,269894	0,028189
15,540000	0,275152	0,001896
15,550000	0,285668	-0,024397
15,560000	0,290926	-0,055948
15,570000	0,306701	-0,082241
15,580000	0,311959	-0,108534
15,590000	0,322475	-0,134827
15,600000	0,327733	-0,166378
15,610000	0,338250	-0,192671
15,620000	0,348766	-0,218964
15,630000	0,359282	-0,245257
15,640000	0,364540	-0,271549
15,650000	0,369799	-0,297842
15,660000	0,380315	-0,324135
15,670000	0,385573	-0,355686
15,680000	0,396089	-0,381979
15,690000	0,401348	-0,408272
15,700000	0,406606	-0,434565
15,710000	0,417122	-0,466116
15,720000	0,417122	-0,487150
15,730000	0,427638	-0,513443
15,740000	0,427638	-0,544995
15,750000	0,438155	-0,571287
15,760000	0,443413	-0,597580
15,770000	0,443413	-0,623873
15,780000	0,448671	-0,644907
15,790000	0,453929	-0,671200
15,800000	0,453929	-0,692234
15,810000	0,459187	-0,718527
15,820000	0,464445	-0,739561
15,830000	0,464445	-0,760596
15,840000	0,464445	-0,781630
15,850000	0,469704	-0,797406
15,860000	0,464445	-0,823698
15,870000	0,464445	-0,844733
15,880000	0,464445	-0,855250
15,890000	0,469704	-0,876284
15,900000	0,469704	-0,886801
15,910000	0,464445	-0,902577
15,920000	0,464445	-0,918353
15,930000	0,464445	-0,934128
15,940000	0,459187	-0,944645
15,950000	0,459187	-0,960421
15,960000	0,453929	-0,965680
15,970000	0,453929	-0,981455
15,980000	0,453929	-0,986714
15,990000	0,448671	-0,997231
16,000000	0,443413	-1,002490
16,010000	0,432897	-1,013007
16,020000	0,432897	-1,013007
16,030000	0,422380	-1,023524
16,040000	0,417122	-1,028782
16,050000	0,411864	-1,028782
16,060000	0,406606	-1,034041
16,070000	0,396089	-1,034041
16,080000	0,390831	-1,034041
16,090000	0,385573	-1,034041
16,100000	0,375057	-1,034041
16,110000	0,364540	-1,034041
16,120000	0,359282	-1,028782
16,130000	0,348766	-1,023524
16,140000	0,338250	-1,018265
16,150000	0,327733	-1,018265
16,160000	0,317217	-1,007748
16,170000	0,311959	-1,002490
16,180000	0,301442	-0,997231
16,190000	0,285668	-0,981455
16,200000	0,280410	-0,976197
16,210000	0,269894	-0,965680
16,220000	0,259377	-0,949904
16,230000	0,248861	-0,939387
16,240000	0,238345	-0,923611
16,250000	0,227828	-0,913094
16,260000	0,217312	-0,892060
16,270000	0,206796	-0,876284
16,280000	0,196279	-0,860508
16,290000	0,185763	-0,839474
16,300000	0,175247	-0,823698
16,310000	0,164730	-0,802664
16,320000	0,154214	-0,776371
16,330000	0,138439	-0,760596
16,340000	0,127923	-0,734303
16,350000	0,122665	-0,713269
16,360000	0,106890	-0,692234
16,370000	0,096374	-0,671200
16,380000	0,085858	-0,644907
16,390000	0,075342	-0,623873
16,400000	0,064825	-0,602839
16,410000	0,054309	-0,581805
16,420000	0,043793	-0,560770
16,430000	0,033276	-0,534477
16,440000	0,022760	-0,508185
16,450000	0,017502	-0,487150
16,460000	0,001727	-0,460858
16,470000	-0,008789	-0,434565
16,480000	-0,019305	-0,408272
16,490000	-0,024564	-0,381979
16,500000	-0,035080	-0,355686
16,510000	-0,040338	-0,329394
16,520000	-0,050854	-0,303101
16,530000	-0,061371	-0,271549
16,540000	-0,066629	-0,245257
16,550000	-0,077145	-0,218964
16,560000	-0,082403	-0,192671
16,570000	-0,087661	-0,166378
16,580000	-0,092920	-0,134827
16,590000	-0,098178	-0,113792
16,600000	-0,103436	-0,082241
16,610000	-0,108694	-0,055948
16,620000	-0,113952	-0,024397
16,630000	-0,119210	0,001896
16,640000	-0,119210	0,028189
16,650000	-0,124469	0,054482
16,660000	-0,129727	0,075516
16,670000	-0,134985	0,101809
16,680000	-0,134985	0,122843
16,690000	-0,134985	0,143877
16,700000	-0,134985	0,170170
16,710000	-0,134985	0,185946
16,720000	-0,140243	0,212238
16,730000	-0,134985	0,233273
16,740000	-0,134985	0,254307
16,750000	-0,134985	0,275341
16,760000	-0,134985	0,285858
16,770000	-0,129727	0,306893
16,780000	-0,129727	0,322668
16,790000	-0,124469	0,338444
16,800000	-0,124469	0,348961
16,810000	-0,119210	0,364737
16,820000	-0,113952	0,375254
16,830000	-0,113952	0,385771
16,840000	-0,103436	0,401547
16,850000	-0,098178	0,412064
16,860000	-0,087661	0,417322
16,870000	-0,082403	0,433098
16,880000	-0,077145	0,438357
16,890000	-0,071887	0,443615
16,900000	-0,061371	0,454132
16,910000	-0,056113	0,454132
16,920000	-0,045596	0,459391
16,930000	-0,040338	0,464649
16,940000	-0,029822	0,464649
16,950000	-0,019305	0,464649
16,960000	-0,014047	0,464649
16,970000	-0,003531	0,469908
16,980000	0,006985	0,464649
16,990000	0,022760	0,464649
17,000000	0,028018	0,459391
17,010000	0,043793	0,454132
17,020000	0,054309	0,448874
17,030000	0,064825	0,438357
17,040000	0,080600	0,433098
17,050000	0,091116	0,422581
17,060000	0,101632	0,417322
17,070000	0,117407	0,406805
17,080000	0,127923	0,396288
17,090000	0,143698	0,380512
17,100000	0,154214	0,369995
17,110000	0,169988	0,359478
17,120000	0,180505	0,348961
17,130000	0,191021	0,333185
17,140000	0,206796	0,317410
17,150000	0,217312	0,301634
17,160000	0,227828	0,285858
17,170000	0,243603	0,264824
17,180000	0,259377	0,243790
17,190000	0,269894	0,222756
17,200000	0,280410	0,206980
17,210000	0,290926	0,185946
17,220000	0,301442	0,164911
17,230000	0,317217	0,143877
17,240000	0,327733	0,122843
17,250000	0,338250	0,101809
17,260000	0,348766	0,080774
17,270000	0,364540	0,059740
17,280000	0,375057	0,033447
17,290000	0,385573	0,007154
17,300000	0,401348	-0,019138
17,310000	0,411864	-0,040173
17,320000	0,422380	-0,066465
17,330000	0,432897	-0,092758
17,340000	0,443413	-0,113792
17,350000	0,453929	-0,140085
17,360000	0,459187	-0,171637
17,370000	0,469704	-0,192671
17,380000	0,480220	-0,218964
17,390000	0,490736	-0,245257
17,400000	0,495994	-0,271549
17,410000	0,506511	-0,297842
17,420000	0,511769	-0,324135
17,430000	0,517027	-0,345169
17,440000	0,527543	-0,376721
17,450000	0,532802	-0,403013
17,460000	0,538060	-0,434565
17,470000	0,543318	-0,455599
17,480000	0,543318	-0,481892
17,490000	0,553834	-0,508185
17,500000	0,559092	-0,529219
17,510000	0,559092	-0,555512
17,520000	0,564351	-0,581805
17,530000	0,564351	-0,608097
17,540000	0,564351	-0,629132
17,550000	0,569609	-0,650166
17,560000	0,569609	-0,671200
17,570000	0,569609	-0,692234
17,580000	0,569609	-0,713269
17,590000	0,569609	-0,734303
17,600000	0,564351	-0,755337
17,610000	0,564351	-0,771113
17,620000	0,564351	-0,792147
17,630000	0,559092	-0,807923
17,640000	0,559092	-0,823698
17,650000	0,553834	-0,839474
17,660000	0,548576	-0,860508
17,670000	0,543318	-0,871025
17,680000	0,538060	-0,886801
17,690000	0,532802	-0,897318
17,700000	0,522285	-0,907835
17,710000	0,522285	-0,918353
17,720000	0,511769	-0,928870
17,730000	0,506511	-0,939387
17,740000	0,495994	-0,944645
17,750000	0,490736	-0,949904
17,760000	0,480220	-0,955162
17,770000	0,469704	-0,960421
17,780000	0,464445	-0,965680
17,790000	0,448671	-0,970938
17,800000	0,443413	-0,970938
17,810000	0,432897	-0,976197
17,820000	0,422380	-0,976197
17,830000	0,411864	-0,976197
17,840000	0,396089	-0,976197
17,850000	0,385573	-0,976197
17,860000	0,369799	-0,976197
17,870000	0,359282	-0,970938
17,880000	0,348766	-0,965680
17,890000	0,332991	-0,960421
17,900000	0,322475	-0,955162
17,910000	0,306701	-0,949904
17,920000	0,290926	-0,944645
17,930000	0,280410	-0,934128
17,940000	0,269894	-0,923611
17,950000	0,254119	-0,918353
17,960000	0,238345	-0,907835
17,970000	0,227828	-0,897318
17,980000	0,206796	-0,886801
17,990000	0,196279	-0,876284
18,000000	0,180505	-0,860508
18,010000	0,159472	-0,844733
18,020000	0,148956	-0,828957
18,030000	0,133181	-0,813181
18,040000	0,117407	-0,797406
18,050000	0,101632	-0,776371
18,060000	0,091116	-0,765854
18,070000	0,075342	-0,739561
18,080000	0,064825	-0,723786
18,090000	0,043793	-0,702751
18,100000	0,033276	-0,686976
18,110000	0,017502	-0,665942
18,120000	0,001727	-0,644907
18,130000	-0,008789	-0,623873
18,140000	-0,029822	-0,602839
18,150000	-0,040338	-0,587063
18,160000	-0,056113	-0,566029
18,170000	-0,066629	-0,539736
18,180000	-0,077145	-0,518702
18,190000	-0,087661	-0,492409
18,200000	-0,103436	-0,466116
18,210000	-0,113952	-0,445082
18,220000	-0,124469	-0,418789
18,230000	-0,134985	-0,397755
18,240000	-0,140243	-0,371462
18,250000	-0,150759	-0,345169
18,260000	-0,161276	-0,318876
18,270000	-0,171792	-0,297842
18,280000	-0,177050	-0,271549
18,290000	-0,182308	-0,245257
18,300000	-0,187567	-0,218964
18,310000	-0,198083	-0,197929
18,320000	-0,203341	-0,176895
18,330000	-0,208599	-0,150602
18,340000	-0,213857	-0,129568
18,350000	-0,224374	-0,103275
18,360000	-0,229632	-0,076983
18,370000	-0,234890	-0,055948
18,380000	-0,234890	-0,029655
18,390000	-0,240148	-0,008621
18,400000	-0,240148	0,017672
18,410000	-0,240148	0,038706
18,420000	-0,245406	0,059740
18,430000	-0,245406	0,086033
18,440000	-0,245406	0,101809
18,450000	-0,245406	0,122843
18,460000	-0,245406	0,143877
18,470000	-0,245406	0,164911
18,480000	-0,240148	0,180687
18,490000	-0,234890	0,201721
18,500000	-0,229632	0,217497
18,510000	-0,229632	0,238531
18,520000	-0,224374	0,254307
18,530000	-0,219116	0,270083
18,540000	-0,213857	0,285858
18,550000	-0,203341	0,301634
18,560000	-0,198083	0,317410
18,570000	-0,192825	0,333185
18,580000	-0,182308	0,343702
18,590000	-0,177050	0,354220
18,600000	-0,166534	0,364737
18,610000	-0,156018	0,369995
18,620000	-0,145501	0,380512
18,630000	-0,134985	0,391030
18,640000	-0,124469	0,391030
18,650000	-0,113952	0,396288
18,660000	-0,103436	0,406805
18,670000	-0,092920	0,406805
18,680000	-0,077145	0,412064
18,690000	-0,066629	0,412064
18,700000	-0,050854	0,412064
18,710000	-0,040338	0,417322
18,720000	-0,024564	0,412064
18,730000	-0,008789	0,412064
18,740000	0,006985	0,412064
18,750000	0,022760	0,406805
18,760000	0,038534	0,401547
18,770000	0,054309	0,396288
18,780000	0,070083	0,391030
18,790000	0,085858	0,380512
18,800000	0,101632	0,375254
18,810000	0,117407	0,364737
18,820000	0,127923	0,354220
18,830000	0,148956	0,348961
18,840000	0,164730	0,338444
18,850000	0,180505	0,322668
18,860000	0,201537	0,312151
18,870000	0,212054	0,296375
18,880000	0,233086	0,285858
18,890000	0,248861	0,270083
18,900000	0,264635	0,254307
18,910000	0,280410	0,238531
18,920000	0,301442	0,222756
18,930000	0,317217	0,206980
18,940000	0,332991	0,191204
18,950000	0,348766	0,170170
18,960000	0,369799	0,154394
18,970000	0,380315	0,138619
18,980000	0,396089	0,117584
18,990000	0,411864	0,096550
19,000000	0,427638	0,075516
19,010000	0,443413	0,054482
19,020000	0,459187	0,033447
19,030000	0,474962	0,012413
19,040000	0,485478	-0,008621
19,050000	0,501253	-0,034914
19,060000	0,511769	-0,055948
19,070000	0,527543	-0,076983
19,080000	0,538060	-0,098017
19,090000	0,548576	-0,119051
19,100000	0,559092	-0,140085
19,110000	0,569609	-0,166378
19,120000	0,580125	-0,192671
19,130000	0,590641	-0,218964
19,140000	0,595900	-0,239998
19,150000	0,606416	-0,261032
19,160000	0,616932	-0,282066
19,170000	0,622190	-0,308359
19,180000	0,632707	-0,334652
19,190000	0,637965	-0,355686
19,200000	0,648481	-0,381979
19,210000	0,653739	-0,403013
19,220000	0,658997	-0,424048
19,230000	0,664256	-0,450340
19,240000	0,664256	-0,471375
19,250000	0,674772	-0,497668
19,260000	0,674772	-0,518702
19,270000	0,674772	-0,539736
19,280000	0,674772	-0,560770
19,290000	0,680030	-0,581805
19,300000	0,680030	-0,602839
19,310000	0,680030	-0,618614
19,320000	0,680030	-0,639649
19,330000	0,680030	-0,655424
19,340000	0,674772	-0,671200
19,350000	0,674772	-0,692234
19,360000	0,669514	-0,708010
19,370000	0,669514	-0,723786
19,380000	0,658997	-0,739561
19,390000	0,653739	-0,755337
19,400000	0,648481	-0,771113
19,410000	0,643223	-0,786888
19,420000	0,632707	-0,797406
19,430000	0,622190	-0,813181
19,440000	0,611674	-0,823698
19,450000	0,606416	-0,839474
19,460000	0,595900	-0,844733
19,470000	0,585383	-0,860508
19,480000	0,574867	-0,865767
19,490000	0,559092	-0,876284
19,500000	0,553834	-0,881543
19,510000	0,538060	-0,886801
19,520000	0,527543	-0,897318
19,530000	0,517027	-0,897318
19,540000	0,495994	-0,902577
19,550000	0,490736	-0,907835
19,560000	0,469704	-0,907835
19,570000	0,459187	-0,907835
19,580000	0,443413	-0,907835
19,590000	0,427638	-0,907835
19,600000	0,411864	-0,913094
19,610000	0,401348	-0,907835
19,620000	0,380315	-0,902577
19,630000	0,364540	-0,902577
19,640000	0,343508	-0,897318
19,650000	0,327733	-0,892060
19,660000	0,311959	-0,886801
19,670000	0,290926	-0,886801
19,680000	0,269894	-0,876284
19,690000	0,254119	-0,871025
19,700000	0,238345	-0,865767
19,710000	0,217312	-0,855250
19,720000	0,196279	-0,844733
19,730000	0,180505	-0,839474
19,740000	0,159472	-0,828957
19,750000	0,143698	-0,818440
19,760000	0,122665	-0,802664
19,770000	0,106890	-0,792147
19,780000	0,085858	-0,781630
19,790000	0,070083	-0,765854
19,800000	0,054309	-0,750079
19,810000	0,033276	-0,734303
19,820000	0,017502	-0,723786
19,830000	0,001727	-0,702751
19,840000	-0,019305	-0,692234
19,850000	-0,040338	-0,671200
19,860000	-0,056113	-0,655424
19,870000	-0,071887	-0,639649
19,880000	-0,087661	-0,618614
19,890000	-0,103436	-0,597580
19,900000	-0,124469	-0,576546
19,910000	-0,134985	-0,560770
19,920000	-0,150759	-0,539736
19,930000	-0,166534	-0,518702
19,940000	-0,182308	-0,502926
19,950000	-0,192825	-0,481892
19,960000	-0,208599	-0,460858
19,970000	-0,219116	-0,434565
19,980000	-0,229632	-0,413531
19,990000	-0,240148	-0,392496
