t (s)	U1(V)	U2(V)
0,000000	-0,092920	-0,403013
0,010000	-0,113952	-0,418789
0,020000	-0,134985	-0,439823
0,030000	-0,150759	-0,455599
0,040000	-0,177050	-0,471375
0,050000	-0,192825	-0,487150
0,060000	-0,213857	-0,497668
0,070000	-0,229632	-0,518702
0,080000	-0,250664	-0,529219
0,090000	-0,266439	-0,544995
0,100000	-0,287472	-0,560770
0,110000	-0,303246	-0,576546
0,120000	-0,319021	-0,587063
0,130000	-0,334795	-0,602839
0,140000	-0,355828	-0,613356
0,150000	-0,366344	-0,623873
0,160000	-0,387377	-0,639649
0,170000	-0,397893	-0,650166
0,180000	-0,413668	-0,660683
0,190000	-0,424184	-0,671200
0,200000	-0,439958	-0,681717
0,210000	-0,450475	-0,692234
0,220000	-0,460991	-0,692234
0,230000	-0,466249	-0,708010
0,240000	-0,482024	-0,708010
0,250000	-0,487282	-0,713269
0,260000	-0,492540	-0,723786
0,270000	-0,503056	-0,729044
0,280000	-0,513573	-0,723786
0,290000	-0,513573	-0,729044
0,300000	-0,518831	-0,734303
0,310000	-0,524089	-0,729044
0,320000	-0,529347	-0,729044
0,330000	-0,529347	-0,729044
0,340000	-0,529347	-0,729044
0,350000	-0,529347	-0,723786
0,360000	-0,529347	-0,723786
0,370000	-0,529347	-0,723786
0,380000	-0,529347	-0,718527
0,390000	-0,524089	-0,718527
0,400000	-0,524089	-0,713269
0,410000	-0,518831	-0,708010
0,420000	-0,513573	-0,702751
0,430000	-0,513573	-0,697493
0,440000	-0,508314	-0,686976
0,450000	-0,497798	-0,681717
0,460000	-0,492540	-0,671200
0,470000	-0,482024	-0,660683
0,480000	-0,476765	-0,650166
0,490000	-0,466249	-0,644907
0,500000	-0,455733	-0,639649
0,510000	-0,445216	-0,623873
0,520000	-0,429442	-0,613356
0,530000	-0,418926	-0,602839
0,540000	-0,408409	-0,592322
0,550000	-0,397893	-0,576546
0,560000	-0,376860	-0,560770
0,570000	-0,361086	-0,550253
0,580000	-0,345311	-0,534477
0,590000	-0,329537	-0,518702
0,600000	-0,313762	-0,502926
0,610000	-0,297988	-0,492409
0,620000	-0,276955	-0,471375
0,630000	-0,261181	-0,460858
0,640000	-0,245406	-0,445082
0,650000	-0,224374	-0,424048
0,660000	-0,203341	-0,408272
0,670000	-0,187567	-0,387238
0,680000	-0,166534	-0,371462
0,690000	-0,145501	-0,355686
0,700000	-0,124469	-0,339911
0,710000	-0,103436	-0,318876
0,720000	-0,082403	-0,303101
0,730000	-0,061371	-0,287325
0,740000	-0,040338	-0,266291
0,750000	-0,014047	-0,245257
0,760000	0,006985	-0,224222
0,770000	0,028018	-0,203188
0,780000	0,054309	-0,182154
0,790000	0,075342	-0,161120
0,800000	0,096374	-0,140085
0,810000	0,122665	-0,124310
0,820000	0,143698	-0,103275
0,830000	0,164730	-0,082241
0,840000	0,191021	-0,066465
0,850000	0,212054	-0,045431
0,860000	0,233086	-0,029655
0,870000	0,254119	-0,013880
0,880000	0,275152	0,007154
0,890000	0,301442	0,033447
0,900000	0,322475	0,049223
0,910000	0,343508	0,070257
0,920000	0,364540	0,086033
0,930000	0,390831	0,101809
0,940000	0,406606	0,117584
0,950000	0,427638	0,138619
0,960000	0,448671	0,154394
0,970000	0,469704	0,170170
0,980000	0,485478	0,185946
0,990000	0,506511	0,201721
1,000000	0,522285	0,217497
1,010000	0,543318	0,228014
1,020000	0,559092	0,243790
1,030000	0,580125	0,259565
1,040000	0,595900	0,270083
1,050000	0,611674	0,280600
1,060000	0,627448	0,291117
1,070000	0,643223	0,301634
1,080000	0,658997	0,312151
1,090000	0,674772	0,322668
1,100000	0,685288	0,333185
1,110000	0,695805	0,338444
1,120000	0,706321	0,343702
1,130000	0,711579	0,359478
1,140000	0,732612	0,359478
1,150000	0,737870	0,364737
1,160000	0,743128	0,369995
1,170000	0,753644	0,375254
1,180000	0,758903	0,380512
1,190000	0,769419	0,380512
1,200000	0,774677	0,380512
1,210000	0,774677	0,385771
1,220000	0,785193	0,385771
1,230000	0,785193	0,380512
1,240000	0,785193	0,385771
1,250000	0,790451	0,385771
1,260000	0,790451	0,385771
1,270000	0,790451	0,385771
1,280000	0,790451	0,380512
1,290000	0,785193	0,380512
1,300000	0,779935	0,375254
1,310000	0,779935	0,375254
1,320000	0,774677	0,369995
1,330000	0,769419	0,369995
1,340000	0,764161	0,359478
1,350000	0,758903	0,348961
1,360000	0,753644	0,343702
1,370000	0,743128	0,333185
1,380000	0,732612	0,327927
1,390000	0,727354	0,317410
1,400000	0,716837	0,306893
1,410000	0,706321	0,296375
1,420000	0,695805	0,285858
1,430000	0,680030	0,270083
1,440000	0,669514	0,259565
1,450000	0,653739	0,249048
1,460000	0,643223	0,233273
1,470000	0,622190	0,217497
1,480000	0,611674	0,201721
1,490000	0,595900	0,185946
1,500000	0,580125	0,170170
1,510000	0,564351	0,154394
1,520000	0,548576	0,138619
1,530000	0,527543	0,128101
1,540000	0,511769	0,107067
1,550000	0,490736	0,091291
1,560000	0,469704	0,070257
1,570000	0,448671	0,054482
1,580000	0,432897	0,038706
1,590000	0,411864	0,017672
1,600000	0,390831	0,001896
1,610000	0,369799	-0,019138
1,620000	0,343508	-0,040173
1,630000	0,322475	-0,061207
1,640000	0,296184	-0,076983
1,650000	0,280410	-0,103275
1,660000	0,254119	-0,124310
1,670000	0,233086	-0,145344
1,680000	0,212054	-0,161120
1,690000	0,185763	-0,182154
1,700000	0,164730	-0,203188
1,710000	0,138439	-0,224222
1,720000	0,117407	-0,245257
1,730000	0,096374	-0,266291
1,740000	0,070083	-0,287325
1,750000	0,043793	-0,303101
1,760000	0,028018	-0,324135
1,770000	0,006985	-0,334652
1,780000	-0,024564	-0,355686
1,790000	-0,045596	-0,371462
1,800000	-0,066629	-0,387238
1,810000	-0,087661	-0,408272
1,820000	-0,108694	-0,418789
1,830000	-0,129727	-0,434565
1,840000	-0,150759	-0,450340
1,850000	-0,166534	-0,471375
1,860000	-0,192825	-0,487150
1,870000	-0,208599	-0,502926
1,880000	-0,229632	-0,513443
1,890000	-0,245406	-0,529219
1,900000	-0,266439	-0,539736
1,910000	-0,282213	-0,555512
1,920000	-0,297988	-0,576546
1,930000	-0,319021	-0,587063
1,940000	-0,334795	-0,602839
1,950000	-0,350570	-0,608097
1,960000	-0,366344	-0,623873
1,970000	-0,382119	-0,634390
1,980000	-0,397893	-0,644907
1,990000	-0,408409	-0,655424
2,000000	-0,424184	-0,665942
2,010000	-0,434700	-0,681717
2,020000	-0,445216	-0,681717
2,030000	-0,460991	-0,686976
2,040000	-0,466249	-0,692234
2,050000	-0,476765	-0,697493
2,060000	-0,487282	-0,702751
2,070000	-0,497798	-0,708010
2,080000	-0,503056	-0,718527
2,090000	-0,508314	-0,723786
2,100000	-0,518831	-0,723786
2,110000	-0,524089	-0,729044
2,120000	-0,524089	-0,734303
2,130000	-0,529347	-0,734303
2,140000	-0,534605	-0,734303
2,150000	-0,534605	-0,734303
2,160000	-0,534605	-0,734303
2,170000	-0,539863	-0,729044
2,180000	-0,534605	-0,729044
2,190000	-0,534605	-0,729044
2,200000	-0,534605	-0,723786
2,210000	-0,529347	-0,718527
2,220000	-0,529347	-0,718527
2,230000	-0,524089	-0,708010
2,240000	-0,518831	-0,702751
2,250000	-0,513573	-0,697493
2,260000	-0,508314	-0,697493
2,270000	-0,497798	-0,686976
2,280000	-0,487282	-0,676459
2,290000	-0,482024	-0,671200
2,300000	-0,471507	-0,665942
2,310000	-0,460991	-0,655424
2,320000	-0,450475	-0,639649
2,330000	-0,445216	-0,634390
2,340000	-0,429442	-0,618614
2,350000	-0,418926	-0,608097
2,360000	-0,403151	-0,597580
2,370000	-0,387377	-0,587063
2,380000	-0,376860	-0,566029
2,390000	-0,361086	-0,555512
2,400000	-0,345311	-0,539736
2,410000	-0,334795	-0,523960
2,420000	-0,313762	-0,508185
2,430000	-0,297988	-0,492409
2,440000	-0,276955	-0,471375
2,450000	-0,261181	-0,460858
2,460000	-0,245406	-0,445082
2,470000	-0,224374	-0,424048
2,480000	-0,203341	-0,408272
2,490000	-0,187567	-0,387238
2,500000	-0,166534	-0,371462
2,510000	-0,140243	-0,350428
2,520000	-0,124469	-0,329394
2,530000	-0,103436	-0,313618
2,540000	-0,077145	-0,292584
2,550000	-0,056113	-0,271549
2,560000	-0,029822	-0,250515
2,570000	-0,014047	-0,239998
2,580000	0,012244	-0,213705
2,590000	0,033276	-0,192671
2,600000	0,059567	-0,176895
2,610000	0,080600	-0,155861
2,620000	0,106890	-0,134827
2,630000	0,127923	-0,113792
2,640000	0,148956	-0,098017
2,650000	0,169988	-0,076983
2,660000	0,196279	-0,061207
2,670000	0,217312	-0,040173
2,680000	0,238345	-0,024397
2,690000	0,264635	0,001896
2,700000	0,285668	0,017672
2,710000	0,306701	0,033447
2,720000	0,332991	0,049223
2,730000	0,354024	0,070257
2,740000	0,375057	0,086033
2,750000	0,396089	0,101809
2,760000	0,417122	0,122843
2,770000	0,438155	0,133360
2,780000	0,459187	0,154394
2,790000	0,474962	0,164911
2,800000	0,495994	0,180687
2,810000	0,517027	0,196463
2,820000	0,532802	0,212238
2,830000	0,553834	0,228014
2,840000	0,569609	0,238531
2,850000	0,585383	0,254307
2,860000	0,601158	0,264824
2,870000	0,622190	0,275341
2,880000	0,637965	0,291117
2,890000	0,648481	0,301634
2,900000	0,658997	0,312151
2,910000	0,674772	0,322668
2,920000	0,690546	0,333185
2,930000	0,701063	0,338444
2,940000	0,711579	0,348961
2,950000	0,722095	0,354220
2,960000	0,732612	0,364737
2,970000	0,737870	0,369995
2,980000	0,748386	0,380512
2,990000	0,758903	0,380512
3,000000	0,764161	0,391030
3,010000	0,769419	0,391030
3,020000	0,774677	0,396288
3,030000	0,779935	0,396288
3,040000	0,785193	0,401547
3,050000	0,790451	0,401547
3,060000	0,790451	0,401547
3,070000	0,790451	0,401547
3,080000	0,790451	0,401547
3,090000	0,795710	0,401547
3,100000	0,790451	0,396288
3,110000	0,795710	0,391030
3,120000	0,785193	0,391030
3,130000	0,785193	0,385771
3,140000	0,785193	0,385771
3,150000	0,774677	0,375254
3,160000	0,774677	0,369995
3,170000	0,764161	0,364737
3,180000	0,753644	0,354220
3,190000	0,743128	0,343702
3,200000	0,737870	0,333185
3,210000	0,727354	0,327927
3,220000	0,716837	0,312151
3,230000	0,706321	0,306893
3,240000	0,690546	0,291117
3,250000	0,680030	0,275341
3,260000	0,664256	0,264824
3,270000	0,653739	0,254307
3,280000	0,637965	0,238531
3,290000	0,627448	0,222756
3,300000	0,611674	0,212238
3,310000	0,595900	0,196463
3,320000	0,580125	0,180687
3,330000	0,559092	0,164911
3,340000	0,543318	0,154394
3,350000	0,522285	0,138619
3,360000	0,506511	0,117584
3,370000	0,490736	0,107067
3,380000	0,469704	0,086033
3,390000	0,448671	0,064999
3,400000	0,427638	0,054482
3,410000	0,406606	0,033447
3,420000	0,385573	0,012413
3,430000	0,364540	-0,008621
3,440000	0,343508	-0,024397
3,450000	0,322475	-0,040173
3,460000	0,301442	-0,055948
3,470000	0,275152	-0,076983
3,480000	0,254119	-0,098017
3,490000	0,233086	-0,113792
3,500000	0,212054	-0,134827
3,510000	0,185763	-0,155861
3,520000	0,164730	-0,171637
3,530000	0,138439	-0,192671
3,540000	0,117407	-0,213705
3,550000	0,091116	-0,234739
3,560000	0,075342	-0,250515
3,570000	0,049051	-0,271549
3,580000	0,028018	-0,292584
3,590000	0,001727	-0,308359
3,600000	-0,024564	-0,329394
3,610000	-0,045596	-0,350428
3,620000	-0,066629	-0,371462
3,630000	-0,087661	-0,387238
3,640000	-0,113952	-0,408272
3,650000	-0,134985	-0,424048
3,660000	-0,150759	-0,439823
3,670000	-0,177050	-0,455599
3,680000	-0,192825	-0,471375
3,690000	-0,213857	-0,487150
3,700000	-0,234890	-0,502926
3,710000	-0,250664	-0,518702
3,720000	-0,271697	-0,534477
3,730000	-0,287472	-0,550253
3,740000	-0,308504	-0,560770
3,750000	-0,324279	-0,576546
3,760000	-0,340053	-0,587063
3,770000	-0,355828	-0,597580
3,780000	-0,371602	-0,608097
3,790000	-0,387377	-0,618614
3,800000	-0,397893	-0,629132
3,810000	-0,413668	-0,639649
3,820000	-0,424184	-0,650166
3,830000	-0,439958	-0,655424
3,840000	-0,450475	-0,665942
3,850000	-0,466249	-0,671200
3,860000	-0,471507	-0,681717
3,870000	-0,482024	-0,686976
3,880000	-0,487282	-0,692234
3,890000	-0,497798	-0,702751
3,900000	-0,508314	-0,708010
3,910000	-0,513573	-0,708010
3,920000	-0,524089	-0,718527
3,930000	-0,529347	-0,718527
3,940000	-0,534605	-0,718527
3,950000	-0,534605	-0,723786
3,960000	-0,534605	-0,723786
3,970000	-0,539863	-0,723786
3,980000	-0,545122	-0,723786
3,990000	-0,539863	-0,723786
4,000000	-0,545122	-0,718527
4,010000	-0,545122	-0,718527
4,020000	-0,539863	-0,718527
4,030000	-0,534605	-0,713269
4,040000	-0,534605	-0,713269
4,050000	-0,529347	-0,708010
4,060000	-0,518831	-0,708010
4,070000	-0,518831	-0,697493
4,080000	-0,513573	-0,692234
4,090000	-0,503056	-0,686976
4,100000	-0,492540	-0,676459
4,110000	-0,487282	-0,671200
4,120000	-0,476765	-0,660683
4,130000	-0,466249	-0,655424
4,140000	-0,455733	-0,644907
4,150000	-0,445216	-0,634390
4,160000	-0,429442	-0,618614
4,170000	-0,413668	-0,608097
4,180000	-0,403151	-0,597580
4,190000	-0,387377	-0,587063
4,200000	-0,371602	-0,571287
4,210000	-0,361086	-0,560770
4,220000	-0,345311	-0,544995
4,230000	-0,324279	-0,529219
4,240000	-0,308504	-0,518702
4,250000	-0,287472	-0,502926
4,260000	-0,271697	-0,492409
4,270000	-0,250664	-0,471375
4,280000	-0,234890	-0,455599
4,290000	-0,219116	-0,434565
4,300000	-0,198083	-0,418789
4,310000	-0,177050	-0,397755
4,320000	-0,156018	-0,381979
4,330000	-0,134985	-0,360945
4,340000	-0,108694	-0,345169
4,350000	-0,092920	-0,324135
4,360000	-0,066629	-0,303101
4,370000	-0,050854	-0,287325
4,380000	-0,024564	-0,266291
4,390000	0,001727	-0,250515
4,400000	0,022760	-0,229481
4,410000	0,043793	-0,208447
4,420000	0,064825	-0,192671
4,430000	0,091116	-0,171637
4,440000	0,112149	-0,150602
4,450000	0,138439	-0,134827
4,460000	0,159472	-0,119051
4,470000	0,180505	-0,103275
4,480000	0,201537	-0,082241
4,490000	0,227828	-0,061207
4,500000	0,248861	-0,045431
4,510000	0,269894	-0,029655
4,520000	0,290926	-0,008621
4,530000	0,317217	0,012413
4,540000	0,338250	0,033447
4,550000	0,359282	0,049223
4,560000	0,375057	0,064999
4,570000	0,401348	0,080774
4,580000	0,417122	0,101809
4,590000	0,443413	0,117584
4,600000	0,464445	0,133360
4,610000	0,480220	0,149136
4,620000	0,495994	0,170170
4,630000	0,517027	0,185946
4,640000	0,532802	0,196463
4,650000	0,553834	0,212238
4,660000	0,569609	0,228014
4,670000	0,585383	0,243790
4,680000	0,601158	0,254307
4,690000	0,616932	0,264824
4,700000	0,632707	0,280600
4,710000	0,648481	0,285858
4,720000	0,658997	0,301634
4,730000	0,674772	0,312151
4,740000	0,685288	0,322668
4,750000	0,701063	0,333185
4,760000	0,711579	0,338444
4,770000	0,722095	0,348961
4,780000	0,732612	0,354220
4,790000	0,743128	0,359478
4,800000	0,753644	0,369995
4,810000	0,753644	0,375254
4,820000	0,764161	0,380512
4,830000	0,769419	0,385771
4,840000	0,779935	0,391030
4,850000	0,779935	0,396288
4,860000	0,785193	0,396288
4,870000	0,790451	0,396288
4,880000	0,790451	0,401547
4,890000	0,795710	0,401547
4,900000	0,795710	0,401547
4,910000	0,795710	0,406805
4,920000	0,790451	0,406805
4,930000	0,790451	0,401547
4,940000	0,790451	0,401547
4,950000	0,779935	0,396288
4,960000	0,774677	0,391030
4,970000	0,774677	0,391030
4,980000	0,764161	0,380512
4,990000	0,758903	0,375254
5,000000	0,753644	0,369995
5,010000	0,743128	0,359478
5,020000	0,732612	0,354220
5,030000	0,722095	0,343702
5,040000	0,716837	0,333185
5,050000	0,701063	0,327927
5,060000	0,685288	0,317410
5,070000	0,674772	0,301634
5,080000	0,664256	0,291117
5,090000	0,648481	0,280600
5,100000	0,632707	0,270083
5,110000	0,622190	0,254307
5,120000	0,606416	0,238531
5,130000	0,590641	0,222756
5,140000	0,574867	0,212238
5,150000	0,553834	0,196463
5,160000	0,538060	0,180687
5,170000	0,517027	0,159653
5,180000	0,501253	0,149136
5,190000	0,480220	0,133360
5,200000	0,464445	0,112326
5,210000	0,443413	0,101809
5,220000	0,427638	0,080774
5,230000	0,401348	0,064999
5,240000	0,380315	0,043964
5,250000	0,359282	0,022930
5,260000	0,338250	0,001896
5,270000	0,317217	-0,024397
5,280000	0,290926	-0,040173
5,290000	0,275152	-0,061207
5,300000	0,248861	-0,082241
5,310000	0,222570	-0,103275
5,320000	0,201537	-0,119051
5,330000	0,180505	-0,140085
5,340000	0,154214	-0,161120
5,350000	0,133181	-0,182154
5,360000	0,112149	-0,197929
5,370000	0,091116	-0,218964
5,380000	0,064825	-0,239998
5,390000	0,043793	-0,255774
5,400000	0,017502	-0,276808
5,410000	-0,008789	-0,297842
5,420000	-0,029822	-0,313618
5,430000	-0,050854	-0,329394
5,440000	-0,071887	-0,350428
5,450000	-0,098178	-0,360945
5,460000	-0,119210	-0,381979
5,470000	-0,134985	-0,397755
5,480000	-0,161276	-0,413531
5,490000	-0,177050	-0,429306
5,500000	-0,198083	-0,445082
5,510000	-0,219116	-0,460858
5,520000	-0,234890	-0,471375
5,530000	-0,255923	-0,487150
5,540000	-0,276955	-0,502926
5,550000	-0,292730	-0,513443
5,560000	-0,308504	-0,529219
5,570000	-0,329537	-0,544995
5,580000	-0,340053	-0,550253
5,590000	-0,355828	-0,566029
5,600000	-0,371602	-0,581805
5,610000	-0,387377	-0,597580
5,620000	-0,403151	-0,608097
5,630000	-0,413668	-0,618614
5,640000	-0,424184	-0,629132
5,650000	-0,439958	-0,639649
5,660000	-0,450475	-0,650166
5,670000	-0,460991	-0,660683
5,680000	-0,476765	-0,665942
5,690000	-0,482024	-0,676459
5,700000	-0,492540	-0,681717
5,710000	-0,497798	-0,686976
5,720000	-0,508314	-0,692234
5,730000	-0,508314	-0,702751
5,740000	-0,518831	-0,708010
5,750000	-0,524089	-0,708010
5,760000	-0,524089	-0,713269
5,770000	-0,529347	-0,713269
5,780000	-0,529347	-0,713269
5,790000	-0,534605	-0,718527
5,800000	-0,534605	-0,713269
5,810000	-0,534605	-0,713269
5,820000	-0,539863	-0,718527
5,830000	-0,534605	-0,713269
5,840000	-0,534605	-0,708010
5,850000	-0,529347	-0,708010
5,860000	-0,529347	-0,702751
5,870000	-0,524089	-0,697493
5,880000	-0,518831	-0,697493
5,890000	-0,513573	-0,692234
5,900000	-0,503056	-0,686976
5,910000	-0,497798	-0,681717
5,920000	-0,492540	-0,671200
5,930000	-0,482024	-0,671200
5,940000	-0,471507	-0,655424
5,950000	-0,466249	-0,650166
5,960000	-0,450475	-0,639649
5,970000	-0,439958	-0,629132
5,980000	-0,429442	-0,613356
5,990000	-0,413668	-0,602839
6,000000	-0,403151	-0,592322
6,010000	-0,387377	-0,581805
6,020000	-0,371602	-0,571287
6,030000	-0,355828	-0,555512
6,040000	-0,340053	-0,539736
6,050000	-0,324279	-0,529219
6,060000	-0,308504	-0,513443
6,070000	-0,292730	-0,497668
6,080000	-0,271697	-0,481892
6,090000	-0,255923	-0,471375
6,100000	-0,234890	-0,450340
6,110000	-0,213857	-0,434565
6,120000	-0,192825	-0,418789
6,130000	-0,171792	-0,403013
6,140000	-0,150759	-0,381979
6,150000	-0,134985	-0,371462
6,160000	-0,108694	-0,350428
6,170000	-0,092920	-0,329394
6,180000	-0,066629	-0,308359
6,190000	-0,050854	-0,297842
6,200000	-0,019305	-0,271549
6,210000	0,001727	-0,255774
6,220000	0,022760	-0,234739
6,230000	0,049051	-0,218964
6,240000	0,070083	-0,197929
6,250000	0,091116	-0,176895
6,260000	0,112149	-0,155861
6,270000	0,138439	-0,140085
6,280000	0,159472	-0,119051
6,290000	0,185763	-0,103275
6,300000	0,206796	-0,082241
6,310000	0,227828	-0,066465
6,320000	0,248861	-0,050690
6,330000	0,275152	-0,029655
6,340000	0,296184	-0,008621
6,350000	0,322475	0,007154
6,360000	0,343508	0,022930
6,370000	0,369799	0,038706
6,380000	0,385573	0,059740
6,390000	0,411864	0,075516
6,400000	0,432897	0,091291
6,410000	0,453929	0,107067
6,420000	0,469704	0,122843
6,430000	0,490736	0,138619
6,440000	0,511769	0,159653
6,450000	0,532802	0,175428
6,460000	0,548576	0,191204
6,470000	0,564351	0,206980
6,480000	0,580125	0,217497
6,490000	0,595900	0,233273
6,500000	0,611674	0,249048
6,510000	0,627448	0,264824
6,520000	0,643223	0,270083
6,530000	0,658997	0,285858
6,540000	0,669514	0,301634
6,550000	0,680030	0,306893
6,560000	0,695805	0,317410
6,570000	0,706321	0,327927
6,580000	0,716837	0,333185
6,590000	0,727354	0,343702
6,600000	0,737870	0,348961
6,610000	0,743128	0,354220
6,620000	0,753644	0,364737
6,630000	0,758903	0,369995
6,640000	0,764161	0,375254
6,650000	0,769419	0,380512
6,660000	0,774677	0,385771
6,670000	0,774677	0,391030
6,680000	0,779935	0,391030
6,690000	0,779935	0,396288
6,700000	0,785193	0,391030
6,710000	0,785193	0,396288
6,720000	0,785193	0,396288
6,730000	0,790451	0,396288
6,740000	0,785193	0,391030
6,750000	0,785193	0,391030
6,760000	0,779935	0,385771
6,770000	0,769419	0,380512
6,780000	0,769419	0,380512
6,790000	0,764161	0,369995
6,800000	0,758903	0,364737
6,810000	0,753644	0,359478
6,820000	0,748386	0,354220
6,830000	0,737870	0,343702
6,840000	0,732612	0,333185
6,850000	0,716837	0,327927
6,860000	0,711579	0,317410
6,870000	0,695805	0,306893
6,880000	0,690546	0,296375
6,890000	0,680030	0,285858
6,900000	0,664256	0,280600
6,910000	0,643223	0,264824
6,920000	0,632707	0,254307
6,930000	0,611674	0,243790
6,940000	0,601158	0,228014
6,950000	0,585383	0,217497
6,960000	0,569609	0,201721
6,970000	0,548576	0,185946
6,980000	0,532802	0,170170
6,990000	0,511769	0,154394
7,000000	0,490736	0,133360
7,010000	0,469704	0,117584
7,020000	0,453929	0,101809
7,030000	0,432897	0,086033
7,040000	0,411864	0,064999
7,050000	0,385573	0,043964
7,060000	0,375057	0,028189
7,070000	0,354024	0,012413
7,080000	0,332991	-0,008621
7,090000	0,311959	-0,024397
7,100000	0,290926	-0,045431
7,110000	0,259377	-0,061207
7,120000	0,238345	-0,082241
7,130000	0,222570	-0,098017
7,140000	0,196279	-0,119051
7,150000	0,164730	-0,140085
7,160000	0,148956	-0,155861
7,170000	0,117407	-0,176895
7,180000	0,101632	-0,197929
7,190000	0,080600	-0,213705
7,200000	0,059567	-0,234739
7,210000	0,038534	-0,255774
7,220000	0,012244	-0,276808
7,230000	-0,014047	-0,297842
7,240000	-0,035080	-0,313618
7,250000	-0,056113	-0,329394
7,260000	-0,077145	-0,345169
7,270000	-0,103436	-0,366203
7,280000	-0,119210	-0,381979
7,290000	-0,134985	-0,403013
7,300000	-0,161276	-0,418789
7,310000	-0,182308	-0,434565
7,320000	-0,203341	-0,450340
7,330000	-0,219116	-0,466116
7,340000	-0,240148	-0,481892
7,350000	-0,255923	-0,492409
7,360000	-0,276955	-0,513443
7,370000	-0,292730	-0,529219
7,380000	-0,313762	-0,539736
7,390000	-0,329537	-0,555512
7,400000	-0,340053	-0,566029
7,410000	-0,355828	-0,576546
7,420000	-0,376860	-0,587063
7,430000	-0,392635	-0,597580
7,440000	-0,408409	-0,608097
7,450000	-0,413668	-0,618614
7,460000	-0,434700	-0,629132
7,470000	-0,445216	-0,639649
7,480000	-0,455733	-0,650166
7,490000	-0,471507	-0,660683
7,500000	-0,476765	-0,665942
7,510000	-0,487282	-0,676459
7,520000	-0,497798	-0,686976
7,530000	-0,503056	-0,692234
7,540000	-0,508314	-0,697493
7,550000	-0,513573	-0,708010
7,560000	-0,518831	-0,708010
7,570000	-0,524089	-0,713269
7,580000	-0,529347	-0,713269
7,590000	-0,534605	-0,718527
7,600000	-0,534605	-0,723786
7,610000	-0,529347	-0,723786
7,620000	-0,534605	-0,729044
7,630000	-0,539863	-0,729044
7,640000	-0,534605	-0,729044
7,650000	-0,539863	-0,723786
7,660000	-0,534605	-0,723786
7,670000	-0,534605	-0,718527
7,680000	-0,524089	-0,718527
7,690000	-0,513573	-0,713269
7,700000	-0,513573	-0,708010
7,710000	-0,508314	-0,702751
7,720000	-0,503056	-0,697493
7,730000	-0,492540	-0,692234
7,740000	-0,482024	-0,686976
7,750000	-0,476765	-0,676459
7,760000	-0,466249	-0,671200
7,770000	-0,455733	-0,660683
7,780000	-0,445216	-0,650166
7,790000	-0,434700	-0,639649
7,800000	-0,418926	-0,623873
7,810000	-0,397893	-0,613356
7,820000	-0,392635	-0,597580
7,830000	-0,376860	-0,587063
7,840000	-0,361086	-0,576546
7,850000	-0,350570	-0,560770
7,860000	-0,329537	-0,550253
7,870000	-0,313762	-0,534477
7,880000	-0,297988	-0,523960
7,890000	-0,276955	-0,508185
7,900000	-0,261181	-0,492409
7,910000	-0,234890	-0,481892
7,920000	-0,219116	-0,460858
7,930000	-0,203341	-0,445082
7,940000	-0,182308	-0,429306
7,950000	-0,161276	-0,413531
7,960000	-0,145501	-0,397755
7,970000	-0,119210	-0,376721
7,980000	-0,098178	-0,360945
7,990000	-0,082403	-0,345169
8,000000	-0,056113	-0,324135
8,010000	-0,040338	-0,308359
8,020000	-0,014047	-0,282066
8,030000	0,012244	-0,266291
8,040000	0,033276	-0,250515
8,050000	0,054309	-0,234739
8,060000	0,080600	-0,213705
8,070000	0,101632	-0,192671
8,080000	0,127923	-0,171637
8,090000	0,148956	-0,155861
8,100000	0,175247	-0,134827
8,110000	0,196279	-0,119051
8,120000	0,217312	-0,098017
8,130000	0,243603	-0,076983
8,140000	0,264635	-0,061207
8,150000	0,285668	-0,040173
8,160000	0,306701	-0,019138
8,170000	0,322475	0,001896
8,180000	0,348766	0,022930
8,190000	0,364540	0,038706
8,200000	0,390831	0,059740
8,210000	0,411864	0,075516
8,220000	0,432897	0,096550
8,230000	0,453929	0,112326
8,240000	0,474962	0,128101
8,250000	0,490736	0,143877
8,260000	0,506511	0,159653
8,270000	0,527543	0,175428
8,280000	0,548576	0,191204
8,290000	0,564351	0,206980
8,300000	0,580125	0,222756
8,310000	0,606416	0,233273
8,320000	0,616932	0,243790
8,330000	0,632707	0,259565
8,340000	0,643223	0,270083
8,350000	0,658997	0,280600
8,360000	0,674772	0,291117
8,370000	0,685288	0,296375
8,380000	0,695805	0,312151
8,390000	0,706321	0,317410
8,400000	0,716837	0,327927
8,410000	0,727354	0,338444
8,420000	0,737870	0,343702
8,430000	0,748386	0,354220
8,440000	0,753644	0,359478
8,450000	0,758903	0,369995
8,460000	0,769419	0,375254
8,470000	0,769419	0,385771
8,480000	0,774677	0,385771
8,490000	0,779935	0,391030
8,500000	0,779935	0,391030
8,510000	0,779935	0,396288
8,520000	0,785193	0,396288
8,530000	0,785193	0,396288
8,540000	0,785193	0,396288
8,550000	0,779935	0,401547
8,560000	0,779935	0,396288
8,570000	0,779935	0,391030
8,580000	0,774677	0,396288
8,590000	0,769419	0,391030
8,600000	0,764161	0,385771
8,610000	0,758903	0,380512
8,620000	0,753644	0,375254
8,630000	0,748386	0,369995
8,640000	0,737870	0,364737
8,650000	0,732612	0,359478
8,660000	0,716837	0,348961
8,670000	0,706321	0,343702
8,680000	0,695805	0,333185
8,690000	0,685288	0,322668
8,700000	0,674772	0,312151
8,710000	0,658997	0,301634
8,720000	0,643223	0,291117
8,730000	0,627448	0,280600
8,740000	0,616932	0,264824
8,750000	0,601158	0,254307
8,760000	0,585383	0,238531
8,770000	0,564351	0,222756
8,780000	0,548576	0,212238
8,790000	0,527543	0,196463
8,800000	0,517027	0,180687
8,810000	0,495994	0,164911
8,820000	0,474962	0,149136
8,830000	0,459187	0,128101
8,840000	0,432897	0,112326
8,850000	0,417122	0,096550
8,860000	0,396089	0,075516
8,870000	0,369799	0,059740
8,880000	0,354024	0,038706
8,890000	0,327733	0,017672
8,900000	0,311959	0,001896
8,910000	0,290926	-0,019138
8,920000	0,269894	-0,040173
8,930000	0,243603	-0,055948
8,940000	0,222570	-0,076983
8,950000	0,201537	-0,098017
8,960000	0,180505	-0,119051
8,970000	0,154214	-0,140085
8,980000	0,138439	-0,161120
8,990000	0,112149	-0,176895
9,000000	0,091116	-0,197929
9,010000	0,070083	-0,213705
9,020000	0,049051	-0,234739
9,030000	0,022760	-0,255774
9,040000	0,001727	-0,271549
9,050000	-0,024564	-0,297842
9,060000	-0,045596	-0,313618
9,070000	-0,066629	-0,329394
9,080000	-0,087661	-0,350428
9,090000	-0,113952	-0,366203
9,100000	-0,134985	-0,387238
9,110000	-0,156018	-0,403013
9,120000	-0,171792	-0,418789
9,130000	-0,192825	-0,434565
9,140000	-0,213857	-0,450340
9,150000	-0,229632	-0,466116
9,160000	-0,250664	-0,481892
9,170000	-0,271697	-0,497668
9,180000	-0,282213	-0,513443
9,190000	-0,303246	-0,529219
9,200000	-0,319021	-0,544995
9,210000	-0,340053	-0,560770
9,220000	-0,355828	-0,571287
9,230000	-0,366344	-0,581805
9,240000	-0,387377	-0,597580
9,250000	-0,397893	-0,608097
9,260000	-0,413668	-0,623873
9,270000	-0,429442	-0,629132
9,280000	-0,439958	-0,639649
9,290000	-0,455733	-0,655424
9,300000	-0,466249	-0,660683
9,310000	-0,476765	-0,676459
9,320000	-0,487282	-0,676459
9,330000	-0,492540	-0,686976
9,340000	-0,503056	-0,692234
9,350000	-0,508314	-0,702751
9,360000	-0,513573	-0,708010
9,370000	-0,518831	-0,713269
9,380000	-0,524089	-0,718527
9,390000	-0,529347	-0,718527
9,400000	-0,534605	-0,718527
9,410000	-0,534605	-0,723786
9,420000	-0,534605	-0,723786
9,430000	-0,534605	-0,729044
9,440000	-0,534605	-0,723786
9,450000	-0,534605	-0,729044
9,460000	-0,534605	-0,723786
9,470000	-0,534605	-0,723786
9,480000	-0,529347	-0,718527
9,490000	-0,524089	-0,718527
9,500000	-0,524089	-0,713269
9,510000	-0,518831	-0,708010
9,520000	-0,513573	-0,697493
9,530000	-0,503056	-0,697493
9,540000	-0,497798	-0,686976
9,550000	-0,492540	-0,681717
9,560000	-0,482024	-0,676459
9,570000	-0,471507	-0,671200
9,580000	-0,460991	-0,665942
9,590000	-0,450475	-0,650166
9,600000	-0,434700	-0,650166
9,610000	-0,429442	-0,639649
9,620000	-0,413668	-0,629132
9,630000	-0,408409	-0,618614
9,640000	-0,392635	-0,608097
9,650000	-0,376860	-0,597580
9,660000	-0,355828	-0,587063
9,670000	-0,345311	-0,571287
9,680000	-0,324279	-0,560770
9,690000	-0,308504	-0,544995
9,700000	-0,292730	-0,529219
9,710000	-0,271697	-0,513443
9,720000	-0,255923	-0,497668
9,730000	-0,240148	-0,481892
9,740000	-0,219116	-0,466116
9,750000	-0,203341	-0,445082
9,760000	-0,182308	-0,434565
9,770000	-0,161276	-0,413531
9,780000	-0,145501	-0,397755
9,790000	-0,119210	-0,381979
9,800000	-0,098178	-0,366203
9,810000	-0,077145	-0,350428
9,820000	-0,056113	-0,329394
9,830000	-0,035080	-0,308359
9,840000	-0,008789	-0,292584
9,850000	0,012244	-0,271549
9,860000	0,038534	-0,255774
9,870000	0,064825	-0,234739
9,880000	0,085858	-0,218964
9,890000	0,106890	-0,203188
9,900000	0,133181	-0,182154
9,910000	0,154214	-0,166378
9,920000	0,175247	-0,145344
9,930000	0,196279	-0,124310
9,940000	0,222570	-0,108534
9,950000	0,243603	-0,087500
9,960000	0,264635	-0,066465
9,970000	0,285668	-0,045431
9,980000	0,311959	-0,029655
9,990000	0,332991	-0,013880
10,000000	0,354024	0,012413
10,010000	0,375057	0,028189
10,020000	0,396089	0,049223
10,030000	0,417122	0,064999
10,040000	0,438155	0,086033
10,050000	0,459187	0,101809
10,060000	0,474962	0,122843
10,070000	0,495994	0,133360
10,080000	0,517027	0,154394
10,090000	0,532802	0,170170
10,100000	0,548576	0,185946
10,110000	0,564351	0,201721
10,120000	0,580125	0,212238
10,130000	0,601158	0,228014
10,140000	0,616932	0,243790
10,150000	0,632707	0,254307
10,160000	0,648481	0,264824
10,170000	0,658997	0,275341
10,180000	0,674772	0,285858
10,190000	0,685288	0,301634
10,200000	0,695805	0,306893
10,210000	0,706321	0,317410
10,220000	0,722095	0,327927
10,230000	0,727354	0,333185
10,240000	0,737870	0,343702
10,250000	0,743128	0,348961
10,260000	0,753644	0,354220
10,270000	0,758903	0,364737
10,280000	0,764161	0,369995
10,290000	0,769419	0,375254
10,300000	0,769419	0,380512
10,310000	0,774677	0,380512
10,320000	0,779935	0,380512
10,330000	0,774677	0,380512
10,340000	0,779935	0,385771
10,350000	0,779935	0,385771
10,360000	0,785193	0,385771
10,370000	0,779935	0,385771
10,380000	0,779935	0,385771
10,390000	0,774677	0,385771
10,400000	0,769419	0,385771
10,410000	0,764161	0,380512
10,420000	0,764161	0,375254
10,430000	0,758903	0,369995
10,440000	0,748386	0,369995
10,450000	0,743128	0,364737
10,460000	0,732612	0,359478
10,470000	0,727354	0,354220
10,480000	0,716837	0,348961
10,490000	0,706321	0,343702
10,500000	0,701063	0,333185
10,510000	0,685288	0,317410
10,520000	0,674772	0,312151
10,530000	0,658997	0,301634
10,540000	0,643223	0,291117
10,550000	0,627448	0,280600
10,560000	0,611674	0,264824
10,570000	0,601158	0,254307
10,580000	0,580125	0,238531
10,590000	0,564351	0,228014
10,600000	0,548576	0,212238
10,610000	0,527543	0,196463
10,620000	0,511769	0,180687
10,630000	0,495994	0,170170
10,640000	0,474962	0,149136
10,650000	0,453929	0,138619
10,660000	0,432897	0,117584
10,670000	0,411864	0,101809
10,680000	0,390831	0,086033
10,690000	0,369799	0,070257
10,700000	0,348766	0,049223
10,710000	0,327733	0,033447
10,720000	0,306701	0,012413
10,730000	0,285668	-0,008621
10,740000	0,259377	-0,029655
10,750000	0,243603	-0,050690
10,760000	0,217312	-0,061207
10,770000	0,191021	-0,082241
10,780000	0,175247	-0,103275
10,790000	0,148956	-0,124310
10,800000	0,127923	-0,140085
10,810000	0,101632	-0,155861
10,820000	0,085858	-0,176895
10,830000	0,059567	-0,197929
10,840000	0,038534	-0,218964
10,850000	0,017502	-0,234739
10,860000	-0,008789	-0,255774
10,870000	-0,024564	-0,271549
10,880000	-0,050854	-0,287325
10,890000	-0,071887	-0,308359
10,900000	-0,092920	-0,324135
10,910000	-0,113952	-0,345169
10,920000	-0,134985	-0,360945
10,930000	-0,156018	-0,381979
10,940000	-0,171792	-0,397755
10,950000	-0,192825	-0,413531
10,960000	-0,213857	-0,429306
10,970000	-0,229632	-0,445082
10,980000	-0,250664	-0,460858
10,990000	-0,266439	-0,476633
11,000000	-0,282213	-0,487150
11,010000	-0,303246	-0,508185
11,020000	-0,324279	-0,518702
11,030000	-0,340053	-0,539736
11,040000	-0,355828	-0,550253
11,050000	-0,371602	-0,560770
11,060000	-0,387377	-0,576546
11,070000	-0,403151	-0,587063
11,080000	-0,413668	-0,597580
11,090000	-0,429442	-0,613356
11,100000	-0,439958	-0,618614
11,110000	-0,450475	-0,634390
11,120000	-0,460991	-0,644907
11,130000	-0,471507	-0,650166
11,140000	-0,482024	-0,660683
11,150000	-0,487282	-0,671200
11,160000	-0,492540	-0,681717
11,170000	-0,503056	-0,686976
11,180000	-0,508314	-0,692234
11,190000	-0,513573	-0,697493
11,200000	-0,513573	-0,708010
11,210000	-0,524089	-0,718527
11,220000	-0,524089	-0,723786
11,230000	-0,529347	-0,723786
11,240000	-0,529347	-0,729044
11,250000	-0,529347	-0,734303
11,260000	-0,529347	-0,734303
11,270000	-0,534605	-0,734303
11,280000	-0,529347	-0,734303
11,290000	-0,524089	-0,734303
11,300000	-0,524089	-0,729044
11,310000	-0,518831	-0,729044
11,320000	-0,518831	-0,729044
11,330000	-0,508314	-0,723786
11,340000	-0,503056	-0,718527
11,350000	-0,497798	-0,713269
11,360000	-0,497798	-0,708010
11,370000	-0,482024	-0,697493
11,380000	-0,476765	-0,692234
11,390000	-0,466249	-0,686976
11,400000	-0,455733	-0,676459
11,410000	-0,445216	-0,671200
11,420000	-0,434700	-0,660683
11,430000	-0,418926	-0,655424
11,440000	-0,403151	-0,650166
11,450000	-0,392635	-0,639649
11,460000	-0,376860	-0,623873
11,470000	-0,366344	-0,613356
11,480000	-0,350570	-0,602839
11,490000	-0,329537	-0,592322
11,500000	-0,319021	-0,581805
11,510000	-0,297988	-0,566029
11,520000	-0,282213	-0,555512
11,530000	-0,261181	-0,539736
11,540000	-0,245406	-0,529219
11,550000	-0,224374	-0,513443
11,560000	-0,208599	-0,492409
11,570000	-0,187567	-0,481892
11,580000	-0,166534	-0,460858
11,590000	-0,145501	-0,439823
11,600000	-0,124469	-0,424048
11,610000	-0,103436	-0,403013
11,620000	-0,082403	-0,387238
11,630000	-0,061371	-0,366203
11,640000	-0,040338	-0,350428
11,650000	-0,019305	-0,329394
11,660000	0,006985	-0,313618
11,670000	0,028018	-0,292584
11,680000	0,049051	-0,271549
11,690000	0,075342	-0,250515
11,700000	0,096374	-0,234739
11,710000	0,122665	-0,213705
11,720000	0,143698	-0,192671
11,730000	0,164730	-0,176895
11,740000	0,185763	-0,155861
11,750000	0,206796	-0,140085
11,760000	0,233086	-0,119051
11,770000	0,254119	-0,098017
11,780000	0,275152	-0,082241
11,790000	0,296184	-0,061207
11,800000	0,317217	-0,045431
11,810000	0,338250	-0,029655
11,820000	0,364540	-0,008621
11,830000	0,385573	0,012413
11,840000	0,406606	0,033447
11,850000	0,427638	0,049223
11,860000	0,448671	0,064999
11,870000	0,464445	0,080774
11,880000	0,485478	0,101809
11,890000	0,506511	0,117584
11,900000	0,522285	0,133360
11,910000	0,538060	0,149136
11,920000	0,559092	0,164911
11,930000	0,574867	0,180687
11,940000	0,590641	0,196463
11,950000	0,606416	0,212238
11,960000	0,616932	0,222756
11,970000	0,637965	0,238531
11,980000	0,648481	0,249048
11,990000	0,658997	0,264824
12,000000	0,669514	0,275341
12,010000	0,685288	0,285858
12,020000	0,695805	0,296375
12,030000	0,706321	0,306893
12,040000	0,716837	0,317410
12,050000	0,727354	0,322668
12,060000	0,737870	0,333185
12,070000	0,743128	0,343702
12,080000	0,753644	0,348961
12,090000	0,758903	0,359478
12,100000	0,764161	0,364737
12,110000	0,769419	0,369995
12,120000	0,774677	0,375254
12,130000	0,774677	0,380512
12,140000	0,779935	0,385771
12,150000	0,779935	0,391030
12,160000	0,785193	0,391030
12,170000	0,779935	0,396288
12,180000	0,779935	0,396288
12,190000	0,779935	0,396288
12,200000	0,774677	0,396288
12,210000	0,769419	0,391030
12,220000	0,769419	0,391030
12,230000	0,764161	0,391030
12,240000	0,758903	0,385771
12,250000	0,753644	0,385771
12,260000	0,743128	0,380512
12,270000	0,737870	0,375254
12,280000	0,732612	0,369995
12,290000	0,722095	0,364737
12,300000	0,711579	0,354220
12,310000	0,701063	0,343702
12,320000	0,690546	0,338444
12,330000	0,680030	0,327927
12,340000	0,664256	0,317410
12,350000	0,648481	0,306893
12,360000	0,637965	0,296375
12,370000	0,627448	0,285858
12,380000	0,611674	0,270083
12,390000	0,595900	0,259565
12,400000	0,580125	0,249048
12,410000	0,564351	0,233273
12,420000	0,543318	0,222756
12,430000	0,527543	0,201721
12,440000	0,511769	0,191204
12,450000	0,490736	0,175428
12,460000	0,474962	0,159653
12,470000	0,453929	0,149136
12,480000	0,432897	0,128101
12,490000	0,411864	0,117584
12,500000	0,390831	0,101809
12,510000	0,369799	0,080774
12,520000	0,348766	0,064999
12,530000	0,322475	0,043964
12,540000	0,301442	0,028189
12,550000	0,280410	0,007154
12,560000	0,259377	-0,013880
12,570000	0,238345	-0,034914
12,580000	0,217312	-0,050690
12,590000	0,191021	-0,071724
12,600000	0,164730	-0,092758
12,610000	0,143698	-0,108534
12,620000	0,122665	-0,134827
12,630000	0,101632	-0,155861
12,640000	0,075342	-0,171637
12,650000	0,054309	-0,192671
12,660000	0,033276	-0,208447
12,670000	0,006985	-0,229481
12,680000	-0,014047	-0,245257
12,690000	-0,040338	-0,266291
12,700000	-0,061371	-0,282066
12,710000	-0,082403	-0,297842
12,720000	-0,098178	-0,313618
12,730000	-0,124469	-0,339911
12,740000	-0,145501	-0,355686
12,750000	-0,161276	-0,371462
12,760000	-0,187567	-0,392496
12,770000	-0,203341	-0,408272
12,780000	-0,219116	-0,424048
12,790000	-0,245406	-0,445082
12,800000	-0,261181	-0,460858
12,810000	-0,282213	-0,471375
12,820000	-0,292730	-0,492409
12,830000	-0,308504	-0,513443
12,840000	-0,329537	-0,523960
12,850000	-0,340053	-0,534477
12,860000	-0,361086	-0,550253
12,870000	-0,376860	-0,566029
12,880000	-0,387377	-0,581805
12,890000	-0,403151	-0,597580
12,900000	-0,413668	-0,608097
12,910000	-0,424184	-0,618614
12,920000	-0,434700	-0,634390
12,930000	-0,450475	-0,644907
12,940000	-0,455733	-0,650166
12,950000	-0,471507	-0,660683
12,960000	-0,476765	-0,671200
12,970000	-0,487282	-0,681717
12,980000	-0,492540	-0,686976
12,990000	-0,503056	-0,692234
13,000000	-0,508314	-0,702751
13,010000	-0,508314	-0,708010
13,020000	-0,518831	-0,713269
13,030000	-0,518831	-0,718527
13,040000	-0,524089	-0,718527
13,050000	-0,529347	-0,723786
13,060000	-0,524089	-0,729044
13,070000	-0,529347	-0,729044
13,080000	-0,529347	-0,734303
13,090000	-0,529347	-0,734303
13,100000	-0,524089	-0,734303
13,110000	-0,524089	-0,734303
13,120000	-0,524089	-0,734303
13,130000	-0,518831	-0,729044
13,140000	-0,513573	-0,729044
13,150000	-0,508314	-0,723786
13,160000	-0,503056	-0,718527
13,170000	-0,497798	-0,718527
13,180000	-0,487282	-0,713269
13,190000	-0,482024	-0,708010
13,200000	-0,466249	-0,702751
13,210000	-0,460991	-0,692234
13,220000	-0,445216	-0,692234
13,230000	-0,434700	-0,681717
13,240000	-0,424184	-0,671200
13,250000	-0,413668	-0,665942
13,260000	-0,397893	-0,655424
13,270000	-0,382119	-0,639649
13,280000	-0,371602	-0,629132
13,290000	-0,350570	-0,618614
13,300000	-0,340053	-0,602839
13,310000	-0,319021	-0,592322
13,320000	-0,308504	-0,581805
13,330000	-0,292730	-0,571287
13,340000	-0,271697	-0,550253
13,350000	-0,255923	-0,539736
13,360000	-0,234890	-0,518702
13,370000	-0,213857	-0,508185
13,380000	-0,198083	-0,492409
13,390000	-0,177050	-0,481892
13,400000	-0,156018	-0,460858
13,410000	-0,140243	-0,439823
13,420000	-0,119210	-0,424048
13,430000	-0,098178	-0,408272
13,440000	-0,077145	-0,387238
13,450000	-0,056113	-0,371462
13,460000	-0,029822	-0,350428
13,470000	-0,014047	-0,334652
13,480000	0,017502	-0,313618
13,490000	0,033276	-0,292584
13,500000	0,059567	-0,276808
13,510000	0,085858	-0,261032
13,520000	0,106890	-0,239998
13,530000	0,127923	-0,218964
13,540000	0,148956	-0,197929
13,550000	0,175247	-0,176895
13,560000	0,196279	-0,161120
13,570000	0,217312	-0,140085
13,580000	0,238345	-0,119051
13,590000	0,259377	-0,098017
13,600000	0,285668	-0,076983
13,610000	0,306701	-0,055948
13,620000	0,327733	-0,034914
13,630000	0,348766	-0,013880
13,640000	0,369799	0,001896
13,650000	0,390831	0,022930
13,660000	0,411864	0,038706
13,670000	0,427638	0,059740
13,680000	0,448671	0,070257
13,690000	0,469704	0,091291
13,700000	0,485478	0,107067
13,710000	0,506511	0,122843
13,720000	0,527543	0,133360
13,730000	0,538060	0,149136
13,740000	0,559092	0,164911
13,750000	0,574867	0,175428
13,760000	0,590641	0,191204
13,770000	0,606416	0,201721
13,780000	0,616932	0,217497
13,790000	0,632707	0,222756
13,800000	0,653739	0,238531
13,810000	0,664256	0,249048
13,820000	0,674772	0,259565
13,830000	0,690546	0,275341
13,840000	0,695805	0,285858
13,850000	0,706321	0,296375
13,860000	0,716837	0,306893
13,870000	0,727354	0,317410
13,880000	0,737870	0,322668
13,890000	0,737870	0,333185
13,900000	0,748386	0,343702
13,910000	0,758903	0,348961
13,920000	0,764161	0,359478
13,930000	0,764161	0,364737
13,940000	0,769419	0,369995
13,950000	0,769419	0,375254
13,960000	0,774677	0,375254
13,970000	0,774677	0,380512
13,980000	0,774677	0,380512
13,990000	0,774677	0,385771
14,000000	0,774677	0,385771
14,010000	0,774677	0,391030
14,020000	0,769419	0,391030
14,030000	0,764161	0,385771
14,040000	0,764161	0,385771
14,050000	0,758903	0,380512
14,060000	0,753644	0,380512
14,070000	0,748386	0,369995
14,080000	0,743128	0,369995
14,090000	0,732612	0,364737
14,100000	0,727354	0,359478
14,110000	0,716837	0,354220
14,120000	0,706321	0,343702
14,130000	0,695805	0,338444
14,140000	0,685288	0,327927
14,150000	0,669514	0,322668
14,160000	0,658997	0,317410
14,170000	0,643223	0,306893
14,180000	0,632707	0,296375
14,190000	0,616932	0,285858
14,200000	0,601158	0,275341
14,210000	0,580125	0,264824
14,220000	0,564351	0,249048
14,230000	0,548576	0,238531
14,240000	0,527543	0,222756
14,250000	0,506511	0,201721
14,260000	0,495994	0,191204
14,270000	0,474962	0,175428
14,280000	0,459187	0,159653
14,290000	0,438155	0,143877
14,300000	0,417122	0,122843
14,310000	0,396089	0,107067
14,320000	0,375057	0,096550
14,330000	0,354024	0,075516
14,340000	0,332991	0,059740
14,350000	0,311959	0,043964
14,360000	0,285668	0,022930
14,370000	0,269894	0,007154
14,380000	0,248861	-0,013880
14,390000	0,227828	-0,034914
14,400000	0,206796	-0,050690
14,410000	0,180505	-0,071724
14,420000	0,164730	-0,092758
14,430000	0,138439	-0,108534
14,440000	0,117407	-0,129568
14,450000	0,096374	-0,150602
14,460000	0,070083	-0,166378
14,470000	0,049051	-0,187412
14,480000	0,028018	-0,208447
14,490000	0,006985	-0,224222
14,500000	-0,019305	-0,245257
14,510000	-0,040338	-0,261032
14,520000	-0,061371	-0,276808
14,530000	-0,087661	-0,297842
14,540000	-0,103436	-0,318876
14,550000	-0,124469	-0,334652
14,560000	-0,150759	-0,355686
14,570000	-0,166534	-0,371462
14,580000	-0,187567	-0,392496
14,590000	-0,208599	-0,408272
14,600000	-0,224374	-0,424048
14,610000	-0,240148	-0,445082
14,620000	-0,255923	-0,460858
14,630000	-0,276955	-0,481892
14,640000	-0,292730	-0,497668
14,650000	-0,313762	-0,513443
14,660000	-0,324279	-0,529219
14,670000	-0,345311	-0,544995
14,680000	-0,355828	-0,560770
14,690000	-0,371602	-0,571287
14,700000	-0,382119	-0,587063
14,710000	-0,397893	-0,597580
14,720000	-0,408409	-0,613356
14,730000	-0,424184	-0,623873
14,740000	-0,434700	-0,639649
14,750000	-0,445216	-0,644907
14,760000	-0,455733	-0,655424
14,770000	-0,466249	-0,665942
14,780000	-0,471507	-0,681717
14,790000	-0,476765	-0,692234
14,800000	-0,487282	-0,697493
14,810000	-0,492540	-0,702751
14,820000	-0,503056	-0,708010
14,830000	-0,503056	-0,713269
14,840000	-0,508314	-0,718527
14,850000	-0,513573	-0,718527
14,860000	-0,513573	-0,723786
14,870000	-0,513573	-0,723786
14,880000	-0,518831	-0,729044
14,890000	-0,518831	-0,734303
14,900000	-0,518831	-0,734303
14,910000	-0,518831	-0,729044
14,920000	-0,513573	-0,729044
14,930000	-0,513573	-0,734303
14,940000	-0,508314	-0,729044
14,950000	-0,508314	-0,729044
14,960000	-0,503056	-0,729044
14,970000	-0,497798	-0,723786
14,980000	-0,492540	-0,723786
14,990000	-0,482024	-0,718527
15,000000	-0,476765	-0,713269
15,010000	-0,466249	-0,708010
15,020000	-0,460991	-0,702751
15,030000	-0,450475	-0,692234
15,040000	-0,439958	-0,686976
15,050000	-0,429442	-0,681717
15,060000	-0,418926	-0,671200
15,070000	-0,403151	-0,665942
15,080000	-0,392635	-0,655424
15,090000	-0,376860	-0,644907
15,100000	-0,361086	-0,634390
15,110000	-0,350570	-0,618614
15,120000	-0,334795	-0,608097
15,130000	-0,319021	-0,592322
15,140000	-0,297988	-0,581805
15,150000	-0,282213	-0,571287
15,160000	-0,266439	-0,555512
15,170000	-0,245406	-0,539736
15,180000	-0,229632	-0,518702
15,190000	-0,208599	-0,502926
15,200000	-0,187567	-0,481892
15,210000	-0,171792	-0,466116
15,220000	-0,150759	-0,450340
15,230000	-0,134985	-0,434565
15,240000	-0,108694	-0,413531
15,250000	-0,087661	-0,397755
15,260000	-0,066629	-0,376721
15,270000	-0,045596	-0,360945
15,280000	-0,024564	-0,345169
15,290000	0,001727	-0,324135
15,300000	0,022760	-0,303101
15,310000	0,043793	-0,287325
15,320000	0,064825	-0,271549
15,330000	0,091116	-0,250515
15,340000	0,112149	-0,229481
15,350000	0,133181	-0,213705
15,360000	0,154214	-0,192671
15,370000	0,169988	-0,176895
15,380000	0,201537	-0,155861
15,390000	0,217312	-0,134827
15,400000	0,238345	-0,119051
15,410000	0,264635	-0,098017
15,420000	0,290926	-0,076983
15,430000	0,311959	-0,061207
15,440000	0,327733	-0,040173
15,450000	0,354024	-0,019138
15,460000	0,375057	-0,008621
15,470000	0,396089	0,017672
15,480000	0,411864	0,038706
15,490000	0,432897	0,054482
15,500000	0,448671	0,075516
15,510000	0,474962	0,091291
15,520000	0,490736	0,107067
15,530000	0,511769	0,128101
15,540000	0,527543	0,143877
15,550000	0,548576	0,159653
15,560000	0,564351	0,175428
15,570000	0,580125	0,191204
15,580000	0,595900	0,206980
15,590000	0,611674	0,222756
15,600000	0,622190	0,238531
15,610000	0,637965	0,249048
15,620000	0,648481	0,264824
15,630000	0,664256	0,275341
15,640000	0,674772	0,285858
15,650000	0,685288	0,296375
15,660000	0,701063	0,306893
15,670000	0,706321	0,317410
15,680000	0,716837	0,327927
15,690000	0,722095	0,333185
15,700000	0,732612	0,343702
15,710000	0,737870	0,348961
15,720000	0,743128	0,359478
15,730000	0,743128	0,364737
15,740000	0,753644	0,369995
15,750000	0,758903	0,375254
15,760000	0,764161	0,391030
15,770000	0,769419	0,396288
15,780000	0,769419	0,396288
15,790000	0,774677	0,401547
15,800000	0,774677	0,401547
15,810000	0,769419	0,401547
15,820000	0,769419	0,406805
15,830000	0,769419	0,406805
15,840000	0,764161	0,406805
15,850000	0,764161	0,406805
15,860000	0,758903	0,401547
15,870000	0,753644	0,401547
15,880000	0,748386	0,396288
15,890000	0,737870	0,396288
15,900000	0,732612	0,391030
15,910000	0,722095	0,385771
15,920000	0,716837	0,380512
15,930000	0,706321	0,375254
15,940000	0,701063	0,364737
15,950000	0,685288	0,354220
15,960000	0,674772	0,343702
15,970000	0,664256	0,333185
15,980000	0,648481	0,327927
15,990000	0,632707	0,317410
16,000000	0,616932	0,306893
16,010000	0,606416	0,296375
16,020000	0,585383	0,285858
16,030000	0,574867	0,275341
16,040000	0,559092	0,264824
16,050000	0,543318	0,249048
16,060000	0,522285	0,233273
16,070000	0,501253	0,222756
16,080000	0,485478	0,201721
16,090000	0,469704	0,191204
16,100000	0,443413	0,175428
16,110000	0,427638	0,154394
16,120000	0,406606	0,138619
16,130000	0,385573	0,122843
16,140000	0,369799	0,107067
16,150000	0,348766	0,086033
16,160000	0,327733	0,070257
16,170000	0,306701	0,049223
16,180000	0,285668	0,028189
16,190000	0,264635	0,007154
16,200000	0,238345	-0,013880
16,210000	0,217312	-0,034914
16,220000	0,196279	-0,055948
16,230000	0,175247	-0,071724
16,240000	0,154214	-0,087500
16,250000	0,127923	-0,108534
16,260000	0,106890	-0,129568
16,270000	0,085858	-0,150602
16,280000	0,064825	-0,166378
16,290000	0,043793	-0,187412
16,300000	0,017502	-0,208447
16,310000	0,001727	-0,229481
16,320000	-0,024564	-0,250515
16,330000	-0,045596	-0,271549
16,340000	-0,066629	-0,292584
16,350000	-0,087661	-0,308359
16,360000	-0,108694	-0,324135
16,370000	-0,129727	-0,345169
16,380000	-0,145501	-0,366203
16,390000	-0,166534	-0,381979
16,400000	-0,187567	-0,397755
16,410000	-0,208599	-0,413531
16,420000	-0,224374	-0,434565
16,430000	-0,245406	-0,450340
16,440000	-0,261181	-0,466116
16,450000	-0,276955	-0,476633
16,460000	-0,292730	-0,492409
16,470000	-0,308504	-0,508185
16,480000	-0,324279	-0,518702
16,490000	-0,340053	-0,539736
16,500000	-0,355828	-0,550253
16,510000	-0,371602	-0,566029
16,520000	-0,382119	-0,581805
16,530000	-0,397893	-0,592322
16,540000	-0,408409	-0,602839
16,550000	-0,424184	-0,618614
16,560000	-0,429442	-0,629132
16,570000	-0,445216	-0,639649
16,580000	-0,450475	-0,644907
16,590000	-0,460991	-0,655424
16,600000	-0,466249	-0,660683
16,610000	-0,476765	-0,671200
16,620000	-0,482024	-0,676459
16,630000	-0,487282	-0,686976
16,640000	-0,492540	-0,692234
16,650000	-0,503056	-0,702751
16,660000	-0,503056	-0,708010
16,670000	-0,508314	-0,713269
16,680000	-0,508314	-0,713269
16,690000	-0,513573	-0,718527
16,700000	-0,513573	-0,723786
16,710000	-0,513573	-0,723786
16,720000	-0,513573	-0,729044
16,730000	-0,513573	-0,729044
16,740000	-0,513573	-0,729044
16,750000	-0,508314	-0,734303
16,760000	-0,503056	-0,729044
16,770000	-0,503056	-0,723786
16,780000	-0,497798	-0,723786
16,790000	-0,492540	-0,723786
16,800000	-0,482024	-0,718527
16,810000	-0,476765	-0,713269
16,820000	-0,471507	-0,713269
16,830000	-0,460991	-0,708010
16,840000	-0,455733	-0,697493
16,850000	-0,439958	-0,692234
16,860000	-0,434700	-0,686976
16,870000	-0,424184	-0,681717
16,880000	-0,408409	-0,671200
16,890000	-0,397893	-0,660683
16,900000	-0,382119	-0,655424
16,910000	-0,366344	-0,644907
16,920000	-0,355828	-0,634390
16,930000	-0,340053	-0,623873
16,940000	-0,324279	-0,613356
16,950000	-0,308504	-0,597580
16,960000	-0,287472	-0,581805
16,970000	-0,271697	-0,571287
16,980000	-0,255923	-0,555512
16,990000	-0,240148	-0,539736
17,000000	-0,219116	-0,523960
17,010000	-0,203341	-0,508185
17,020000	-0,182308	-0,492409
17,030000	-0,161276	-0,471375
17,040000	-0,145501	-0,455599
17,050000	-0,124469	-0,439823
17,060000	-0,103436	-0,424048
17,070000	-0,082403	-0,403013
17,080000	-0,061371	-0,387238
17,090000	-0,035080	-0,366203
17,100000	-0,019305	-0,350428
17,110000	0,006985	-0,334652
17,120000	0,028018	-0,313618
17,130000	0,054309	-0,297842
17,140000	0,075342	-0,276808
17,150000	0,091116	-0,261032
17,160000	0,117407	-0,239998
17,170000	0,138439	-0,224222
17,180000	0,164730	-0,203188
17,190000	0,180505	-0,187412
17,200000	0,206796	-0,171637
17,210000	0,222570	-0,145344
17,220000	0,243603	-0,134827
17,230000	0,269894	-0,113792
17,240000	0,290926	-0,103275
17,250000	0,311959	-0,082241
17,260000	0,332991	-0,061207
17,270000	0,354024	-0,045431
17,280000	0,375057	-0,024397
17,290000	0,396089	-0,008621
17,300000	0,417122	0,017672
17,310000	0,432897	0,033447
17,320000	0,453929	0,054482
17,330000	0,474962	0,070257
17,340000	0,490736	0,091291
17,350000	0,511769	0,107067
17,360000	0,527543	0,128101
17,370000	0,543318	0,143877
17,380000	0,564351	0,159653
17,390000	0,580125	0,170170
17,400000	0,590641	0,191204
17,410000	0,611674	0,201721
17,420000	0,622190	0,217497
17,430000	0,637965	0,233273
17,440000	0,648481	0,249048
17,450000	0,664256	0,264824
17,460000	0,680030	0,275341
17,470000	0,690546	0,291117
17,480000	0,701063	0,301634
17,490000	0,706321	0,312151
17,500000	0,716837	0,322668
17,510000	0,722095	0,333185
17,520000	0,732612	0,343702
17,530000	0,737870	0,354220
17,540000	0,748386	0,359478
17,550000	0,753644	0,369995
17,560000	0,758903	0,375254
17,570000	0,764161	0,385771
17,580000	0,764161	0,391030
17,590000	0,764161	0,401547
17,600000	0,769419	0,406805
17,610000	0,764161	0,406805
17,620000	0,769419	0,406805
17,630000	0,769419	0,412064
17,640000	0,764161	0,412064
17,650000	0,764161	0,417322
17,660000	0,758903	0,412064
17,670000	0,753644	0,412064
17,680000	0,748386	0,412064
17,690000	0,748386	0,412064
17,700000	0,737870	0,406805
17,710000	0,732612	0,401547
17,720000	0,727354	0,396288
17,730000	0,716837	0,396288
17,740000	0,706321	0,391030
17,750000	0,695805	0,380512
17,760000	0,690546	0,375254
17,770000	0,674772	0,369995
17,780000	0,664256	0,359478
17,790000	0,653739	0,354220
17,800000	0,637965	0,338444
17,810000	0,627448	0,333185
17,820000	0,616932	0,317410
17,830000	0,601158	0,312151
17,840000	0,585383	0,296375
17,850000	0,569609	0,280600
17,860000	0,553834	0,270083
17,870000	0,538060	0,254307
17,880000	0,522285	0,243790
17,890000	0,501253	0,228014
17,900000	0,480220	0,212238
17,910000	0,464445	0,196463
17,920000	0,443413	0,180687
17,930000	0,422380	0,164911
17,940000	0,406606	0,149136
17,950000	0,385573	0,133360
17,960000	0,364540	0,112326
17,970000	0,343508	0,096550
17,980000	0,322475	0,080774
17,990000	0,301442	0,059740
18,000000	0,280410	0,043964
18,010000	0,259377	0,022930
18,020000	0,238345	0,001896
18,030000	0,217312	-0,013880
18,040000	0,191021	-0,034914
18,050000	0,164730	-0,050690
18,060000	0,148956	-0,071724
18,070000	0,122665	-0,087500
18,080000	0,106890	-0,108534
18,090000	0,085858	-0,124310
18,100000	0,059567	-0,145344
18,110000	0,043793	-0,166378
18,120000	0,017502	-0,187412
18,130000	-0,008789	-0,203188
18,140000	-0,024564	-0,224222
18,150000	-0,045596	-0,239998
18,160000	-0,071887	-0,261032
18,170000	-0,092920	-0,282066
18,180000	-0,108694	-0,297842
18,190000	-0,129727	-0,313618
18,200000	-0,150759	-0,334652
18,210000	-0,171792	-0,350428
18,220000	-0,192825	-0,366203
18,230000	-0,208599	-0,387238
18,240000	-0,224374	-0,403013
18,250000	-0,240148	-0,424048
18,260000	-0,261181	-0,439823
18,270000	-0,282213	-0,455599
18,280000	-0,297988	-0,476633
18,290000	-0,313762	-0,492409
18,300000	-0,329537	-0,502926
18,310000	-0,340053	-0,518702
18,320000	-0,355828	-0,534477
18,330000	-0,371602	-0,550253
18,340000	-0,382119	-0,566029
18,350000	-0,392635	-0,571287
18,360000	-0,403151	-0,592322
18,370000	-0,418926	-0,602839
18,380000	-0,429442	-0,613356
18,390000	-0,439958	-0,629132
18,400000	-0,450475	-0,634390
18,410000	-0,455733	-0,644907
18,420000	-0,466249	-0,655424
18,430000	-0,471507	-0,660683
18,440000	-0,482024	-0,671200
18,450000	-0,482024	-0,676459
18,460000	-0,487282	-0,681717
18,470000	-0,492540	-0,681717
18,480000	-0,497798	-0,692234
18,490000	-0,497798	-0,697493
18,500000	-0,503056	-0,697493
18,510000	-0,508314	-0,708010
18,520000	-0,508314	-0,713269
18,530000	-0,503056	-0,718527
18,540000	-0,508314	-0,718527
18,550000	-0,508314	-0,718527
18,560000	-0,503056	-0,718527
18,570000	-0,503056	-0,723786
18,580000	-0,497798	-0,723786
18,590000	-0,492540	-0,718527
18,600000	-0,492540	-0,718527
18,610000	-0,482024	-0,718527
18,620000	-0,476765	-0,713269
18,630000	-0,471507	-0,713269
18,640000	-0,460991	-0,708010
18,650000	-0,450475	-0,702751
18,660000	-0,445216	-0,697493
18,670000	-0,434700	-0,692234
18,680000	-0,418926	-0,686976
18,690000	-0,408409	-0,686976
18,700000	-0,403151	-0,676459
18,710000	-0,387377	-0,665942
18,720000	-0,371602	-0,655424
18,730000	-0,361086	-0,644907
18,740000	-0,345311	-0,634390
18,750000	-0,324279	-0,623873
18,760000	-0,313762	-0,613356
18,770000	-0,297988	-0,602839
18,780000	-0,282213	-0,587063
18,790000	-0,261181	-0,576546
18,800000	-0,245406	-0,560770
18,810000	-0,229632	-0,544995
18,820000	-0,208599	-0,534477
18,830000	-0,192825	-0,513443
18,840000	-0,171792	-0,502926
18,850000	-0,150759	-0,487150
18,860000	-0,129727	-0,471375
18,870000	-0,113952	-0,455599
18,880000	-0,092920	-0,434565
18,890000	-0,071887	-0,418789
18,900000	-0,050854	-0,403013
18,910000	-0,029822	-0,381979
18,920000	-0,008789	-0,366203
18,930000	0,017502	-0,345169
18,940000	0,043793	-0,329394
18,950000	0,059567	-0,308359
18,960000	0,080600	-0,292584
18,970000	0,106890	-0,271549
18,980000	0,127923	-0,255774
18,990000	0,148956	-0,234739
19,000000	0,169988	-0,213705
19,010000	0,191021	-0,197929
19,020000	0,212054	-0,176895
19,030000	0,233086	-0,155861
19,040000	0,259377	-0,134827
19,050000	0,275152	-0,119051
19,060000	0,296184	-0,098017
19,070000	0,317217	-0,076983
19,080000	0,338250	-0,055948
19,090000	0,359282	-0,034914
19,100000	0,380315	-0,013880
19,110000	0,401348	0,001896
19,120000	0,422380	0,028189
19,130000	0,438155	0,049223
19,140000	0,459187	0,059740
19,150000	0,474962	0,086033
19,160000	0,490736	0,101809
19,170000	0,511769	0,122843
19,180000	0,527543	0,138619
19,190000	0,538060	0,159653
19,200000	0,559092	0,175428
19,210000	0,574867	0,191204
19,220000	0,585383	0,206980
19,230000	0,606416	0,228014
19,240000	0,616932	0,238531
19,250000	0,632707	0,259565
19,260000	0,648481	0,270083
19,270000	0,658997	0,285858
19,280000	0,669514	0,296375
19,290000	0,680030	0,312151
19,300000	0,690546	0,317410
19,310000	0,701063	0,333185
19,320000	0,711579	0,343702
19,330000	0,716837	0,354220
19,340000	0,722095	0,364737
19,350000	0,732612	0,369995
19,360000	0,732612	0,380512
19,370000	0,743128	0,385771
19,380000	0,748386	0,391030
19,390000	0,743128	0,396288
19,400000	0,753644	0,401547
19,410000	0,753644	0,406805
19,420000	0,753644	0,412064
19,430000	0,753644	0,412064
19,440000	0,753644	0,412064
19,450000	0,753644	0,412064
19,460000	0,753644	0,417322
19,470000	0,748386	0,412064
19,480000	0,748386	0,412064
19,490000	0,743128	0,412064
19,500000	0,737870	0,406805
19,510000	0,732612	0,406805
19,520000	0,727354	0,406805
19,530000	0,716837	0,401547
19,540000	0,711579	0,401547
19,550000	0,706321	0,396288
19,560000	0,695805	0,391030
19,570000	0,685288	0,385771
19,580000	0,674772	0,385771
19,590000	0,664256	0,380512
19,600000	0,653739	0,375254
19,610000	0,643223	0,364737
19,620000	0,627448	0,354220
19,630000	0,616932	0,348961
19,640000	0,601158	0,338444
19,650000	0,585383	0,322668
19,660000	0,574867	0,312151
19,670000	0,553834	0,301634
19,680000	0,543318	0,285858
19,690000	0,527543	0,270083
19,700000	0,511769	0,259565
19,710000	0,490736	0,243790
19,720000	0,469704	0,228014
19,730000	0,453929	0,212238
19,740000	0,432897	0,196463
19,750000	0,417122	0,180687
19,760000	0,396089	0,164911
19,770000	0,375057	0,149136
19,780000	0,354024	0,128101
19,790000	0,338250	0,112326
19,800000	0,317217	0,096550
19,810000	0,290926	0,080774
19,820000	0,269894	0,059740
19,830000	0,254119	0,043964
19,840000	0,227828	0,028189
19,850000	0,206796	0,012413
19,860000	0,185763	-0,013880
19,870000	0,164730	-0,029655
19,880000	0,143698	-0,050690
19,890000	0,122665	-0,066465
19,900000	0,101632	-0,092758
19,910000	0,075342	-0,113792
19,920000	0,059567	-0,134827
19,930000	0,033276	-0,155861
19,940000	0,017502	-0,171637
19,950000	-0,008789	-0,192671
19,960000	-0,029822	-0,218964
19,970000	-0,056113	-0,234739
19,980000	-0,077145	-0,255774
19,990000	-0,092920	-0,271549
