t (s)	U1(V)	U2(V)
0,000000	0,564351	0,096550
0,010000	0,543318	0,075516
0,020000	0,517027	0,049223
0,030000	0,490736	0,028189
0,040000	0,464445	0,007154
0,050000	0,438155	-0,019138
0,060000	0,411864	-0,045431
0,070000	0,385573	-0,066465
0,080000	0,359282	-0,092758
0,090000	0,327733	-0,113792
0,100000	0,301442	-0,134827
0,110000	0,275152	-0,161120
0,120000	0,243603	-0,187412
0,130000	0,217312	-0,213705
0,140000	0,185763	-0,239998
0,150000	0,154214	-0,261032
0,160000	0,127923	-0,287325
0,170000	0,101632	-0,308359
0,180000	0,070083	-0,334652
0,190000	0,043793	-0,355686
0,200000	0,017502	-0,381979
0,210000	-0,019305	-0,403013
0,220000	-0,045596	-0,424048
0,230000	-0,077145	-0,445082
0,240000	-0,098178	-0,471375
0,250000	-0,124469	-0,492409
0,260000	-0,150759	-0,513443
0,270000	-0,177050	-0,534477
0,280000	-0,203341	-0,555512
0,290000	-0,224374	-0,576546
0,300000	-0,250664	-0,597580
0,310000	-0,276955	-0,613356
0,320000	-0,297988	-0,639649
0,330000	-0,324279	-0,660683
0,340000	-0,345311	-0,676459
0,350000	-0,366344	-0,697493
0,360000	-0,387377	-0,718527
0,370000	-0,408409	-0,734303
0,380000	-0,429442	-0,750079
0,390000	-0,450475	-0,765854
0,400000	-0,471507	-0,781630
0,410000	-0,487282	-0,792147
0,420000	-0,503056	-0,807923
0,430000	-0,518831	-0,818440
0,440000	-0,534605	-0,834216
0,450000	-0,545122	-0,844733
0,460000	-0,560896	-0,855250
0,470000	-0,571412	-0,865767
0,480000	-0,587187	-0,876284
0,490000	-0,597703	-0,886801
0,500000	-0,608219	-0,892060
0,510000	-0,618736	-0,897318
0,520000	-0,623994	-0,902577
0,530000	-0,634510	-0,907835
0,540000	-0,645027	-0,918353
0,550000	-0,645027	-0,918353
0,560000	-0,650285	-0,923611
0,570000	-0,655543	-0,923611
0,580000	-0,660801	-0,928870
0,590000	-0,660801	-0,928870
0,600000	-0,660801	-0,928870
0,610000	-0,660801	-0,934128
0,620000	-0,660801	-0,934128
0,630000	-0,655543	-0,928870
0,640000	-0,655543	-0,923611
0,650000	-0,650285	-0,923611
0,660000	-0,645027	-0,913094
0,670000	-0,639768	-0,907835
0,680000	-0,634510	-0,907835
0,690000	-0,623994	-0,897318
0,700000	-0,618736	-0,886801
0,710000	-0,608219	-0,881543
0,720000	-0,597703	-0,871025
0,730000	-0,587187	-0,860508
0,740000	-0,571412	-0,849991
0,750000	-0,560896	-0,834216
0,760000	-0,545122	-0,823698
0,770000	-0,529347	-0,813181
0,780000	-0,518831	-0,797406
0,790000	-0,497798	-0,781630
0,800000	-0,482024	-0,765854
0,810000	-0,466249	-0,750079
0,820000	-0,445216	-0,734303
0,830000	-0,424184	-0,718527
0,840000	-0,403151	-0,697493
0,850000	-0,387377	-0,681717
0,860000	-0,366344	-0,660683
0,870000	-0,340053	-0,644907
0,880000	-0,319021	-0,623873
0,890000	-0,292730	-0,602839
0,900000	-0,271697	-0,581805
0,910000	-0,245406	-0,560770
0,920000	-0,219116	-0,539736
0,930000	-0,192825	-0,518702
0,940000	-0,166534	-0,492409
0,950000	-0,145501	-0,471375
0,960000	-0,119210	-0,450340
0,970000	-0,087661	-0,424048
0,980000	-0,066629	-0,403013
0,990000	-0,035080	-0,376721
1,000000	-0,008789	-0,355686
1,010000	0,022760	-0,334652
1,020000	0,049051	-0,308359
1,030000	0,080600	-0,287325
1,040000	0,106890	-0,261032
1,050000	0,133181	-0,245257
1,060000	0,164730	-0,218964
1,070000	0,191021	-0,192671
1,080000	0,222570	-0,166378
1,090000	0,248861	-0,145344
1,100000	0,280410	-0,119051
1,110000	0,306701	-0,098017
1,120000	0,332991	-0,076983
1,130000	0,359282	-0,050690
1,140000	0,385573	-0,024397
1,150000	0,417122	-0,003363
1,160000	0,443413	0,028189
1,170000	0,469704	0,043964
1,180000	0,495994	0,070257
1,190000	0,522285	0,091291
1,200000	0,548576	0,117584
1,210000	0,574867	0,138619
1,220000	0,595900	0,159653
1,230000	0,622190	0,180687
1,240000	0,643223	0,196463
1,250000	0,669514	0,217497
1,260000	0,690546	0,238531
1,270000	0,711579	0,254307
1,280000	0,732612	0,275341
1,290000	0,753644	0,285858
1,300000	0,774677	0,306893
1,310000	0,790451	0,317410
1,320000	0,811484	0,333185
1,330000	0,827259	0,348961
1,340000	0,843033	0,364737
1,350000	0,858808	0,380512
1,360000	0,869324	0,391030
1,370000	0,885098	0,401547
1,380000	0,900873	0,406805
1,390000	0,911389	0,422581
1,400000	0,921906	0,427839
1,410000	0,932422	0,433098
1,420000	0,942938	0,438357
1,430000	0,948196	0,443615
1,440000	0,953455	0,454132
1,450000	0,963971	0,459391
1,460000	0,969229	0,459391
1,470000	0,969229	0,464649
1,480000	0,974487	0,464649
1,490000	0,979745	0,464649
1,500000	0,979745	0,469908
1,510000	0,985003	0,469908
1,520000	0,985003	0,464649
1,530000	0,979745	0,464649
1,540000	0,979745	0,464649
1,550000	0,974487	0,459391
1,560000	0,969229	0,459391
1,570000	0,963971	0,448874
1,580000	0,958713	0,443615
1,590000	0,953455	0,438357
1,600000	0,942938	0,433098
1,610000	0,937680	0,422581
1,620000	0,927164	0,417322
1,630000	0,916647	0,406805
1,640000	0,900873	0,396288
1,650000	0,890357	0,385771
1,660000	0,879840	0,375254
1,670000	0,864066	0,364737
1,680000	0,848291	0,354220
1,690000	0,837775	0,338444
1,700000	0,816742	0,327927
1,710000	0,800968	0,312151
1,720000	0,779935	0,296375
1,730000	0,764161	0,280600
1,740000	0,743128	0,264824
1,750000	0,722095	0,243790
1,760000	0,701063	0,228014
1,770000	0,680030	0,206980
1,780000	0,653739	0,185946
1,790000	0,627448	0,164911
1,800000	0,606416	0,143877
1,810000	0,580125	0,122843
1,820000	0,553834	0,101809
1,830000	0,532802	0,086033
1,840000	0,506511	0,064999
1,850000	0,474962	0,038706
1,860000	0,453929	0,017672
1,870000	0,427638	-0,008621
1,880000	0,396089	-0,029655
1,890000	0,369799	-0,055948
1,900000	0,343508	-0,076983
1,910000	0,317217	-0,103275
1,920000	0,285668	-0,129568
1,930000	0,259377	-0,155861
1,940000	0,227828	-0,176895
1,950000	0,201537	-0,203188
1,960000	0,175247	-0,229481
1,970000	0,143698	-0,250515
1,980000	0,117407	-0,276808
1,990000	0,085858	-0,297842
2,000000	0,059567	-0,324135
2,010000	0,028018	-0,345169
2,020000	0,001727	-0,366203
2,030000	-0,029822	-0,392496
2,040000	-0,056113	-0,413531
2,050000	-0,087661	-0,439823
2,060000	-0,108694	-0,460858
2,070000	-0,140243	-0,487150
2,080000	-0,161276	-0,502926
2,090000	-0,187567	-0,523960
2,100000	-0,219116	-0,550253
2,110000	-0,240148	-0,571287
2,120000	-0,261181	-0,592322
2,130000	-0,287472	-0,608097
2,140000	-0,308504	-0,634390
2,150000	-0,329537	-0,655424
2,160000	-0,355828	-0,671200
2,170000	-0,376860	-0,686976
2,180000	-0,397893	-0,708010
2,190000	-0,418926	-0,729044
2,200000	-0,434700	-0,744820
2,210000	-0,455733	-0,760596
2,220000	-0,471507	-0,776371
2,230000	-0,492540	-0,786888
2,240000	-0,508314	-0,802664
2,250000	-0,524089	-0,813181
2,260000	-0,539863	-0,828957
2,270000	-0,550380	-0,844733
2,280000	-0,566154	-0,855250
2,290000	-0,581929	-0,865767
2,300000	-0,592445	-0,876284
2,310000	-0,602961	-0,886801
2,320000	-0,613478	-0,892060
2,330000	-0,623994	-0,897318
2,340000	-0,629252	-0,902577
2,350000	-0,634510	-0,913094
2,360000	-0,645027	-0,918353
2,370000	-0,650285	-0,923611
2,380000	-0,650285	-0,928870
2,390000	-0,655543	-0,928870
2,400000	-0,655543	-0,934128
2,410000	-0,660801	-0,934128
2,420000	-0,660801	-0,934128
2,430000	-0,660801	-0,934128
2,440000	-0,660801	-0,934128
2,450000	-0,655543	-0,934128
2,460000	-0,655543	-0,928870
2,470000	-0,650285	-0,923611
2,480000	-0,645027	-0,918353
2,490000	-0,634510	-0,907835
2,500000	-0,629252	-0,902577
2,510000	-0,618736	-0,892060
2,520000	-0,613478	-0,886801
2,530000	-0,602961	-0,876284
2,540000	-0,592445	-0,865767
2,550000	-0,581929	-0,860508
2,560000	-0,566154	-0,849991
2,570000	-0,550380	-0,839474
2,580000	-0,539863	-0,823698
2,590000	-0,524089	-0,813181
2,600000	-0,508314	-0,802664
2,610000	-0,492540	-0,786888
2,620000	-0,471507	-0,771113
2,630000	-0,455733	-0,755337
2,640000	-0,434700	-0,734303
2,650000	-0,418926	-0,718527
2,660000	-0,397893	-0,702751
2,670000	-0,376860	-0,686976
2,680000	-0,355828	-0,665942
2,690000	-0,334795	-0,644907
2,700000	-0,308504	-0,629132
2,710000	-0,287472	-0,608097
2,720000	-0,261181	-0,587063
2,730000	-0,240148	-0,566029
2,740000	-0,213857	-0,539736
2,750000	-0,187567	-0,523960
2,760000	-0,166534	-0,502926
2,770000	-0,134985	-0,476633
2,780000	-0,108694	-0,460858
2,790000	-0,082403	-0,434565
2,800000	-0,050854	-0,413531
2,810000	-0,029822	-0,387238
2,820000	0,001727	-0,366203
2,830000	0,028018	-0,339911
2,840000	0,054309	-0,318876
2,850000	0,091116	-0,292584
2,860000	0,117407	-0,271549
2,870000	0,143698	-0,245257
2,880000	0,169988	-0,218964
2,890000	0,196279	-0,197929
2,900000	0,227828	-0,176895
2,910000	0,254119	-0,150602
2,920000	0,285668	-0,129568
2,930000	0,311959	-0,108534
2,940000	0,338250	-0,082241
2,950000	0,369799	-0,061207
2,960000	0,396089	-0,034914
2,970000	0,422380	-0,013880
2,980000	0,448671	0,012413
2,990000	0,480220	0,038706
3,000000	0,501253	0,054482
3,010000	0,527543	0,075516
3,020000	0,553834	0,101809
3,030000	0,574867	0,122843
3,040000	0,601158	0,143877
3,050000	0,622190	0,164911
3,060000	0,648481	0,185946
3,070000	0,669514	0,201721
3,080000	0,690546	0,228014
3,090000	0,716837	0,243790
3,100000	0,737870	0,264824
3,110000	0,753644	0,280600
3,120000	0,774677	0,296375
3,130000	0,790451	0,312151
3,140000	0,811484	0,327927
3,150000	0,827259	0,343702
3,160000	0,843033	0,359478
3,170000	0,853549	0,375254
3,180000	0,869324	0,385771
3,190000	0,885098	0,401547
3,200000	0,895615	0,412064
3,210000	0,911389	0,417322
3,220000	0,916647	0,427839
3,230000	0,927164	0,438357
3,240000	0,937680	0,443615
3,250000	0,948196	0,454132
3,260000	0,953455	0,459391
3,270000	0,963971	0,459391
3,280000	0,963971	0,464649
3,290000	0,974487	0,469908
3,300000	0,974487	0,475167
3,310000	0,979745	0,475167
3,320000	0,979745	0,480425
3,330000	0,979745	0,480425
3,340000	0,974487	0,480425
3,350000	0,974487	0,480425
3,360000	0,974487	0,480425
3,370000	0,969229	0,475167
3,380000	0,969229	0,480425
3,390000	0,958713	0,475167
3,400000	0,953455	0,469908
3,410000	0,942938	0,464649
3,420000	0,937680	0,459391
3,430000	0,927164	0,448874
3,440000	0,916647	0,443615
3,450000	0,906131	0,438357
3,460000	0,895615	0,427839
3,470000	0,879840	0,417322
3,480000	0,869324	0,401547
3,490000	0,848291	0,391030
3,500000	0,832517	0,380512
3,510000	0,816742	0,359478
3,520000	0,800968	0,348961
3,530000	0,785193	0,327927
3,540000	0,764161	0,312151
3,550000	0,748386	0,296375
3,560000	0,727354	0,280600
3,570000	0,706321	0,259565
3,580000	0,685288	0,243790
3,590000	0,658997	0,233273
3,600000	0,637965	0,206980
3,610000	0,616932	0,191204
3,620000	0,590641	0,170170
3,630000	0,564351	0,149136
3,640000	0,538060	0,128101
3,650000	0,517027	0,107067
3,660000	0,490736	0,086033
3,670000	0,464445	0,064999
3,680000	0,438155	0,038706
3,690000	0,411864	0,017672
3,700000	0,380315	-0,008621
3,710000	0,359282	-0,034914
3,720000	0,327733	-0,055948
3,730000	0,301442	-0,082241
3,740000	0,275152	-0,103275
3,750000	0,243603	-0,124310
3,760000	0,217312	-0,150602
3,770000	0,185763	-0,171637
3,780000	0,159472	-0,203188
3,790000	0,133181	-0,224222
3,800000	0,101632	-0,245257
3,810000	0,075342	-0,271549
3,820000	0,043793	-0,297842
3,830000	0,017502	-0,318876
3,840000	-0,014047	-0,345169
3,850000	-0,040338	-0,366203
3,860000	-0,066629	-0,392496
3,870000	-0,098178	-0,413531
3,880000	-0,119210	-0,434565
3,890000	-0,145501	-0,460858
3,900000	-0,177050	-0,481892
3,910000	-0,198083	-0,508185
3,920000	-0,224374	-0,529219
3,930000	-0,250664	-0,555512
3,940000	-0,271697	-0,576546
3,950000	-0,297988	-0,597580
3,960000	-0,319021	-0,618614
3,970000	-0,345311	-0,639649
3,980000	-0,366344	-0,660683
3,990000	-0,387377	-0,676459
4,000000	-0,408409	-0,697493
4,010000	-0,424184	-0,713269
4,020000	-0,445216	-0,729044
4,030000	-0,460991	-0,744820
4,040000	-0,482024	-0,760596
4,050000	-0,497798	-0,776371
4,060000	-0,513573	-0,792147
4,070000	-0,524089	-0,802664
4,080000	-0,545122	-0,818440
4,090000	-0,555638	-0,828957
4,100000	-0,571412	-0,839474
4,110000	-0,581929	-0,849991
4,120000	-0,592445	-0,860508
4,130000	-0,602961	-0,871025
4,140000	-0,613478	-0,881543
4,150000	-0,623994	-0,892060
4,160000	-0,629252	-0,902577
4,170000	-0,639768	-0,907835
4,180000	-0,645027	-0,913094
4,190000	-0,650285	-0,918353
4,200000	-0,650285	-0,923611
4,210000	-0,650285	-0,928870
4,220000	-0,660801	-0,928870
4,230000	-0,660801	-0,928870
4,240000	-0,655543	-0,934128
4,250000	-0,655543	-0,934128
4,260000	-0,655543	-0,928870
4,270000	-0,650285	-0,928870
4,280000	-0,650285	-0,923611
4,290000	-0,645027	-0,923611
4,300000	-0,634510	-0,918353
4,310000	-0,629252	-0,918353
4,320000	-0,623994	-0,913094
4,330000	-0,613478	-0,907835
4,340000	-0,602961	-0,902577
4,350000	-0,592445	-0,892060
4,360000	-0,581929	-0,881543
4,370000	-0,571412	-0,871025
4,380000	-0,555638	-0,860508
4,390000	-0,545122	-0,849991
4,400000	-0,529347	-0,834216
4,410000	-0,513573	-0,823698
4,420000	-0,497798	-0,813181
4,430000	-0,482024	-0,797406
4,440000	-0,460991	-0,781630
4,450000	-0,445216	-0,765854
4,460000	-0,424184	-0,744820
4,470000	-0,408409	-0,729044
4,480000	-0,387377	-0,713269
4,490000	-0,366344	-0,692234
4,500000	-0,345311	-0,676459
4,510000	-0,319021	-0,655424
4,520000	-0,297988	-0,639649
4,530000	-0,271697	-0,623873
4,540000	-0,250664	-0,608097
4,550000	-0,224374	-0,587063
4,560000	-0,198083	-0,566029
4,570000	-0,171792	-0,544995
4,580000	-0,150759	-0,518702
4,590000	-0,119210	-0,502926
4,600000	-0,098178	-0,481892
4,610000	-0,066629	-0,455599
4,620000	-0,040338	-0,429306
4,630000	-0,014047	-0,408272
4,640000	0,017502	-0,387238
4,650000	0,049051	-0,366203
4,660000	0,075342	-0,339911
4,670000	0,101632	-0,318876
4,680000	0,127923	-0,292584
4,690000	0,154214	-0,266291
4,700000	0,185763	-0,245257
4,710000	0,212054	-0,218964
4,720000	0,243603	-0,192671
4,730000	0,269894	-0,166378
4,740000	0,296184	-0,145344
4,750000	0,322475	-0,124310
4,760000	0,348766	-0,092758
4,770000	0,380315	-0,071724
4,780000	0,406606	-0,050690
4,790000	0,432897	-0,024397
4,800000	0,459187	0,001896
4,810000	0,485478	0,022930
4,820000	0,511769	0,043964
4,830000	0,532802	0,070257
4,840000	0,559092	0,096550
4,850000	0,580125	0,112326
4,860000	0,611674	0,138619
4,870000	0,632707	0,159653
4,880000	0,653739	0,180687
4,890000	0,680030	0,201721
4,900000	0,695805	0,217497
4,910000	0,716837	0,233273
4,920000	0,737870	0,249048
4,930000	0,753644	0,270083
4,940000	0,774677	0,285858
4,950000	0,795710	0,296375
4,960000	0,811484	0,317410
4,970000	0,827259	0,333185
4,980000	0,837775	0,348961
4,990000	0,858808	0,359478
5,000000	0,869324	0,375254
5,010000	0,879840	0,391030
5,020000	0,895615	0,406805
5,030000	0,906131	0,417322
5,040000	0,916647	0,433098
5,050000	0,921906	0,443615
5,060000	0,932422	0,448874
5,070000	0,942938	0,459391
5,080000	0,948196	0,469908
5,090000	0,958713	0,475167
5,100000	0,963971	0,480425
5,110000	0,963971	0,485684
5,120000	0,963971	0,490942
5,130000	0,969229	0,490942
5,140000	0,974487	0,496201
5,150000	0,969229	0,496201
5,160000	0,969229	0,496201
5,170000	0,969229	0,496201
5,180000	0,963971	0,496201
5,190000	0,958713	0,490942
5,200000	0,953455	0,490942
5,210000	0,948196	0,485684
5,220000	0,937680	0,480425
5,230000	0,932422	0,475167
5,240000	0,921906	0,469908
5,250000	0,916647	0,459391
5,260000	0,906131	0,454132
5,270000	0,895615	0,438357
5,280000	0,879840	0,433098
5,290000	0,869324	0,422581
5,300000	0,853549	0,417322
5,310000	0,837775	0,401547
5,320000	0,822000	0,385771
5,330000	0,806226	0,380512
5,340000	0,790451	0,364737
5,350000	0,769419	0,348961
5,360000	0,748386	0,333185
5,370000	0,732612	0,317410
5,380000	0,706321	0,301634
5,390000	0,690546	0,280600
5,400000	0,669514	0,264824
5,410000	0,643223	0,243790
5,420000	0,622190	0,222756
5,430000	0,601158	0,201721
5,440000	0,574867	0,185946
5,450000	0,553834	0,159653
5,460000	0,527543	0,138619
5,470000	0,501253	0,117584
5,480000	0,474962	0,096550
5,490000	0,453929	0,070257
5,500000	0,427638	0,049223
5,510000	0,396089	0,028189
5,520000	0,369799	0,007154
5,530000	0,343508	-0,024397
5,540000	0,317217	-0,040173
5,550000	0,285668	-0,066465
5,560000	0,259377	-0,092758
5,570000	0,233086	-0,113792
5,580000	0,206796	-0,140085
5,590000	0,175247	-0,161120
5,600000	0,148956	-0,192671
5,610000	0,122665	-0,213705
5,620000	0,096374	-0,239998
5,630000	0,064825	-0,261032
5,640000	0,038534	-0,292584
5,650000	0,012244	-0,318876
5,660000	-0,019305	-0,339911
5,670000	-0,045596	-0,360945
5,680000	-0,077145	-0,387238
5,690000	-0,103436	-0,413531
5,700000	-0,124469	-0,434565
5,710000	-0,150759	-0,460858
5,720000	-0,177050	-0,481892
5,730000	-0,203341	-0,508185
5,740000	-0,224374	-0,529219
5,750000	-0,255923	-0,555512
5,760000	-0,276955	-0,576546
5,770000	-0,297988	-0,597580
5,780000	-0,324279	-0,623873
5,790000	-0,345311	-0,644907
5,800000	-0,366344	-0,665942
5,810000	-0,387377	-0,681717
5,820000	-0,408409	-0,702751
5,830000	-0,429442	-0,723786
5,840000	-0,450475	-0,734303
5,850000	-0,466249	-0,755337
5,860000	-0,482024	-0,771113
5,870000	-0,497798	-0,786888
5,880000	-0,513573	-0,802664
5,890000	-0,529347	-0,818440
5,900000	-0,545122	-0,828957
5,910000	-0,555638	-0,839474
5,920000	-0,571412	-0,849991
5,930000	-0,576671	-0,860508
5,940000	-0,587187	-0,876284
5,950000	-0,602961	-0,881543
5,960000	-0,608219	-0,892060
5,970000	-0,613478	-0,902577
5,980000	-0,623994	-0,907835
5,990000	-0,634510	-0,913094
6,000000	-0,639768	-0,918353
6,010000	-0,639768	-0,923611
6,020000	-0,645027	-0,928870
6,030000	-0,645027	-0,934128
6,040000	-0,650285	-0,939387
6,050000	-0,650285	-0,944645
6,060000	-0,650285	-0,949904
6,070000	-0,650285	-0,949904
6,080000	-0,650285	-0,949904
6,090000	-0,645027	-0,949904
6,100000	-0,639768	-0,944645
6,110000	-0,634510	-0,939387
6,120000	-0,629252	-0,939387
6,130000	-0,618736	-0,928870
6,140000	-0,608219	-0,923611
6,150000	-0,602961	-0,918353
6,160000	-0,592445	-0,913094
6,170000	-0,581929	-0,902577
6,180000	-0,571412	-0,892060
6,190000	-0,555638	-0,886801
6,200000	-0,545122	-0,876284
6,210000	-0,534605	-0,865767
6,220000	-0,518831	-0,855250
6,230000	-0,503056	-0,844733
6,240000	-0,487282	-0,834216
6,250000	-0,471507	-0,823698
6,260000	-0,455733	-0,807923
6,270000	-0,434700	-0,797406
6,280000	-0,413668	-0,776371
6,290000	-0,392635	-0,765854
6,300000	-0,371602	-0,744820
6,310000	-0,350570	-0,729044
6,320000	-0,329537	-0,708010
6,330000	-0,303246	-0,692234
6,340000	-0,287472	-0,671200
6,350000	-0,261181	-0,650166
6,360000	-0,240148	-0,634390
6,370000	-0,208599	-0,613356
6,380000	-0,187567	-0,592322
6,390000	-0,161276	-0,571287
6,400000	-0,134985	-0,550253
6,410000	-0,108694	-0,529219
6,420000	-0,077145	-0,508185
6,430000	-0,056113	-0,487150
6,440000	-0,024564	-0,460858
6,450000	0,006985	-0,434565
6,460000	0,033276	-0,413531
6,470000	0,054309	-0,387238
6,480000	0,085858	-0,366203
6,490000	0,112149	-0,339911
6,500000	0,138439	-0,313618
6,510000	0,164730	-0,292584
6,520000	0,191021	-0,271549
6,530000	0,222570	-0,239998
6,540000	0,248861	-0,218964
6,550000	0,275152	-0,192671
6,560000	0,301442	-0,171637
6,570000	0,332991	-0,145344
6,580000	0,359282	-0,119051
6,590000	0,385573	-0,092758
6,600000	0,411864	-0,066465
6,610000	0,443413	-0,045431
6,620000	0,469704	-0,019138
6,630000	0,495994	0,007154
6,640000	0,517027	0,028189
6,650000	0,548576	0,049223
6,660000	0,569609	0,070257
6,670000	0,590641	0,091291
6,680000	0,611674	0,117584
6,690000	0,637965	0,133360
6,700000	0,658997	0,154394
6,710000	0,680030	0,180687
6,720000	0,701063	0,196463
6,730000	0,722095	0,217497
6,740000	0,737870	0,233273
6,750000	0,758903	0,254307
6,760000	0,774677	0,270083
6,770000	0,795710	0,291117
6,780000	0,806226	0,306893
6,790000	0,827259	0,322668
6,800000	0,843033	0,338444
6,810000	0,853549	0,354220
6,820000	0,869324	0,369995
6,830000	0,885098	0,380512
6,840000	0,895615	0,396288
6,850000	0,906131	0,406805
6,860000	0,916647	0,422581
6,870000	0,921906	0,433098
6,880000	0,932422	0,443615
6,890000	0,942938	0,454132
6,900000	0,948196	0,459391
6,910000	0,953455	0,464649
6,920000	0,958713	0,475167
6,930000	0,963971	0,480425
6,940000	0,963971	0,485684
6,950000	0,963971	0,485684
6,960000	0,963971	0,490942
6,970000	0,958713	0,490942
6,980000	0,963971	0,490942
6,990000	0,958713	0,490942
7,000000	0,958713	0,496201
7,010000	0,948196	0,496201
7,020000	0,942938	0,490942
7,030000	0,937680	0,490942
7,040000	0,932422	0,485684
7,050000	0,921906	0,480425
7,060000	0,916647	0,475167
7,070000	0,900873	0,469908
7,080000	0,890357	0,459391
7,090000	0,879840	0,454132
7,100000	0,869324	0,443615
7,110000	0,858808	0,433098
7,120000	0,843033	0,427839
7,130000	0,827259	0,417322
7,140000	0,806226	0,406805
7,150000	0,790451	0,391030
7,160000	0,774677	0,375254
7,170000	0,753644	0,364737
7,180000	0,737870	0,348961
7,190000	0,716837	0,333185
7,200000	0,701063	0,317410
7,210000	0,674772	0,296375
7,220000	0,653739	0,275341
7,230000	0,632707	0,259565
7,240000	0,606416	0,243790
7,250000	0,585383	0,222756
7,260000	0,559092	0,201721
7,270000	0,538060	0,180687
7,280000	0,511769	0,159653
7,290000	0,485478	0,138619
7,300000	0,459187	0,117584
7,310000	0,438155	0,091291
7,320000	0,411864	0,075516
7,330000	0,380315	0,049223
7,340000	0,354024	0,028189
7,350000	0,327733	0,001896
7,360000	0,301442	-0,024397
7,370000	0,275152	-0,050690
7,380000	0,248861	-0,071724
7,390000	0,217312	-0,098017
7,400000	0,191021	-0,124310
7,410000	0,164730	-0,145344
7,420000	0,133181	-0,171637
7,430000	0,101632	-0,192671
7,440000	0,080600	-0,218964
7,450000	0,054309	-0,245257
7,460000	0,022760	-0,266291
7,470000	-0,003531	-0,287325
7,480000	-0,029822	-0,313618
7,490000	-0,061371	-0,334652
7,500000	-0,087661	-0,360945
7,510000	-0,113952	-0,387238
7,520000	-0,140243	-0,408272
7,530000	-0,161276	-0,434565
7,540000	-0,187567	-0,455599
7,550000	-0,213857	-0,476633
7,560000	-0,240148	-0,502926
7,570000	-0,261181	-0,523960
7,580000	-0,282213	-0,544995
7,590000	-0,308504	-0,566029
7,600000	-0,329537	-0,587063
7,610000	-0,350570	-0,608097
7,620000	-0,366344	-0,623873
7,630000	-0,392635	-0,639649
7,640000	-0,408409	-0,660683
7,650000	-0,429442	-0,681717
7,660000	-0,445216	-0,697493
7,670000	-0,466249	-0,713269
7,680000	-0,482024	-0,734303
7,690000	-0,497798	-0,750079
7,700000	-0,508314	-0,765854
7,710000	-0,524089	-0,781630
7,720000	-0,539863	-0,797406
7,730000	-0,550380	-0,813181
7,740000	-0,560896	-0,828957
7,750000	-0,576671	-0,839474
7,760000	-0,587187	-0,855250
7,770000	-0,592445	-0,865767
7,780000	-0,602961	-0,876284
7,790000	-0,608219	-0,886801
7,800000	-0,613478	-0,892060
7,810000	-0,618736	-0,902577
7,820000	-0,629252	-0,907835
7,830000	-0,629252	-0,913094
7,840000	-0,634510	-0,913094
7,850000	-0,634510	-0,923611
7,860000	-0,634510	-0,923611
7,870000	-0,634510	-0,928870
7,880000	-0,639768	-0,928870
7,890000	-0,634510	-0,934128
7,900000	-0,634510	-0,934128
7,910000	-0,629252	-0,934128
7,920000	-0,629252	-0,928870
7,930000	-0,618736	-0,928870
7,940000	-0,618736	-0,928870
7,950000	-0,608219	-0,918353
7,960000	-0,602961	-0,918353
7,970000	-0,592445	-0,918353
7,980000	-0,581929	-0,913094
7,990000	-0,566154	-0,902577
8,000000	-0,560896	-0,897318
8,010000	-0,550380	-0,892060
8,020000	-0,534605	-0,881543
8,030000	-0,518831	-0,876284
8,040000	-0,508314	-0,865767
8,050000	-0,492540	-0,849991
8,060000	-0,476765	-0,839474
8,070000	-0,455733	-0,828957
8,080000	-0,439958	-0,813181
8,090000	-0,418926	-0,802664
8,100000	-0,403151	-0,786888
8,110000	-0,382119	-0,765854
8,120000	-0,361086	-0,755337
8,130000	-0,334795	-0,739561
8,140000	-0,313762	-0,723786
8,150000	-0,292730	-0,702751
8,160000	-0,266439	-0,686976
8,170000	-0,245406	-0,660683
8,180000	-0,219116	-0,644907
8,190000	-0,192825	-0,629132
8,200000	-0,171792	-0,602839
8,210000	-0,145501	-0,587063
8,220000	-0,119210	-0,566029
8,230000	-0,092920	-0,539736
8,240000	-0,066629	-0,518702
8,250000	-0,040338	-0,497668
8,260000	-0,014047	-0,466116
8,270000	0,017502	-0,450340
8,280000	0,043793	-0,424048
8,290000	0,070083	-0,397755
8,300000	0,096374	-0,376721
8,310000	0,122665	-0,350428
8,320000	0,154214	-0,329394
8,330000	0,180505	-0,308359
8,340000	0,206796	-0,282066
8,350000	0,233086	-0,255774
8,360000	0,259377	-0,234739
8,370000	0,290926	-0,208447
8,380000	0,317217	-0,182154
8,390000	0,343508	-0,155861
8,400000	0,369799	-0,134827
8,410000	0,396089	-0,113792
8,420000	0,422380	-0,087500
8,430000	0,448671	-0,061207
8,440000	0,469704	-0,040173
8,450000	0,501253	-0,019138
8,460000	0,522285	0,007154
8,470000	0,548576	0,028189
8,480000	0,569609	0,049223
8,490000	0,595900	0,070257
8,500000	0,611674	0,091291
8,510000	0,637965	0,112326
8,520000	0,664256	0,133360
8,530000	0,680030	0,159653
8,540000	0,706321	0,175428
8,550000	0,722095	0,196463
8,560000	0,737870	0,217497
8,570000	0,758903	0,238531
8,580000	0,774677	0,249048
8,590000	0,790451	0,275341
8,600000	0,811484	0,296375
8,610000	0,827259	0,312151
8,620000	0,843033	0,327927
8,630000	0,853549	0,338444
8,640000	0,869324	0,359478
8,650000	0,879840	0,375254
8,660000	0,890357	0,385771
8,670000	0,900873	0,401547
8,680000	0,911389	0,412064
8,690000	0,916647	0,427839
8,700000	0,921906	0,438357
8,710000	0,932422	0,448874
8,720000	0,937680	0,459391
8,730000	0,942938	0,464649
8,740000	0,948196	0,475167
8,750000	0,948196	0,480425
8,760000	0,953455	0,485684
8,770000	0,953455	0,490942
8,780000	0,953455	0,490942
8,790000	0,953455	0,496201
8,800000	0,948196	0,496201
8,810000	0,948196	0,496201
8,820000	0,942938	0,496201
8,830000	0,937680	0,501459
8,840000	0,932422	0,496201
8,850000	0,932422	0,496201
8,860000	0,921906	0,490942
8,870000	0,911389	0,485684
8,880000	0,906131	0,480425
8,890000	0,895615	0,475167
8,900000	0,885098	0,469908
8,910000	0,869324	0,464649
8,920000	0,858808	0,454132
8,930000	0,848291	0,448874
8,940000	0,832517	0,433098
8,950000	0,816742	0,417322
8,960000	0,795710	0,406805
8,970000	0,785193	0,391030
8,980000	0,764161	0,375254
8,990000	0,748386	0,364737
9,000000	0,727354	0,348961
9,010000	0,706321	0,333185
9,020000	0,690546	0,317410
9,030000	0,669514	0,296375
9,040000	0,643223	0,280600
9,050000	0,622190	0,259565
9,060000	0,601158	0,243790
9,070000	0,580125	0,228014
9,080000	0,559092	0,206980
9,090000	0,532802	0,185946
9,100000	0,506511	0,170170
9,110000	0,480220	0,149136
9,120000	0,453929	0,128101
9,130000	0,427638	0,107067
9,140000	0,401348	0,080774
9,150000	0,380315	0,059740
9,160000	0,348766	0,038706
9,170000	0,322475	0,007154
9,180000	0,296184	-0,013880
9,190000	0,269894	-0,040173
9,200000	0,243603	-0,066465
9,210000	0,217312	-0,087500
9,220000	0,191021	-0,113792
9,230000	0,159472	-0,140085
9,240000	0,138439	-0,161120
9,250000	0,106890	-0,187412
9,260000	0,075342	-0,208447
9,270000	0,054309	-0,229481
9,280000	0,028018	-0,255774
9,290000	0,001727	-0,282066
9,300000	-0,029822	-0,303101
9,310000	-0,056113	-0,329394
9,320000	-0,082403	-0,355686
9,330000	-0,108694	-0,381979
9,340000	-0,129727	-0,403013
9,350000	-0,156018	-0,429306
9,360000	-0,182308	-0,450340
9,370000	-0,208599	-0,471375
9,380000	-0,229632	-0,497668
9,390000	-0,255923	-0,518702
9,400000	-0,276955	-0,539736
9,410000	-0,297988	-0,566029
9,420000	-0,319021	-0,587063
9,430000	-0,340053	-0,613356
9,440000	-0,361086	-0,634390
9,450000	-0,376860	-0,655424
9,460000	-0,397893	-0,676459
9,470000	-0,418926	-0,697493
9,480000	-0,439958	-0,718527
9,490000	-0,455733	-0,739561
9,500000	-0,471507	-0,755337
9,510000	-0,487282	-0,776371
9,520000	-0,503056	-0,792147
9,530000	-0,513573	-0,807923
9,540000	-0,529347	-0,823698
9,550000	-0,539863	-0,834216
9,560000	-0,555638	-0,849991
9,570000	-0,566154	-0,865767
9,580000	-0,571412	-0,881543
9,590000	-0,587187	-0,892060
9,600000	-0,592445	-0,902577
9,610000	-0,597703	-0,913094
9,620000	-0,608219	-0,918353
9,630000	-0,608219	-0,928870
9,640000	-0,613478	-0,934128
9,650000	-0,618736	-0,939387
9,660000	-0,623994	-0,944645
9,670000	-0,623994	-0,949904
9,680000	-0,623994	-0,955162
9,690000	-0,623994	-0,955162
9,700000	-0,623994	-0,960421
9,710000	-0,618736	-0,960421
9,720000	-0,618736	-0,960421
9,730000	-0,613478	-0,955162
9,740000	-0,613478	-0,960421
9,750000	-0,608219	-0,955162
9,760000	-0,602961	-0,949904
9,770000	-0,592445	-0,949904
9,780000	-0,587187	-0,939387
9,790000	-0,576671	-0,934128
9,800000	-0,566154	-0,934128
9,810000	-0,555638	-0,918353
9,820000	-0,545122	-0,918353
9,830000	-0,529347	-0,907835
9,840000	-0,518831	-0,897318
9,850000	-0,503056	-0,886801
9,860000	-0,487282	-0,876284
9,870000	-0,471507	-0,865767
9,880000	-0,450475	-0,855250
9,890000	-0,434700	-0,839474
9,900000	-0,418926	-0,823698
9,910000	-0,397893	-0,807923
9,920000	-0,382119	-0,797406
9,930000	-0,361086	-0,781630
9,940000	-0,340053	-0,765854
9,950000	-0,319021	-0,744820
9,960000	-0,297988	-0,729044
9,970000	-0,276955	-0,713269
9,980000	-0,250664	-0,697493
9,990000	-0,229632	-0,676459
10,000000	-0,203341	-0,655424
10,010000	-0,177050	-0,639649
10,020000	-0,156018	-0,618614
10,030000	-0,134985	-0,597580
10,040000	-0,108694	-0,576546
10,050000	-0,087661	-0,550253
10,060000	-0,056113	-0,529219
10,070000	-0,035080	-0,502926
10,080000	-0,003531	-0,481892
10,090000	0,022760	-0,460858
10,100000	0,049051	-0,439823
10,110000	0,075342	-0,413531
10,120000	0,101632	-0,387238
10,130000	0,133181	-0,366203
10,140000	0,159472	-0,339911
10,150000	0,185763	-0,318876
10,160000	0,212054	-0,287325
10,170000	0,243603	-0,266291
10,180000	0,264635	-0,239998
10,190000	0,290926	-0,213705
10,200000	0,317217	-0,187412
10,210000	0,343508	-0,161120
10,220000	0,375057	-0,134827
10,230000	0,401348	-0,108534
10,240000	0,427638	-0,076983
10,250000	0,453929	-0,055948
10,260000	0,474962	-0,029655
10,270000	0,501253	0,001896
10,280000	0,522285	0,022930
10,290000	0,548576	0,049223
10,300000	0,569609	0,070257
10,310000	0,595900	0,096550
10,320000	0,616932	0,117584
10,330000	0,637965	0,143877
10,340000	0,658997	0,159653
10,350000	0,680030	0,185946
10,360000	0,695805	0,206980
10,370000	0,716837	0,233273
10,380000	0,737870	0,249048
10,390000	0,753644	0,270083
10,400000	0,774677	0,291117
10,410000	0,790451	0,306893
10,420000	0,806226	0,327927
10,430000	0,822000	0,343702
10,440000	0,832517	0,359478
10,450000	0,848291	0,375254
10,460000	0,858808	0,391030
10,470000	0,869324	0,401547
10,480000	0,879840	0,412064
10,490000	0,890357	0,427839
10,500000	0,900873	0,443615
10,510000	0,906131	0,448874
10,520000	0,916647	0,464649
10,530000	0,921906	0,469908
10,540000	0,927164	0,480425
10,550000	0,932422	0,485684
10,560000	0,932422	0,496201
10,570000	0,937680	0,501459
10,580000	0,937680	0,506718
10,590000	0,937680	0,511976
10,600000	0,937680	0,517235
10,610000	0,937680	0,517235
10,620000	0,937680	0,517235
10,630000	0,932422	0,522494
10,640000	0,927164	0,522494
10,650000	0,927164	0,517235
10,660000	0,916647	0,517235
10,670000	0,911389	0,511976
10,680000	0,906131	0,506718
10,690000	0,895615	0,501459
10,700000	0,890357	0,496201
10,710000	0,874582	0,490942
10,720000	0,864066	0,485684
10,730000	0,853549	0,480425
10,740000	0,837775	0,469908
10,750000	0,827259	0,464649
10,760000	0,811484	0,448874
10,770000	0,800968	0,438357
10,780000	0,785193	0,427839
10,790000	0,764161	0,412064
10,800000	0,748386	0,401547
10,810000	0,727354	0,391030
10,820000	0,706321	0,369995
10,830000	0,690546	0,359478
10,840000	0,669514	0,338444
10,850000	0,648481	0,322668
10,860000	0,627448	0,306893
10,870000	0,606416	0,291117
10,880000	0,585383	0,264824
10,890000	0,564351	0,254307
10,900000	0,538060	0,233273
10,910000	0,517027	0,212238
10,920000	0,490736	0,191204
10,930000	0,464445	0,164911
10,940000	0,443413	0,149136
10,950000	0,417122	0,128101
10,960000	0,390831	0,101809
10,970000	0,364540	0,086033
10,980000	0,338250	0,059740
10,990000	0,311959	0,038706
11,000000	0,285668	0,012413
11,010000	0,259377	-0,019138
11,020000	0,227828	-0,034914
11,030000	0,206796	-0,066465
11,040000	0,180505	-0,087500
11,050000	0,148956	-0,119051
11,060000	0,122665	-0,140085
11,070000	0,101632	-0,166378
11,080000	0,075342	-0,192671
11,090000	0,049051	-0,218964
11,100000	0,022760	-0,245257
11,110000	-0,008789	-0,271549
11,120000	-0,035080	-0,297842
11,130000	-0,061371	-0,324135
11,140000	-0,087661	-0,350428
11,150000	-0,113952	-0,376721
11,160000	-0,134985	-0,403013
11,170000	-0,161276	-0,429306
11,180000	-0,182308	-0,455599
11,190000	-0,208599	-0,476633
11,200000	-0,229632	-0,502926
11,210000	-0,255923	-0,523960
11,220000	-0,276955	-0,544995
11,230000	-0,297988	-0,566029
11,240000	-0,319021	-0,592322
11,250000	-0,340053	-0,608097
11,260000	-0,361086	-0,629132
11,270000	-0,382119	-0,655424
11,280000	-0,397893	-0,671200
11,290000	-0,418926	-0,697493
11,300000	-0,434700	-0,718527
11,310000	-0,450475	-0,734303
11,320000	-0,466249	-0,755337
11,330000	-0,482024	-0,776371
11,340000	-0,497798	-0,792147
11,350000	-0,508314	-0,807923
11,360000	-0,524089	-0,818440
11,370000	-0,534605	-0,839474
11,380000	-0,545122	-0,855250
11,390000	-0,555638	-0,865767
11,400000	-0,566154	-0,881543
11,410000	-0,571412	-0,892060
11,420000	-0,581929	-0,902577
11,430000	-0,587187	-0,907835
11,440000	-0,597703	-0,918353
11,450000	-0,602961	-0,923611
11,460000	-0,608219	-0,934128
11,470000	-0,608219	-0,939387
11,480000	-0,608219	-0,949904
11,490000	-0,613478	-0,949904
11,500000	-0,613478	-0,960421
11,510000	-0,608219	-0,960421
11,520000	-0,613478	-0,965680
11,530000	-0,608219	-0,970938
11,540000	-0,602961	-0,970938
11,550000	-0,602961	-0,970938
11,560000	-0,597703	-0,976197
11,570000	-0,587187	-0,970938
11,580000	-0,581929	-0,970938
11,590000	-0,576671	-0,970938
11,600000	-0,566154	-0,965680
11,610000	-0,560896	-0,960421
11,620000	-0,545122	-0,955162
11,630000	-0,539863	-0,944645
11,640000	-0,529347	-0,939387
11,650000	-0,513573	-0,934128
11,660000	-0,503056	-0,918353
11,670000	-0,487282	-0,913094
11,680000	-0,476765	-0,902577
11,690000	-0,455733	-0,892060
11,700000	-0,439958	-0,876284
11,710000	-0,424184	-0,865767
11,720000	-0,408409	-0,849991
11,730000	-0,387377	-0,828957
11,740000	-0,371602	-0,818440
11,750000	-0,350570	-0,802664
11,760000	-0,329537	-0,786888
11,770000	-0,308504	-0,771113
11,780000	-0,287472	-0,755337
11,790000	-0,266439	-0,734303
11,800000	-0,245406	-0,713269
11,810000	-0,224374	-0,697493
11,820000	-0,198083	-0,676459
11,830000	-0,177050	-0,650166
11,840000	-0,150759	-0,629132
11,850000	-0,129727	-0,608097
11,860000	-0,103436	-0,581805
11,870000	-0,077145	-0,560770
11,880000	-0,050854	-0,539736
11,890000	-0,024564	-0,513443
11,900000	0,001727	-0,492409
11,910000	0,028018	-0,466116
11,920000	0,059567	-0,439823
11,930000	0,080600	-0,418789
11,940000	0,106890	-0,392496
11,950000	0,133181	-0,366203
11,960000	0,159472	-0,339911
11,970000	0,185763	-0,313618
11,980000	0,212054	-0,287325
11,990000	0,238345	-0,261032
12,000000	0,264635	-0,234739
12,010000	0,290926	-0,208447
12,020000	0,317217	-0,182154
12,030000	0,348766	-0,161120
12,040000	0,369799	-0,134827
12,050000	0,396089	-0,108534
12,060000	0,422380	-0,087500
12,070000	0,443413	-0,061207
12,080000	0,469704	-0,034914
12,090000	0,495994	-0,008621
12,100000	0,517027	0,017672
12,110000	0,538060	0,038706
12,120000	0,559092	0,059740
12,130000	0,585383	0,086033
12,140000	0,606416	0,107067
12,150000	0,627448	0,128101
12,160000	0,648481	0,154394
12,170000	0,664256	0,175428
12,180000	0,685288	0,196463
12,190000	0,706321	0,222756
12,200000	0,722095	0,238531
12,210000	0,743128	0,259565
12,220000	0,758903	0,280600
12,230000	0,769419	0,301634
12,240000	0,790451	0,317410
12,250000	0,800968	0,333185
12,260000	0,816742	0,354220
12,270000	0,827259	0,364737
12,280000	0,843033	0,380512
12,290000	0,853549	0,396288
12,300000	0,858808	0,412064
12,310000	0,869324	0,427839
12,320000	0,879840	0,438357
12,330000	0,885098	0,443615
12,340000	0,895615	0,459391
12,350000	0,900873	0,464649
12,360000	0,906131	0,469908
12,370000	0,906131	0,480425
12,380000	0,911389	0,490942
12,390000	0,916647	0,496201
12,400000	0,916647	0,501459
12,410000	0,916647	0,506718
12,420000	0,916647	0,506718
12,430000	0,911389	0,517235
12,440000	0,911389	0,522494
12,450000	0,911389	0,522494
12,460000	0,906131	0,522494
12,470000	0,900873	0,527752
12,480000	0,895615	0,522494
12,490000	0,890357	0,522494
12,500000	0,879840	0,522494
12,510000	0,874582	0,517235
12,520000	0,864066	0,511976
12,530000	0,853549	0,506718
12,540000	0,843033	0,501459
12,550000	0,832517	0,490942
12,560000	0,822000	0,485684
12,570000	0,806226	0,475167
12,580000	0,795710	0,464649
12,590000	0,779935	0,454132
12,600000	0,764161	0,438357
12,610000	0,743128	0,422581
12,620000	0,727354	0,412064
12,630000	0,706321	0,396288
12,640000	0,690546	0,380512
12,650000	0,674772	0,359478
12,660000	0,653739	0,348961
12,670000	0,632707	0,327927
12,680000	0,611674	0,312151
12,690000	0,590641	0,291117
12,700000	0,569609	0,275341
12,710000	0,548576	0,254307
12,720000	0,522285	0,228014
12,730000	0,501253	0,212238
12,740000	0,474962	0,191204
12,750000	0,453929	0,164911
12,760000	0,427638	0,143877
12,770000	0,406606	0,117584
12,780000	0,380315	0,096550
12,790000	0,354024	0,075516
12,800000	0,327733	0,049223
12,810000	0,306701	0,028189
12,820000	0,275152	0,001896
12,830000	0,254119	-0,024397
12,840000	0,227828	-0,050690
12,850000	0,201537	-0,076983
12,860000	0,175247	-0,103275
12,870000	0,148956	-0,124310
12,880000	0,122665	-0,155861
12,890000	0,096374	-0,182154
12,900000	0,064825	-0,208447
12,910000	0,043793	-0,234739
12,920000	0,017502	-0,261032
12,930000	-0,008789	-0,287325
12,940000	-0,035080	-0,313618
12,950000	-0,061371	-0,339911
12,960000	-0,082403	-0,366203
12,970000	-0,113952	-0,392496
12,980000	-0,134985	-0,413531
12,990000	-0,161276	-0,445082
13,000000	-0,182308	-0,466116
13,010000	-0,203341	-0,492409
13,020000	-0,224374	-0,518702
13,030000	-0,250664	-0,534477
13,040000	-0,271697	-0,560770
13,050000	-0,292730	-0,587063
13,060000	-0,308504	-0,608097
13,070000	-0,329537	-0,629132
13,080000	-0,345311	-0,650166
13,090000	-0,366344	-0,671200
13,100000	-0,387377	-0,692234
13,110000	-0,403151	-0,708010
13,120000	-0,424184	-0,723786
13,130000	-0,439958	-0,744820
13,140000	-0,455733	-0,760596
13,150000	-0,466249	-0,781630
13,160000	-0,476765	-0,797406
13,170000	-0,492540	-0,813181
13,180000	-0,508314	-0,828957
13,190000	-0,518831	-0,844733
13,200000	-0,534605	-0,860508
13,210000	-0,545122	-0,876284
13,220000	-0,550380	-0,886801
13,230000	-0,560896	-0,902577
13,240000	-0,566154	-0,913094
13,250000	-0,571412	-0,923611
13,260000	-0,581929	-0,934128
13,270000	-0,587187	-0,944645
13,280000	-0,592445	-0,955162
13,290000	-0,592445	-0,960421
13,300000	-0,597703	-0,965680
13,310000	-0,597703	-0,976197
13,320000	-0,597703	-0,981455
13,330000	-0,592445	-0,986714
13,340000	-0,597703	-0,991972
13,350000	-0,592445	-0,991972
13,360000	-0,587187	-0,991972
13,370000	-0,587187	-0,997231
13,380000	-0,581929	-0,997231
13,390000	-0,576671	-0,991972
13,400000	-0,566154	-0,991972
13,410000	-0,560896	-0,986714
13,420000	-0,550380	-0,986714
13,430000	-0,539863	-0,976197
13,440000	-0,534605	-0,970938
13,450000	-0,518831	-0,960421
13,460000	-0,508314	-0,955162
13,470000	-0,497798	-0,944645
13,480000	-0,487282	-0,939387
13,490000	-0,471507	-0,928870
13,500000	-0,455733	-0,918353
13,510000	-0,439958	-0,907835
13,520000	-0,424184	-0,892060
13,530000	-0,408409	-0,881543
13,540000	-0,392635	-0,860508
13,550000	-0,376860	-0,849991
13,560000	-0,355828	-0,834216
13,570000	-0,340053	-0,818440
13,580000	-0,319021	-0,802664
13,590000	-0,297988	-0,786888
13,600000	-0,276955	-0,760596
13,610000	-0,255923	-0,744820
13,620000	-0,234890	-0,723786
13,630000	-0,213857	-0,708010
13,640000	-0,187567	-0,686976
13,650000	-0,166534	-0,665942
13,660000	-0,140243	-0,639649
13,670000	-0,119210	-0,618614
13,680000	-0,092920	-0,597580
13,690000	-0,066629	-0,581805
13,700000	-0,045596	-0,555512
13,710000	-0,019305	-0,529219
13,720000	0,006985	-0,502926
13,730000	0,033276	-0,481892
13,740000	0,059567	-0,455599
13,750000	0,080600	-0,434565
13,760000	0,106890	-0,408272
13,770000	0,133181	-0,381979
13,780000	0,159472	-0,355686
13,790000	0,180505	-0,329394
13,800000	0,212054	-0,303101
13,810000	0,238345	-0,271549
13,820000	0,264635	-0,245257
13,830000	0,290926	-0,218964
13,840000	0,317217	-0,197929
13,850000	0,338250	-0,166378
13,860000	0,364540	-0,140085
13,870000	0,390831	-0,113792
13,880000	0,411864	-0,087500
13,890000	0,443413	-0,066465
13,900000	0,459187	-0,040173
13,910000	0,485478	-0,013880
13,920000	0,511769	0,012413
13,930000	0,532802	0,038706
13,940000	0,553834	0,059740
13,950000	0,574867	0,086033
13,960000	0,595900	0,107067
13,970000	0,616932	0,128101
13,980000	0,637965	0,154394
13,990000	0,658997	0,180687
14,000000	0,680030	0,201721
14,010000	0,701063	0,222756
14,020000	0,716837	0,243790
14,030000	0,732612	0,264824
14,040000	0,748386	0,285858
14,050000	0,764161	0,306893
14,060000	0,779935	0,322668
14,070000	0,795710	0,338444
14,080000	0,806226	0,359478
14,090000	0,822000	0,375254
14,100000	0,832517	0,391030
14,110000	0,843033	0,406805
14,120000	0,853549	0,422581
14,130000	0,864066	0,438357
14,140000	0,869324	0,454132
14,150000	0,879840	0,464649
14,160000	0,879840	0,475167
14,170000	0,890357	0,485684
14,180000	0,895615	0,496201
14,190000	0,900873	0,506718
14,200000	0,900873	0,511976
14,210000	0,906131	0,517235
14,220000	0,906131	0,522494
14,230000	0,906131	0,522494
14,240000	0,906131	0,527752
14,250000	0,906131	0,527752
14,260000	0,906131	0,533011
14,270000	0,900873	0,533011
14,280000	0,895615	0,538269
14,290000	0,890357	0,533011
14,300000	0,885098	0,533011
14,310000	0,874582	0,527752
14,320000	0,869324	0,527752
14,330000	0,864066	0,522494
14,340000	0,853549	0,517235
14,350000	0,843033	0,506718
14,360000	0,832517	0,501459
14,370000	0,822000	0,490942
14,380000	0,806226	0,480425
14,390000	0,795710	0,469908
14,400000	0,785193	0,459391
14,410000	0,769419	0,448874
14,420000	0,753644	0,433098
14,430000	0,737870	0,422581
14,440000	0,722095	0,412064
14,450000	0,701063	0,396288
14,460000	0,685288	0,385771
14,470000	0,664256	0,369995
14,480000	0,643223	0,359478
14,490000	0,622190	0,338444
14,500000	0,606416	0,322668
14,510000	0,585383	0,301634
14,520000	0,564351	0,280600
14,530000	0,543318	0,259565
14,540000	0,517027	0,243790
14,550000	0,495994	0,222756
14,560000	0,469704	0,201721
14,570000	0,448671	0,180687
14,580000	0,422380	0,154394
14,590000	0,401348	0,133360
14,600000	0,375057	0,112326
14,610000	0,354024	0,086033
14,620000	0,327733	0,059740
14,630000	0,301442	0,033447
14,640000	0,280410	0,012413
14,650000	0,248861	-0,019138
14,660000	0,222570	-0,045431
14,670000	0,201537	-0,071724
14,680000	0,175247	-0,098017
14,690000	0,148956	-0,124310
14,700000	0,122665	-0,150602
14,710000	0,096374	-0,171637
14,720000	0,075342	-0,197929
14,730000	0,049051	-0,224222
14,740000	0,022760	-0,250515
14,750000	-0,003531	-0,276808
14,760000	-0,029822	-0,303101
14,770000	-0,050854	-0,329394
14,780000	-0,077145	-0,355686
14,790000	-0,103436	-0,381979
14,800000	-0,124469	-0,403013
14,810000	-0,145501	-0,429306
14,820000	-0,171792	-0,455599
14,830000	-0,192825	-0,476633
14,840000	-0,213857	-0,502926
14,850000	-0,240148	-0,529219
14,860000	-0,255923	-0,550253
14,870000	-0,282213	-0,576546
14,880000	-0,303246	-0,602839
14,890000	-0,319021	-0,623873
14,900000	-0,340053	-0,644907
14,910000	-0,355828	-0,665942
14,920000	-0,376860	-0,686976
14,930000	-0,392635	-0,708010
14,940000	-0,408409	-0,729044
14,950000	-0,424184	-0,750079
14,960000	-0,439958	-0,771113
14,970000	-0,455733	-0,792147
14,980000	-0,466249	-0,807923
14,990000	-0,482024	-0,823698
15,000000	-0,492540	-0,839474
15,010000	-0,503056	-0,855250
15,020000	-0,518831	-0,871025
15,030000	-0,524089	-0,881543
15,040000	-0,539863	-0,892060
15,050000	-0,545122	-0,902577
15,060000	-0,550380	-0,918353
15,070000	-0,555638	-0,928870
15,080000	-0,560896	-0,934128
15,090000	-0,571412	-0,944645
15,100000	-0,571412	-0,955162
15,110000	-0,576671	-0,960421
15,120000	-0,576671	-0,970938
15,130000	-0,576671	-0,976197
15,140000	-0,581929	-0,986714
15,150000	-0,581929	-0,991972
15,160000	-0,576671	-0,997231
15,170000	-0,576671	-0,997231
15,180000	-0,571412	-1,002490
15,190000	-0,566154	-1,002490
15,200000	-0,560896	-1,002490
15,210000	-0,555638	-1,002490
15,220000	-0,550380	-1,002490
15,230000	-0,545122	-0,997231
15,240000	-0,534605	-0,997231
15,250000	-0,524089	-0,986714
15,260000	-0,518831	-0,981455
15,270000	-0,508314	-0,981455
15,280000	-0,492540	-0,970938
15,290000	-0,482024	-0,960421
15,300000	-0,471507	-0,949904
15,310000	-0,455733	-0,939387
15,320000	-0,445216	-0,928870
15,330000	-0,429442	-0,918353
15,340000	-0,413668	-0,907835
15,350000	-0,397893	-0,897318
15,360000	-0,376860	-0,881543
15,370000	-0,361086	-0,865767
15,380000	-0,340053	-0,849991
15,390000	-0,319021	-0,839474
15,400000	-0,303246	-0,818440
15,410000	-0,282213	-0,802664
15,420000	-0,261181	-0,786888
15,430000	-0,240148	-0,765854
15,440000	-0,219116	-0,750079
15,450000	-0,198083	-0,729044
15,460000	-0,177050	-0,708010
15,470000	-0,156018	-0,686976
15,480000	-0,129727	-0,660683
15,490000	-0,108694	-0,639649
15,500000	-0,082403	-0,618614
15,510000	-0,061371	-0,592322
15,520000	-0,035080	-0,571287
15,530000	-0,014047	-0,544995
15,540000	0,017502	-0,513443
15,550000	0,038534	-0,492409
15,560000	0,064825	-0,466116
15,570000	0,091116	-0,439823
15,580000	0,117407	-0,413531
15,590000	0,138439	-0,387238
15,600000	0,169988	-0,360945
15,610000	0,191021	-0,334652
15,620000	0,217312	-0,308359
15,630000	0,238345	-0,287325
15,640000	0,264635	-0,261032
15,650000	0,290926	-0,229481
15,660000	0,317217	-0,208447
15,670000	0,338250	-0,176895
15,680000	0,364540	-0,150602
15,690000	0,385573	-0,124310
15,700000	0,411864	-0,098017
15,710000	0,438155	-0,066465
15,720000	0,459187	-0,040173
15,730000	0,485478	-0,019138
15,740000	0,501253	0,012413
15,750000	0,522285	0,033447
15,760000	0,548576	0,064999
15,770000	0,564351	0,086033
15,780000	0,590641	0,112326
15,790000	0,611674	0,133360
15,800000	0,627448	0,159653
15,810000	0,643223	0,175428
15,820000	0,664256	0,196463
15,830000	0,685288	0,222756
15,840000	0,701063	0,243790
15,850000	0,716837	0,264824
15,860000	0,732612	0,285858
15,870000	0,748386	0,306893
15,880000	0,764161	0,322668
15,890000	0,774677	0,343702
15,900000	0,790451	0,359478
15,910000	0,800968	0,380512
15,920000	0,816742	0,396288
15,930000	0,827259	0,412064
15,940000	0,832517	0,427839
15,950000	0,843033	0,438357
15,960000	0,853549	0,454132
15,970000	0,858808	0,469908
15,980000	0,864066	0,480425
15,990000	0,869324	0,490942
16,000000	0,874582	0,501459
16,010000	0,879840	0,511976
16,020000	0,885098	0,517235
16,030000	0,885098	0,522494
16,040000	0,890357	0,527752
16,050000	0,890357	0,533011
16,060000	0,890357	0,538269
16,070000	0,885098	0,538269
16,080000	0,885098	0,538269
16,090000	0,885098	0,543528
16,100000	0,879840	0,543528
16,110000	0,874582	0,543528
16,120000	0,869324	0,538269
16,130000	0,864066	0,538269
16,140000	0,858808	0,533011
16,150000	0,848291	0,533011
16,160000	0,837775	0,527752
16,170000	0,827259	0,522494
16,180000	0,816742	0,511976
16,190000	0,806226	0,506718
16,200000	0,795710	0,496201
16,210000	0,779935	0,490942
16,220000	0,764161	0,480425
16,230000	0,753644	0,464649
16,240000	0,732612	0,454132
16,250000	0,722095	0,443615
16,260000	0,706321	0,427839
16,270000	0,685288	0,412064
16,280000	0,669514	0,401547
16,290000	0,653739	0,385771
16,300000	0,632707	0,369995
16,310000	0,611674	0,348961
16,320000	0,595900	0,333185
16,330000	0,574867	0,312151
16,340000	0,553834	0,296375
16,350000	0,527543	0,275341
16,360000	0,511769	0,254307
16,370000	0,490736	0,233273
16,380000	0,469704	0,206980
16,390000	0,443413	0,185946
16,400000	0,422380	0,164911
16,410000	0,396089	0,138619
16,420000	0,369799	0,112326
16,430000	0,348766	0,091291
16,440000	0,322475	0,064999
16,450000	0,296184	0,038706
16,460000	0,275152	0,012413
16,470000	0,248861	-0,013880
16,480000	0,227828	-0,034914
16,490000	0,201537	-0,061207
16,500000	0,175247	-0,087500
16,510000	0,148956	-0,113792
16,520000	0,122665	-0,145344
16,530000	0,096374	-0,166378
16,540000	0,075342	-0,192671
16,550000	0,049051	-0,224222
16,560000	0,022760	-0,250515
16,570000	0,001727	-0,276808
16,580000	-0,024564	-0,303101
16,590000	-0,050854	-0,334652
16,600000	-0,077145	-0,360945
16,610000	-0,098178	-0,387238
16,620000	-0,124469	-0,413531
16,630000	-0,145501	-0,434565
16,640000	-0,166534	-0,460858
16,650000	-0,187567	-0,487150
16,660000	-0,208599	-0,513443
16,670000	-0,229632	-0,539736
16,680000	-0,250664	-0,560770
16,690000	-0,271697	-0,587063
16,700000	-0,287472	-0,613356
16,710000	-0,308504	-0,634390
16,720000	-0,329537	-0,660683
16,730000	-0,345311	-0,676459
16,740000	-0,361086	-0,702751
16,750000	-0,376860	-0,723786
16,760000	-0,397893	-0,744820
16,770000	-0,408409	-0,765854
16,780000	-0,429442	-0,786888
16,790000	-0,439958	-0,807923
16,800000	-0,455733	-0,823698
16,810000	-0,471507	-0,839474
16,820000	-0,476765	-0,860508
16,830000	-0,492540	-0,876284
16,840000	-0,497798	-0,892060
16,850000	-0,513573	-0,902577
16,860000	-0,518831	-0,923611
16,870000	-0,529347	-0,934128
16,880000	-0,539863	-0,944645
16,890000	-0,545122	-0,960421
16,900000	-0,550380	-0,970938
16,910000	-0,555638	-0,976197
16,920000	-0,560896	-0,991972
16,930000	-0,566154	-0,997231
16,940000	-0,566154	-1,002490
16,950000	-0,571412	-1,007748
16,960000	-0,566154	-1,013007
16,970000	-0,566154	-1,018265
16,980000	-0,566154	-1,023524
16,990000	-0,566154	-1,023524
17,000000	-0,560896	-1,023524
17,010000	-0,555638	-1,023524
17,020000	-0,555638	-1,023524
17,030000	-0,550380	-1,023524
17,040000	-0,539863	-1,023524
17,050000	-0,534605	-1,018265
17,060000	-0,529347	-1,018265
17,070000	-0,518831	-1,013007
17,080000	-0,513573	-1,007748
17,090000	-0,497798	-1,002490
17,100000	-0,487282	-0,991972
17,110000	-0,476765	-0,986714
17,120000	-0,460991	-0,976197
17,130000	-0,445216	-0,965680
17,140000	-0,439958	-0,955162
17,150000	-0,424184	-0,939387
17,160000	-0,408409	-0,928870
17,170000	-0,392635	-0,918353
17,180000	-0,376860	-0,902577
17,190000	-0,361086	-0,886801
17,200000	-0,340053	-0,871025
17,210000	-0,319021	-0,849991
17,220000	-0,303246	-0,834216
17,230000	-0,282213	-0,813181
17,240000	-0,266439	-0,797406
17,250000	-0,245406	-0,776371
17,260000	-0,224374	-0,755337
17,270000	-0,198083	-0,729044
17,280000	-0,182308	-0,708010
17,290000	-0,161276	-0,686976
17,300000	-0,134985	-0,665942
17,310000	-0,113952	-0,644907
17,320000	-0,092920	-0,618614
17,330000	-0,066629	-0,597580
17,340000	-0,040338	-0,571287
17,350000	-0,019305	-0,544995
17,360000	0,006985	-0,518702
17,370000	0,033276	-0,492409
17,380000	0,054309	-0,466116
17,390000	0,080600	-0,439823
17,400000	0,106890	-0,413531
17,410000	0,133181	-0,387238
17,420000	0,154214	-0,355686
17,430000	0,180505	-0,329394
17,440000	0,206796	-0,303101
17,450000	0,227828	-0,271549
17,460000	0,254119	-0,245257
17,470000	0,280410	-0,218964
17,480000	0,306701	-0,197929
17,490000	0,327733	-0,166378
17,500000	0,348766	-0,140085
17,510000	0,375057	-0,113792
17,520000	0,401348	-0,087500
17,530000	0,427638	-0,061207
17,540000	0,443413	-0,034914
17,550000	0,469704	-0,003363
17,560000	0,490736	0,028189
17,570000	0,506511	0,054482
17,580000	0,532802	0,080774
17,590000	0,553834	0,107067
17,600000	0,569609	0,133360
17,610000	0,595900	0,154394
17,620000	0,611674	0,180687
17,630000	0,632707	0,201721
17,640000	0,648481	0,228014
17,650000	0,664256	0,254307
17,660000	0,685288	0,275341
17,670000	0,706321	0,296375
17,680000	0,716837	0,312151
17,690000	0,732612	0,333185
17,700000	0,748386	0,354220
17,710000	0,764161	0,369995
17,720000	0,774677	0,385771
17,730000	0,790451	0,401547
17,740000	0,800968	0,422581
17,750000	0,811484	0,433098
17,760000	0,822000	0,448874
17,770000	0,827259	0,459391
17,780000	0,837775	0,475167
17,790000	0,843033	0,485684
17,800000	0,853549	0,496201
17,810000	0,864066	0,506718
17,820000	0,864066	0,517235
17,830000	0,869324	0,522494
17,840000	0,874582	0,533011
17,850000	0,874582	0,538269
17,860000	0,874582	0,543528
17,870000	0,874582	0,554045
17,880000	0,874582	0,554045
17,890000	0,869324	0,559304
17,900000	0,869324	0,564562
17,910000	0,869324	0,564562
17,920000	0,864066	0,564562
17,930000	0,858808	0,564562
17,940000	0,858808	0,564562
17,950000	0,853549	0,564562
17,960000	0,837775	0,559304
17,970000	0,837775	0,554045
17,980000	0,827259	0,548786
17,990000	0,811484	0,543528
18,000000	0,806226	0,533011
18,010000	0,795710	0,527752
18,020000	0,785193	0,517235
18,030000	0,769419	0,506718
18,040000	0,758903	0,496201
18,050000	0,743128	0,485684
18,060000	0,732612	0,469908
18,070000	0,711579	0,459391
18,080000	0,701063	0,443615
18,090000	0,685288	0,427839
18,100000	0,664256	0,417322
18,110000	0,648481	0,396288
18,120000	0,627448	0,380512
18,130000	0,606416	0,359478
18,140000	0,590641	0,343702
18,150000	0,569609	0,322668
18,160000	0,548576	0,306893
18,170000	0,527543	0,280600
18,180000	0,506511	0,264824
18,190000	0,490736	0,238531
18,200000	0,469704	0,217497
18,210000	0,443413	0,191204
18,220000	0,422380	0,170170
18,230000	0,396089	0,143877
18,240000	0,380315	0,122843
18,250000	0,354024	0,096550
18,260000	0,327733	0,075516
18,270000	0,301442	0,043964
18,280000	0,280410	0,017672
18,290000	0,254119	-0,008621
18,300000	0,233086	-0,034914
18,310000	0,212054	-0,061207
18,320000	0,180505	-0,092758
18,330000	0,154214	-0,119051
18,340000	0,127923	-0,145344
18,350000	0,106890	-0,171637
18,360000	0,085858	-0,203188
18,370000	0,059567	-0,229481
18,380000	0,033276	-0,255774
18,390000	0,012244	-0,282066
18,400000	-0,014047	-0,313618
18,410000	-0,040338	-0,339911
18,420000	-0,061371	-0,366203
18,430000	-0,082403	-0,392496
18,440000	-0,103436	-0,418789
18,450000	-0,129727	-0,445082
18,460000	-0,150759	-0,476633
18,470000	-0,171792	-0,497668
18,480000	-0,187567	-0,523960
18,490000	-0,213857	-0,544995
18,500000	-0,234890	-0,571287
18,510000	-0,255923	-0,597580
18,520000	-0,271697	-0,618614
18,530000	-0,292730	-0,644907
18,540000	-0,313762	-0,671200
18,550000	-0,329537	-0,692234
18,560000	-0,345311	-0,718527
18,570000	-0,366344	-0,734303
18,580000	-0,382119	-0,755337
18,590000	-0,392635	-0,776371
18,600000	-0,408409	-0,797406
18,610000	-0,424184	-0,818440
18,620000	-0,439958	-0,834216
18,630000	-0,450475	-0,844733
18,640000	-0,460991	-0,865767
18,650000	-0,476765	-0,876284
18,660000	-0,482024	-0,892060
18,670000	-0,492540	-0,907835
18,680000	-0,497798	-0,918353
18,690000	-0,508314	-0,928870
18,700000	-0,513573	-0,944645
18,710000	-0,524089	-0,955162
18,720000	-0,529347	-0,965680
18,730000	-0,529347	-0,976197
18,740000	-0,539863	-0,981455
18,750000	-0,539863	-0,991972
18,760000	-0,545122	-0,997231
18,770000	-0,545122	-1,007748
18,780000	-0,545122	-1,007748
18,790000	-0,545122	-1,013007
18,800000	-0,545122	-1,023524
18,810000	-0,539863	-1,028782
18,820000	-0,545122	-1,023524
18,830000	-0,539863	-1,028782
18,840000	-0,534605	-1,028782
18,850000	-0,534605	-1,028782
18,860000	-0,524089	-1,023524
18,870000	-0,518831	-1,023524
18,880000	-0,513573	-1,018265
18,890000	-0,503056	-1,013007
18,900000	-0,497798	-1,007748
18,910000	-0,487282	-1,007748
18,920000	-0,471507	-0,997231
18,930000	-0,466249	-0,991972
18,940000	-0,455733	-0,981455
18,950000	-0,439958	-0,970938
18,960000	-0,429442	-0,960421
18,970000	-0,413668	-0,949904
18,980000	-0,403151	-0,934128
18,990000	-0,382119	-0,918353
19,000000	-0,366344	-0,907835
19,010000	-0,350570	-0,892060
19,020000	-0,334795	-0,871025
19,030000	-0,313762	-0,855250
19,040000	-0,292730	-0,834216
19,050000	-0,276955	-0,818440
19,060000	-0,255923	-0,792147
19,070000	-0,240148	-0,776371
19,080000	-0,219116	-0,750079
19,090000	-0,198083	-0,729044
19,100000	-0,177050	-0,713269
19,110000	-0,150759	-0,686976
19,120000	-0,129727	-0,660683
19,130000	-0,108694	-0,639649
19,140000	-0,087661	-0,613356
19,150000	-0,066629	-0,587063
19,160000	-0,040338	-0,560770
19,170000	-0,019305	-0,534477
19,180000	0,001727	-0,508185
19,190000	0,033276	-0,476633
19,200000	0,054309	-0,450340
19,210000	0,080600	-0,424048
19,220000	0,101632	-0,403013
19,230000	0,127923	-0,376721
19,240000	0,154214	-0,350428
19,250000	0,175247	-0,324135
19,260000	0,196279	-0,292584
19,270000	0,222570	-0,266291
19,280000	0,248861	-0,239998
19,290000	0,269894	-0,208447
19,300000	0,296184	-0,182154
19,310000	0,317217	-0,155861
19,320000	0,338250	-0,129568
19,330000	0,364540	-0,103275
19,340000	0,385573	-0,076983
19,350000	0,411864	-0,045431
19,360000	0,438155	-0,024397
19,370000	0,453929	0,007154
19,380000	0,474962	0,033447
19,390000	0,495994	0,059740
19,400000	0,517027	0,080774
19,410000	0,538060	0,112326
19,420000	0,559092	0,138619
19,430000	0,580125	0,159653
19,440000	0,601158	0,185946
19,450000	0,616932	0,212238
19,460000	0,632707	0,233273
19,470000	0,653739	0,254307
19,480000	0,669514	0,275341
19,490000	0,685288	0,301634
19,500000	0,701063	0,317410
19,510000	0,716837	0,338444
19,520000	0,732612	0,359478
19,530000	0,748386	0,380512
19,540000	0,758903	0,401547
19,550000	0,769419	0,417322
19,560000	0,779935	0,433098
19,570000	0,790451	0,454132
19,580000	0,800968	0,464649
19,590000	0,811484	0,480425
19,600000	0,816742	0,490942
19,610000	0,822000	0,501459
19,620000	0,832517	0,511976
19,630000	0,837775	0,517235
19,640000	0,837775	0,527752
19,650000	0,848291	0,538269
19,660000	0,848291	0,543528
19,670000	0,853549	0,554045
19,680000	0,853549	0,559304
19,690000	0,853549	0,564562
19,700000	0,858808	0,569821
19,710000	0,858808	0,569821
19,720000	0,853549	0,575079
19,730000	0,853549	0,575079
19,740000	0,848291	0,575079
19,750000	0,848291	0,575079
19,760000	0,837775	0,575079
19,770000	0,837775	0,569821
19,780000	0,832517	0,569821
19,790000	0,822000	0,564562
19,800000	0,816742	0,554045
19,810000	0,806226	0,554045
19,820000	0,800968	0,543528
19,830000	0,785193	0,533011
19,840000	0,774677	0,522494
19,850000	0,764161	0,517235
19,860000	0,753644	0,501459
19,870000	0,737870	0,485684
19,880000	0,722095	0,475167
19,890000	0,711579	0,459391
19,900000	0,695805	0,443615
19,910000	0,680030	0,433098
19,920000	0,658997	0,412064
19,930000	0,643223	0,396288
19,940000	0,627448	0,380512
19,950000	0,606416	0,359478
19,960000	0,590641	0,338444
19,970000	0,569609	0,317410
19,980000	0,548576	0,296375
19,990000	0,532802	0,275341
