t (s)	U1(V)	U2(V)
0,000000	0,091116	-0,439823
0,010000	0,117407	-0,408272
0,020000	0,154214	-0,376721
0,030000	0,180505	-0,350428
0,040000	0,206796	-0,324135
0,050000	0,238345	-0,292584
0,060000	0,269894	-0,266291
0,070000	0,296184	-0,239998
0,080000	0,327733	-0,208447
0,090000	0,359282	-0,176895
0,100000	0,385573	-0,150602
0,110000	0,417122	-0,119051
0,120000	0,443413	-0,092758
0,130000	0,474962	-0,061207
0,140000	0,501253	-0,029655
0,150000	0,527543	-0,008621
0,160000	0,553834	0,022930
0,170000	0,580125	0,049223
0,180000	0,606416	0,080774
0,190000	0,627448	0,107067
0,200000	0,653739	0,128101
0,210000	0,685288	0,154394
0,220000	0,706321	0,180687
0,230000	0,732612	0,201721
0,240000	0,753644	0,222756
0,250000	0,774677	0,249048
0,260000	0,800968	0,264824
0,270000	0,816742	0,291117
0,280000	0,837775	0,306893
0,290000	0,858808	0,327927
0,300000	0,874582	0,348961
0,310000	0,895615	0,364737
0,320000	0,911389	0,380512
0,330000	0,932422	0,396288
0,340000	0,948196	0,417322
0,350000	0,958713	0,427839
0,360000	0,974487	0,443615
0,370000	0,985003	0,459391
0,380000	1,000778	0,469908
0,390000	1,006036	0,485684
0,400000	1,016552	0,490942
0,410000	1,027069	0,501459
0,420000	1,032327	0,511976
0,430000	1,037585	0,522494
0,440000	1,042843	0,533011
0,450000	1,048101	0,533011
0,460000	1,053360	0,538269
0,470000	1,058618	0,543528
0,480000	1,058618	0,548786
0,490000	1,063876	0,554045
0,500000	1,063876	0,554045
0,510000	1,058618	0,554045
0,520000	1,058618	0,554045
0,530000	1,058618	0,548786
0,540000	1,053360	0,548786
0,550000	1,048101	0,538269
0,560000	1,048101	0,533011
0,570000	1,037585	0,527752
0,580000	1,027069	0,522494
0,590000	1,021811	0,511976
0,600000	1,011294	0,501459
0,610000	1,000778	0,490942
0,620000	0,990262	0,480425
0,630000	0,979745	0,464649
0,640000	0,963971	0,454132
0,650000	0,948196	0,438357
0,660000	0,937680	0,422581
0,670000	0,921906	0,401547
0,680000	0,900873	0,385771
0,690000	0,885098	0,364737
0,700000	0,864066	0,343702
0,710000	0,843033	0,322668
0,720000	0,822000	0,301634
0,730000	0,806226	0,280600
0,740000	0,779935	0,259565
0,750000	0,764161	0,238531
0,760000	0,737870	0,217497
0,770000	0,711579	0,191204
0,780000	0,685288	0,164911
0,790000	0,664256	0,138619
0,800000	0,637965	0,112326
0,810000	0,611674	0,086033
0,820000	0,585383	0,059740
0,830000	0,559092	0,038706
0,840000	0,532802	0,007154
0,850000	0,506511	-0,024397
0,860000	0,474962	-0,050690
0,870000	0,448671	-0,076983
0,880000	0,422380	-0,103275
0,890000	0,390831	-0,134827
0,900000	0,359282	-0,161120
0,910000	0,338250	-0,187412
0,920000	0,306701	-0,218964
0,930000	0,280410	-0,245257
0,940000	0,248861	-0,276808
0,950000	0,222570	-0,303101
0,960000	0,191021	-0,334652
0,970000	0,159472	-0,360945
0,980000	0,127923	-0,392496
0,990000	0,101632	-0,418789
1,000000	0,070083	-0,450340
1,010000	0,043793	-0,476633
1,020000	0,017502	-0,502926
1,030000	-0,014047	-0,534477
1,040000	-0,045596	-0,560770
1,050000	-0,071887	-0,587063
1,060000	-0,098178	-0,613356
1,070000	-0,124469	-0,644907
1,080000	-0,150759	-0,671200
1,090000	-0,177050	-0,697493
1,100000	-0,203341	-0,729044
1,110000	-0,224374	-0,750079
1,120000	-0,250664	-0,776371
1,130000	-0,276955	-0,802664
1,140000	-0,297988	-0,834216
1,150000	-0,324279	-0,855250
1,160000	-0,345311	-0,881543
1,170000	-0,366344	-0,902577
1,180000	-0,382119	-0,923611
1,190000	-0,408409	-0,944645
1,200000	-0,424184	-0,960421
1,210000	-0,445216	-0,981455
1,220000	-0,460991	-0,997231
1,230000	-0,476765	-1,013007
1,240000	-0,492540	-1,028782
1,250000	-0,508314	-1,044558
1,260000	-0,524089	-1,065592
1,270000	-0,534605	-1,076109
1,280000	-0,550380	-1,091885
1,290000	-0,560896	-1,097144
1,300000	-0,571412	-1,107661
1,310000	-0,581929	-1,118178
1,320000	-0,592445	-1,128695
1,330000	-0,597703	-1,139212
1,340000	-0,602961	-1,144471
1,350000	-0,608219	-1,149729
1,360000	-0,618736	-1,160246
1,370000	-0,623994	-1,160246
1,380000	-0,629252	-1,165505
1,390000	-0,629252	-1,170764
1,400000	-0,629252	-1,165505
1,410000	-0,629252	-1,170764
1,420000	-0,629252	-1,170764
1,430000	-0,629252	-1,165505
1,440000	-0,623994	-1,165505
1,450000	-0,618736	-1,160246
1,460000	-0,613478	-1,160246
1,470000	-0,608219	-1,149729
1,480000	-0,602961	-1,144471
1,490000	-0,592445	-1,139212
1,500000	-0,587187	-1,133954
1,510000	-0,576671	-1,123436
1,520000	-0,566154	-1,112919
1,530000	-0,555638	-1,097144
1,540000	-0,539863	-1,086627
1,550000	-0,529347	-1,076109
1,560000	-0,513573	-1,060334
1,570000	-0,503056	-1,044558
1,580000	-0,487282	-1,028782
1,590000	-0,471507	-1,013007
1,600000	-0,450475	-0,997231
1,610000	-0,434700	-0,976197
1,620000	-0,413668	-0,960421
1,630000	-0,397893	-0,939387
1,640000	-0,376860	-0,918353
1,650000	-0,355828	-0,902577
1,660000	-0,334795	-0,876284
1,670000	-0,308504	-0,855250
1,680000	-0,287472	-0,834216
1,690000	-0,266439	-0,807923
1,700000	-0,240148	-0,786888
1,710000	-0,213857	-0,760596
1,720000	-0,187567	-0,734303
1,730000	-0,161276	-0,713269
1,740000	-0,134985	-0,681717
1,750000	-0,108694	-0,660683
1,760000	-0,082403	-0,629132
1,770000	-0,050854	-0,602839
1,780000	-0,029822	-0,576546
1,790000	0,006985	-0,550253
1,800000	0,033276	-0,518702
1,810000	0,059567	-0,492409
1,820000	0,085858	-0,460858
1,830000	0,117407	-0,434565
1,840000	0,148956	-0,408272
1,850000	0,175247	-0,376721
1,860000	0,206796	-0,350428
1,870000	0,238345	-0,324135
1,880000	0,264635	-0,292584
1,890000	0,290926	-0,261032
1,900000	0,317217	-0,234739
1,910000	0,348766	-0,203188
1,920000	0,380315	-0,171637
1,930000	0,411864	-0,140085
1,940000	0,438155	-0,113792
1,950000	0,464445	-0,082241
1,960000	0,495994	-0,055948
1,970000	0,522285	-0,024397
1,980000	0,548576	0,007154
1,990000	0,574867	0,033447
2,000000	0,595900	0,059740
2,010000	0,622190	0,091291
2,020000	0,648481	0,122843
2,030000	0,680030	0,149136
2,040000	0,701063	0,175428
2,050000	0,727354	0,201721
2,060000	0,748386	0,228014
2,070000	0,769419	0,249048
2,080000	0,790451	0,270083
2,090000	0,811484	0,296375
2,100000	0,832517	0,312151
2,110000	0,853549	0,333185
2,120000	0,874582	0,348961
2,130000	0,890357	0,375254
2,140000	0,906131	0,396288
2,150000	0,921906	0,406805
2,160000	0,937680	0,422581
2,170000	0,948196	0,438357
2,180000	0,963971	0,454132
2,190000	0,985003	0,469908
2,200000	0,990262	0,485684
2,210000	1,000778	0,490942
2,220000	1,011294	0,501459
2,230000	1,027069	0,511976
2,240000	1,032327	0,517235
2,250000	1,037585	0,527752
2,260000	1,048101	0,533011
2,270000	1,048101	0,538269
2,280000	1,053360	0,543528
2,290000	1,058618	0,543528
2,300000	1,063876	0,548786
2,310000	1,063876	0,548786
2,320000	1,063876	0,548786
2,330000	1,063876	0,548786
2,340000	1,058618	0,548786
2,350000	1,058618	0,543528
2,360000	1,053360	0,538269
2,370000	1,048101	0,533011
2,380000	1,042843	0,522494
2,390000	1,037585	0,522494
2,400000	1,027069	0,511976
2,410000	1,021811	0,501459
2,420000	1,011294	0,490942
2,430000	1,000778	0,480425
2,440000	0,990262	0,464649
2,450000	0,979745	0,454132
2,460000	0,969229	0,438357
2,470000	0,953455	0,422581
2,480000	0,942938	0,406805
2,490000	0,921906	0,385771
2,500000	0,900873	0,375254
2,510000	0,885098	0,354220
2,520000	0,869324	0,333185
2,530000	0,848291	0,317410
2,540000	0,832517	0,296375
2,550000	0,811484	0,275341
2,560000	0,790451	0,254307
2,570000	0,769419	0,228014
2,580000	0,743128	0,212238
2,590000	0,722095	0,185946
2,600000	0,701063	0,159653
2,610000	0,674772	0,138619
2,620000	0,648481	0,112326
2,630000	0,622190	0,091291
2,640000	0,595900	0,064999
2,650000	0,569609	0,038706
2,660000	0,543318	0,007154
2,670000	0,517027	-0,019138
2,680000	0,485478	-0,045431
2,690000	0,464445	-0,071724
2,700000	0,432897	-0,103275
2,710000	0,406606	-0,129568
2,720000	0,375057	-0,161120
2,730000	0,348766	-0,187412
2,740000	0,317217	-0,218964
2,750000	0,290926	-0,250515
2,760000	0,259377	-0,276808
2,770000	0,233086	-0,308359
2,780000	0,201537	-0,334652
2,790000	0,169988	-0,371462
2,800000	0,143698	-0,403013
2,810000	0,112149	-0,429306
2,820000	0,085858	-0,460858
2,830000	0,054309	-0,492409
2,840000	0,028018	-0,518702
2,850000	0,001727	-0,550253
2,860000	-0,029822	-0,581805
2,870000	-0,056113	-0,608097
2,880000	-0,087661	-0,639649
2,890000	-0,113952	-0,665942
2,900000	-0,134985	-0,692234
2,910000	-0,166534	-0,713269
2,920000	-0,187567	-0,739561
2,930000	-0,213857	-0,765854
2,940000	-0,240148	-0,792147
2,950000	-0,266439	-0,813181
2,960000	-0,287472	-0,834216
2,970000	-0,313762	-0,860508
2,980000	-0,334795	-0,881543
2,990000	-0,355828	-0,902577
3,000000	-0,376860	-0,923611
3,010000	-0,397893	-0,944645
3,020000	-0,413668	-0,965680
3,030000	-0,434700	-0,981455
3,040000	-0,455733	-1,002490
3,050000	-0,471507	-1,018265
3,060000	-0,487282	-1,034041
3,070000	-0,503056	-1,049817
3,080000	-0,518831	-1,060334
3,090000	-0,529347	-1,070851
3,100000	-0,545122	-1,086627
3,110000	-0,555638	-1,097144
3,120000	-0,566154	-1,112919
3,130000	-0,576671	-1,123436
3,140000	-0,587187	-1,133954
3,150000	-0,597703	-1,139212
3,160000	-0,602961	-1,149729
3,170000	-0,608219	-1,154988
3,180000	-0,613478	-1,154988
3,190000	-0,618736	-1,160246
3,200000	-0,618736	-1,165505
3,210000	-0,623994	-1,170764
3,220000	-0,629252	-1,170764
3,230000	-0,623994	-1,170764
3,240000	-0,629252	-1,170764
3,250000	-0,623994	-1,176022
3,260000	-0,623994	-1,176022
3,270000	-0,618736	-1,170764
3,280000	-0,613478	-1,160246
3,290000	-0,608219	-1,160246
3,300000	-0,602961	-1,154988
3,310000	-0,597703	-1,144471
3,320000	-0,587187	-1,139212
3,330000	-0,581929	-1,123436
3,340000	-0,571412	-1,112919
3,350000	-0,555638	-1,102402
3,360000	-0,545122	-1,086627
3,370000	-0,534605	-1,076109
3,380000	-0,518831	-1,065592
3,390000	-0,503056	-1,049817
3,400000	-0,487282	-1,028782
3,410000	-0,471507	-1,013007
3,420000	-0,455733	-0,997231
3,430000	-0,439958	-0,976197
3,440000	-0,418926	-0,955162
3,450000	-0,397893	-0,934128
3,460000	-0,382119	-0,918353
3,470000	-0,361086	-0,897318
3,480000	-0,334795	-0,876284
3,490000	-0,313762	-0,855250
3,500000	-0,292730	-0,828957
3,510000	-0,271697	-0,807923
3,520000	-0,250664	-0,781630
3,530000	-0,224374	-0,750079
3,540000	-0,198083	-0,729044
3,550000	-0,171792	-0,702751
3,560000	-0,150759	-0,671200
3,570000	-0,124469	-0,650166
3,580000	-0,092920	-0,623873
3,590000	-0,066629	-0,592322
3,600000	-0,040338	-0,571287
3,610000	-0,014047	-0,539736
3,620000	0,022760	-0,513443
3,630000	0,049051	-0,481892
3,640000	0,080600	-0,450340
3,650000	0,106890	-0,424048
3,660000	0,133181	-0,392496
3,670000	0,169988	-0,360945
3,680000	0,196279	-0,334652
3,690000	0,222570	-0,303101
3,700000	0,254119	-0,276808
3,710000	0,285668	-0,239998
3,720000	0,311959	-0,213705
3,730000	0,343508	-0,187412
3,740000	0,369799	-0,155861
3,750000	0,396089	-0,124310
3,760000	0,427638	-0,103275
3,770000	0,453929	-0,071724
3,780000	0,480220	-0,040173
3,790000	0,506511	-0,013880
3,800000	0,538060	0,012413
3,810000	0,564351	0,043964
3,820000	0,590641	0,070257
3,830000	0,616932	0,101809
3,840000	0,643223	0,122843
3,850000	0,669514	0,149136
3,860000	0,695805	0,175428
3,870000	0,716837	0,201721
3,880000	0,743128	0,228014
3,890000	0,764161	0,249048
3,900000	0,785193	0,275341
3,910000	0,811484	0,296375
3,920000	0,832517	0,317410
3,930000	0,848291	0,338444
3,940000	0,864066	0,359478
3,950000	0,885098	0,380512
3,960000	0,906131	0,396288
3,970000	0,921906	0,412064
3,980000	0,937680	0,433098
3,990000	0,953455	0,443615
4,000000	0,969229	0,459391
4,010000	0,979745	0,469908
4,020000	0,990262	0,485684
4,030000	1,006036	0,490942
4,040000	1,011294	0,506718
4,050000	1,021811	0,517235
4,060000	1,032327	0,522494
4,070000	1,037585	0,527752
4,080000	1,042843	0,533011
4,090000	1,053360	0,543528
4,100000	1,053360	0,543528
4,110000	1,058618	0,548786
4,120000	1,063876	0,554045
4,130000	1,063876	0,554045
4,140000	1,063876	0,554045
4,150000	1,063876	0,554045
4,160000	1,063876	0,548786
4,170000	1,058618	0,543528
4,180000	1,058618	0,543528
4,190000	1,053360	0,533011
4,200000	1,048101	0,527752
4,210000	1,042843	0,522494
4,220000	1,037585	0,517235
4,230000	1,027069	0,506718
4,240000	1,016552	0,496201
4,250000	1,011294	0,485684
4,260000	1,000778	0,475167
4,270000	0,985003	0,459391
4,280000	0,969229	0,448874
4,290000	0,958713	0,433098
4,300000	0,942938	0,412064
4,310000	0,932422	0,396288
4,320000	0,911389	0,380512
4,330000	0,895615	0,359478
4,340000	0,879840	0,343702
4,350000	0,858808	0,322668
4,360000	0,837775	0,301634
4,370000	0,822000	0,285858
4,380000	0,795710	0,259565
4,390000	0,774677	0,238531
4,400000	0,753644	0,217497
4,410000	0,727354	0,191204
4,420000	0,701063	0,164911
4,430000	0,680030	0,143877
4,440000	0,653739	0,117584
4,450000	0,627448	0,091291
4,460000	0,601158	0,064999
4,470000	0,580125	0,038706
4,480000	0,548576	0,012413
4,490000	0,522285	-0,024397
4,500000	0,490736	-0,050690
4,510000	0,464445	-0,076983
4,520000	0,438155	-0,108534
4,530000	0,411864	-0,134827
4,540000	0,385573	-0,166378
4,550000	0,354024	-0,197929
4,560000	0,322475	-0,218964
4,570000	0,296184	-0,250515
4,580000	0,269894	-0,282066
4,590000	0,238345	-0,308359
4,600000	0,206796	-0,339911
4,610000	0,180505	-0,366203
4,620000	0,148956	-0,397755
4,630000	0,122665	-0,424048
4,640000	0,091116	-0,450340
4,650000	0,059567	-0,481892
4,660000	0,033276	-0,513443
4,670000	0,006985	-0,544995
4,680000	-0,024564	-0,571287
4,690000	-0,056113	-0,602839
4,700000	-0,077145	-0,623873
4,710000	-0,108694	-0,655424
4,720000	-0,134985	-0,681717
4,730000	-0,161276	-0,708010
4,740000	-0,187567	-0,734303
4,750000	-0,213857	-0,760596
4,760000	-0,234890	-0,786888
4,770000	-0,261181	-0,813181
4,780000	-0,287472	-0,828957
4,790000	-0,308504	-0,855250
4,800000	-0,334795	-0,876284
4,810000	-0,355828	-0,897318
4,820000	-0,376860	-0,918353
4,830000	-0,397893	-0,944645
4,840000	-0,418926	-0,960421
4,850000	-0,434700	-0,981455
4,860000	-0,450475	-1,002490
4,870000	-0,471507	-1,018265
4,880000	-0,487282	-1,039299
4,890000	-0,503056	-1,055075
4,900000	-0,518831	-1,070851
4,910000	-0,534605	-1,081368
4,920000	-0,545122	-1,091885
4,930000	-0,560896	-1,102402
4,940000	-0,571412	-1,112919
4,950000	-0,576671	-1,123436
4,960000	-0,587187	-1,133954
4,970000	-0,597703	-1,139212
4,980000	-0,602961	-1,144471
4,990000	-0,608219	-1,149729
5,000000	-0,613478	-1,154988
5,010000	-0,618736	-1,154988
5,020000	-0,623994	-1,160246
5,030000	-0,623994	-1,160246
5,040000	-0,629252	-1,160246
5,050000	-0,629252	-1,160246
5,060000	-0,629252	-1,160246
5,070000	-0,623994	-1,160246
5,080000	-0,618736	-1,154988
5,090000	-0,618736	-1,154988
5,100000	-0,613478	-1,149729
5,110000	-0,608219	-1,144471
5,120000	-0,602961	-1,139212
5,130000	-0,592445	-1,133954
5,140000	-0,587187	-1,123436
5,150000	-0,576671	-1,112919
5,160000	-0,571412	-1,102402
5,170000	-0,560896	-1,091885
5,180000	-0,550380	-1,076109
5,190000	-0,534605	-1,060334
5,200000	-0,524089	-1,044558
5,210000	-0,508314	-1,034041
5,220000	-0,487282	-1,018265
5,230000	-0,476765	-1,002490
5,240000	-0,460991	-0,986714
5,250000	-0,439958	-0,965680
5,260000	-0,424184	-0,944645
5,270000	-0,403151	-0,928870
5,280000	-0,387377	-0,907835
5,290000	-0,366344	-0,886801
5,300000	-0,345311	-0,865767
5,310000	-0,324279	-0,839474
5,320000	-0,303246	-0,818440
5,330000	-0,276955	-0,792147
5,340000	-0,255923	-0,771113
5,350000	-0,229632	-0,744820
5,360000	-0,208599	-0,718527
5,370000	-0,177050	-0,692234
5,380000	-0,156018	-0,665942
5,390000	-0,129727	-0,639649
5,400000	-0,103436	-0,613356
5,410000	-0,077145	-0,581805
5,420000	-0,045596	-0,550253
5,430000	-0,019305	-0,523960
5,440000	0,017502	-0,497668
5,450000	0,043793	-0,466116
5,460000	0,070083	-0,445082
5,470000	0,101632	-0,413531
5,480000	0,127923	-0,381979
5,490000	0,159472	-0,355686
5,500000	0,185763	-0,329394
5,510000	0,217312	-0,297842
5,520000	0,243603	-0,271549
5,530000	0,275152	-0,239998
5,540000	0,306701	-0,208447
5,550000	0,332991	-0,182154
5,560000	0,359282	-0,150602
5,570000	0,390831	-0,124310
5,580000	0,417122	-0,098017
5,590000	0,443413	-0,066465
5,600000	0,469704	-0,040173
5,610000	0,501253	-0,013880
5,620000	0,527543	0,017672
5,630000	0,553834	0,043964
5,640000	0,580125	0,070257
5,650000	0,606416	0,096550
5,660000	0,632707	0,122843
5,670000	0,658997	0,149136
5,680000	0,685288	0,175428
5,690000	0,711579	0,196463
5,700000	0,732612	0,228014
5,710000	0,753644	0,249048
5,720000	0,774677	0,270083
5,730000	0,800968	0,291117
5,740000	0,822000	0,312151
5,750000	0,843033	0,327927
5,760000	0,858808	0,348961
5,770000	0,879840	0,364737
5,780000	0,895615	0,385771
5,790000	0,911389	0,401547
5,800000	0,932422	0,417322
5,810000	0,948196	0,433098
5,820000	0,963971	0,454132
5,830000	0,974487	0,464649
5,840000	0,990262	0,480425
5,850000	1,000778	0,490942
5,860000	1,011294	0,501459
5,870000	1,021811	0,506718
5,880000	1,027069	0,517235
5,890000	1,037585	0,527752
5,900000	1,042843	0,533011
5,910000	1,048101	0,538269
5,920000	1,058618	0,543528
5,930000	1,063876	0,543528
5,940000	1,063876	0,543528
5,950000	1,069134	0,548786
5,960000	1,063876	0,543528
5,970000	1,063876	0,543528
5,980000	1,063876	0,538269
5,990000	1,063876	0,538269
6,000000	1,058618	0,533011
6,010000	1,053360	0,527752
6,020000	1,053360	0,522494
6,030000	1,048101	0,517235
6,040000	1,037585	0,506718
6,050000	1,032327	0,501459
6,060000	1,016552	0,490942
6,070000	1,011294	0,480425
6,080000	1,000778	0,464649
6,090000	0,990262	0,459391
6,100000	0,979745	0,443615
6,110000	0,963971	0,427839
6,120000	0,953455	0,417322
6,130000	0,932422	0,396288
6,140000	0,921906	0,380512
6,150000	0,900873	0,359478
6,160000	0,879840	0,343702
6,170000	0,864066	0,327927
6,180000	0,843033	0,301634
6,190000	0,822000	0,280600
6,200000	0,800968	0,259565
6,210000	0,785193	0,238531
6,220000	0,758903	0,212238
6,230000	0,737870	0,191204
6,240000	0,706321	0,164911
6,250000	0,690546	0,138619
6,260000	0,664256	0,117584
6,270000	0,632707	0,091291
6,280000	0,606416	0,064999
6,290000	0,580125	0,038706
6,300000	0,559092	0,012413
6,310000	0,532802	-0,013880
6,320000	0,506511	-0,045431
6,330000	0,474962	-0,071724
6,340000	0,448671	-0,103275
6,350000	0,417122	-0,129568
6,360000	0,390831	-0,161120
6,370000	0,359282	-0,182154
6,380000	0,332991	-0,213705
6,390000	0,301442	-0,239998
6,400000	0,275152	-0,276808
6,410000	0,248861	-0,303101
6,420000	0,217312	-0,334652
6,430000	0,185763	-0,360945
6,440000	0,159472	-0,392496
6,450000	0,127923	-0,424048
6,460000	0,101632	-0,455599
6,470000	0,070083	-0,481892
6,480000	0,043793	-0,508185
6,490000	0,012244	-0,539736
6,500000	-0,024564	-0,566029
6,510000	-0,045596	-0,592322
6,520000	-0,077145	-0,618614
6,530000	-0,103436	-0,650166
6,540000	-0,129727	-0,676459
6,550000	-0,156018	-0,702751
6,560000	-0,182308	-0,729044
6,570000	-0,208599	-0,750079
6,580000	-0,234890	-0,776371
6,590000	-0,255923	-0,797406
6,600000	-0,282213	-0,823698
6,610000	-0,303246	-0,844733
6,620000	-0,329537	-0,871025
6,630000	-0,350570	-0,892060
6,640000	-0,366344	-0,913094
6,650000	-0,392635	-0,934128
6,660000	-0,408409	-0,949904
6,670000	-0,424184	-0,970938
6,680000	-0,450475	-0,986714
6,690000	-0,471507	-1,002490
6,700000	-0,482024	-1,018265
6,710000	-0,497798	-1,034041
6,720000	-0,513573	-1,049817
6,730000	-0,529347	-1,060334
6,740000	-0,539863	-1,076109
6,750000	-0,555638	-1,086627
6,760000	-0,566154	-1,097144
6,770000	-0,576671	-1,107661
6,780000	-0,581929	-1,118178
6,790000	-0,597703	-1,123436
6,800000	-0,602961	-1,128695
6,810000	-0,608219	-1,133954
6,820000	-0,618736	-1,139212
6,830000	-0,618736	-1,139212
6,840000	-0,618736	-1,144471
6,850000	-0,629252	-1,144471
6,860000	-0,629252	-1,144471
6,870000	-0,629252	-1,139212
6,880000	-0,629252	-1,144471
6,890000	-0,629252	-1,139212
6,900000	-0,623994	-1,139212
6,910000	-0,623994	-1,133954
6,920000	-0,618736	-1,128695
6,930000	-0,613478	-1,123436
6,940000	-0,608219	-1,118178
6,950000	-0,602961	-1,107661
6,960000	-0,597703	-1,102402
6,970000	-0,587187	-1,091885
6,980000	-0,576671	-1,086627
6,990000	-0,566154	-1,076109
7,000000	-0,555638	-1,060334
7,010000	-0,539863	-1,049817
7,020000	-0,529347	-1,039299
7,030000	-0,513573	-1,023524
7,040000	-0,497798	-1,013007
7,050000	-0,482024	-0,991972
7,060000	-0,466249	-0,970938
7,070000	-0,445216	-0,955162
7,080000	-0,429442	-0,939387
7,090000	-0,408409	-0,918353
7,100000	-0,392635	-0,897318
7,110000	-0,371602	-0,881543
7,120000	-0,350570	-0,855250
7,130000	-0,329537	-0,834216
7,140000	-0,303246	-0,807923
7,150000	-0,282213	-0,786888
7,160000	-0,261181	-0,760596
7,170000	-0,234890	-0,734303
7,180000	-0,213857	-0,708010
7,190000	-0,182308	-0,686976
7,200000	-0,156018	-0,655424
7,210000	-0,129727	-0,629132
7,220000	-0,103436	-0,597580
7,230000	-0,071887	-0,571287
7,240000	-0,050854	-0,544995
7,250000	-0,024564	-0,513443
7,260000	0,012244	-0,487150
7,270000	0,038534	-0,460858
7,280000	0,064825	-0,429306
7,290000	0,096374	-0,403013
7,300000	0,127923	-0,371462
7,310000	0,159472	-0,345169
7,320000	0,185763	-0,313618
7,330000	0,212054	-0,287325
7,340000	0,243603	-0,255774
7,350000	0,275152	-0,224222
7,360000	0,301442	-0,192671
7,370000	0,332991	-0,166378
7,380000	0,359282	-0,140085
7,390000	0,390831	-0,108534
7,400000	0,422380	-0,082241
7,410000	0,448671	-0,050690
7,420000	0,474962	-0,024397
7,430000	0,506511	0,001896
7,440000	0,532802	0,033447
7,450000	0,559092	0,059740
7,460000	0,585383	0,086033
7,470000	0,611674	0,107067
7,480000	0,637965	0,128101
7,490000	0,658997	0,154394
7,500000	0,685288	0,180687
7,510000	0,711579	0,206980
7,520000	0,732612	0,228014
7,530000	0,758903	0,249048
7,540000	0,779935	0,270083
7,550000	0,800968	0,291117
7,560000	0,822000	0,312151
7,570000	0,843033	0,327927
7,580000	0,858808	0,354220
7,590000	0,885098	0,369995
7,600000	0,900873	0,391030
7,610000	0,921906	0,406805
7,620000	0,932422	0,422581
7,630000	0,948196	0,438357
7,640000	0,963971	0,454132
7,650000	0,979745	0,469908
7,660000	0,990262	0,480425
7,670000	1,000778	0,496201
7,680000	1,011294	0,501459
7,690000	1,021811	0,517235
7,700000	1,027069	0,522494
7,710000	1,037585	0,533011
7,720000	1,042843	0,538269
7,730000	1,048101	0,543528
7,740000	1,053360	0,543528
7,750000	1,058618	0,548786
7,760000	1,063876	0,554045
7,770000	1,063876	0,554045
7,780000	1,063876	0,554045
7,790000	1,069134	0,554045
7,800000	1,063876	0,554045
7,810000	1,063876	0,548786
7,820000	1,058618	0,548786
7,830000	1,058618	0,543528
7,840000	1,053360	0,538269
7,850000	1,048101	0,527752
7,860000	1,037585	0,517235
7,870000	1,032327	0,511976
7,880000	1,027069	0,496201
7,890000	1,016552	0,485684
7,900000	1,006036	0,475167
7,910000	0,990262	0,454132
7,920000	0,979745	0,438357
7,930000	0,963971	0,422581
7,940000	0,953455	0,412064
7,950000	0,937680	0,391030
7,960000	0,916647	0,375254
7,970000	0,900873	0,359478
7,980000	0,885098	0,338444
7,990000	0,864066	0,317410
8,000000	0,843033	0,296375
8,010000	0,822000	0,275341
8,020000	0,800968	0,249048
8,030000	0,779935	0,228014
8,040000	0,758903	0,206980
8,050000	0,732612	0,180687
8,060000	0,711579	0,154394
8,070000	0,685288	0,133360
8,080000	0,658997	0,107067
8,090000	0,637965	0,080774
8,100000	0,606416	0,054482
8,110000	0,580125	0,022930
8,120000	0,559092	-0,008621
8,130000	0,527543	-0,029655
8,140000	0,501253	-0,055948
8,150000	0,474962	-0,087500
8,160000	0,443413	-0,113792
8,170000	0,417122	-0,145344
8,180000	0,390831	-0,171637
8,190000	0,359282	-0,197929
8,200000	0,327733	-0,229481
8,210000	0,301442	-0,255774
8,220000	0,275152	-0,282066
8,230000	0,243603	-0,313618
8,240000	0,217312	-0,345169
8,250000	0,185763	-0,371462
8,260000	0,154214	-0,403013
8,270000	0,127923	-0,424048
8,280000	0,101632	-0,455599
8,290000	0,070083	-0,481892
8,300000	0,038534	-0,508185
8,310000	0,012244	-0,539736
8,320000	-0,019305	-0,566029
8,330000	-0,045596	-0,592322
8,340000	-0,071887	-0,618614
8,350000	-0,103436	-0,644907
8,360000	-0,129727	-0,671200
8,370000	-0,156018	-0,697493
8,380000	-0,182308	-0,723786
8,390000	-0,203341	-0,750079
8,400000	-0,229632	-0,771113
8,410000	-0,255923	-0,797406
8,420000	-0,282213	-0,818440
8,430000	-0,308504	-0,844733
8,440000	-0,329537	-0,865767
8,450000	-0,350570	-0,886801
8,460000	-0,371602	-0,907835
8,470000	-0,392635	-0,923611
8,480000	-0,413668	-0,944645
8,490000	-0,434700	-0,965680
8,500000	-0,450475	-0,981455
8,510000	-0,466249	-0,997231
8,520000	-0,487282	-1,013007
8,530000	-0,503056	-1,034041
8,540000	-0,518831	-1,044558
8,550000	-0,534605	-1,060334
8,560000	-0,545122	-1,070851
8,570000	-0,555638	-1,086627
8,580000	-0,571412	-1,097144
8,590000	-0,576671	-1,107661
8,600000	-0,592445	-1,118178
8,610000	-0,602961	-1,123436
8,620000	-0,608219	-1,128695
8,630000	-0,608219	-1,139212
8,640000	-0,618736	-1,139212
8,650000	-0,623994	-1,144471
8,660000	-0,629252	-1,144471
8,670000	-0,629252	-1,149729
8,680000	-0,629252	-1,149729
8,690000	-0,634510	-1,149729
8,700000	-0,634510	-1,149729
8,710000	-0,629252	-1,149729
8,720000	-0,629252	-1,149729
8,730000	-0,629252	-1,144471
8,740000	-0,623994	-1,139212
8,750000	-0,618736	-1,133954
8,760000	-0,613478	-1,123436
8,770000	-0,608219	-1,123436
8,780000	-0,597703	-1,112919
8,790000	-0,592445	-1,102402
8,800000	-0,581929	-1,097144
8,810000	-0,571412	-1,086627
8,820000	-0,560896	-1,070851
8,830000	-0,545122	-1,060334
8,840000	-0,534605	-1,049817
8,850000	-0,518831	-1,034041
8,860000	-0,508314	-1,023524
8,870000	-0,492540	-1,002490
8,880000	-0,476765	-0,991972
8,890000	-0,455733	-0,965680
8,900000	-0,439958	-0,955162
8,910000	-0,413668	-0,934128
8,920000	-0,397893	-0,913094
8,930000	-0,376860	-0,892060
8,940000	-0,355828	-0,871025
8,950000	-0,334795	-0,844733
8,960000	-0,313762	-0,823698
8,970000	-0,287472	-0,802664
8,980000	-0,266439	-0,781630
8,990000	-0,240148	-0,755337
9,000000	-0,219116	-0,729044
9,010000	-0,187567	-0,702751
9,020000	-0,166534	-0,676459
9,030000	-0,134985	-0,644907
9,040000	-0,108694	-0,623873
9,050000	-0,082403	-0,587063
9,060000	-0,056113	-0,566029
9,070000	-0,029822	-0,534477
9,080000	0,006985	-0,508185
9,090000	0,033276	-0,481892
9,100000	0,059567	-0,455599
9,110000	0,091116	-0,429306
9,120000	0,122665	-0,397755
9,130000	0,148956	-0,366203
9,140000	0,180505	-0,339911
9,150000	0,206796	-0,308359
9,160000	0,238345	-0,276808
9,170000	0,269894	-0,250515
9,180000	0,296184	-0,218964
9,190000	0,327733	-0,192671
9,200000	0,359282	-0,161120
9,210000	0,390831	-0,134827
9,220000	0,417122	-0,103275
9,230000	0,443413	-0,076983
9,240000	0,474962	-0,050690
9,250000	0,501253	-0,019138
9,260000	0,527543	0,012413
9,270000	0,553834	0,038706
9,280000	0,580125	0,059740
9,290000	0,606416	0,086033
9,300000	0,632707	0,112326
9,310000	0,658997	0,138619
9,320000	0,685288	0,159653
9,330000	0,706321	0,185946
9,340000	0,732612	0,212238
9,350000	0,758903	0,238531
9,360000	0,774677	0,254307
9,370000	0,800968	0,280600
9,380000	0,822000	0,296375
9,390000	0,843033	0,317410
9,400000	0,864066	0,338444
9,410000	0,885098	0,354220
9,420000	0,900873	0,369995
9,430000	0,921906	0,385771
9,440000	0,937680	0,401547
9,450000	0,948196	0,412064
9,460000	0,963971	0,427839
9,470000	0,979745	0,438357
9,480000	0,990262	0,448874
9,490000	1,000778	0,459391
9,500000	1,011294	0,469908
9,510000	1,027069	0,480425
9,520000	1,032327	0,485684
9,530000	1,042843	0,496201
9,540000	1,048101	0,501459
9,550000	1,053360	0,511976
9,560000	1,058618	0,511976
9,570000	1,063876	0,517235
9,580000	1,069134	0,517235
9,590000	1,069134	0,522494
9,600000	1,069134	0,522494
9,610000	1,074392	0,517235
9,620000	1,074392	0,517235
9,630000	1,069134	0,522494
9,640000	1,063876	0,517235
9,650000	1,063876	0,511976
9,660000	1,053360	0,506718
9,670000	1,053360	0,501459
9,680000	1,042843	0,496201
9,690000	1,037585	0,480425
9,700000	1,027069	0,475167
9,710000	1,016552	0,464649
9,720000	1,006036	0,454132
9,730000	0,995520	0,443615
9,740000	0,979745	0,427839
9,750000	0,969229	0,417322
9,760000	0,958713	0,401547
9,770000	0,937680	0,385771
9,780000	0,921906	0,369995
9,790000	0,906131	0,348961
9,800000	0,885098	0,327927
9,810000	0,869324	0,312151
9,820000	0,853549	0,291117
9,830000	0,832517	0,270083
9,840000	0,811484	0,249048
9,850000	0,785193	0,228014
9,860000	0,764161	0,206980
9,870000	0,743128	0,180687
9,880000	0,716837	0,164911
9,890000	0,690546	0,138619
9,900000	0,669514	0,112326
9,910000	0,648481	0,091291
9,920000	0,616932	0,064999
9,930000	0,590641	0,038706
9,940000	0,569609	0,012413
9,950000	0,538060	-0,013880
9,960000	0,511769	-0,040173
9,970000	0,485478	-0,066465
9,980000	0,453929	-0,092758
9,990000	0,427638	-0,119051
10,000000	0,396089	-0,150602
10,010000	0,369799	-0,176895
10,020000	0,338250	-0,203188
10,030000	0,311959	-0,234739
10,040000	0,280410	-0,266291
10,050000	0,254119	-0,292584
10,060000	0,222570	-0,318876
10,070000	0,196279	-0,345169
10,080000	0,164730	-0,376721
10,090000	0,138439	-0,403013
10,100000	0,106890	-0,434565
10,110000	0,075342	-0,460858
10,120000	0,049051	-0,492409
10,130000	0,017502	-0,518702
10,140000	-0,014047	-0,544995
10,150000	-0,045596	-0,571287
10,160000	-0,071887	-0,592322
10,170000	-0,098178	-0,618614
10,180000	-0,124469	-0,644907
10,190000	-0,150759	-0,671200
10,200000	-0,182308	-0,697493
10,210000	-0,208599	-0,718527
10,220000	-0,234890	-0,744820
10,230000	-0,255923	-0,765854
10,240000	-0,282213	-0,792147
10,250000	-0,303246	-0,818440
10,260000	-0,324279	-0,839474
10,270000	-0,350570	-0,860508
10,280000	-0,371602	-0,886801
10,290000	-0,392635	-0,902577
10,300000	-0,418926	-0,923611
10,310000	-0,429442	-0,944645
10,320000	-0,450475	-0,960421
10,330000	-0,466249	-0,981455
10,340000	-0,482024	-0,997231
10,350000	-0,497798	-1,013007
10,360000	-0,518831	-1,028782
10,370000	-0,529347	-1,044558
10,380000	-0,545122	-1,055075
10,390000	-0,555638	-1,065592
10,400000	-0,571412	-1,076109
10,410000	-0,576671	-1,086627
10,420000	-0,592445	-1,097144
10,430000	-0,597703	-1,102402
10,440000	-0,602961	-1,107661
10,450000	-0,613478	-1,112919
10,460000	-0,618736	-1,118178
10,470000	-0,623994	-1,123436
10,480000	-0,629252	-1,128695
10,490000	-0,634510	-1,128695
10,500000	-0,634510	-1,133954
10,510000	-0,639768	-1,133954
10,520000	-0,639768	-1,133954
10,530000	-0,634510	-1,133954
10,540000	-0,634510	-1,133954
10,550000	-0,634510	-1,128695
10,560000	-0,634510	-1,128695
10,570000	-0,623994	-1,123436
10,580000	-0,618736	-1,118178
10,590000	-0,608219	-1,107661
10,600000	-0,602961	-1,102402
10,610000	-0,597703	-1,091885
10,620000	-0,581929	-1,081368
10,630000	-0,571412	-1,076109
10,640000	-0,560896	-1,060334
10,650000	-0,550380	-1,049817
10,660000	-0,534605	-1,039299
10,670000	-0,518831	-1,023524
10,680000	-0,503056	-1,007748
10,690000	-0,487282	-0,991972
10,700000	-0,476765	-0,976197
10,710000	-0,450475	-0,960421
10,720000	-0,434700	-0,939387
10,730000	-0,418926	-0,928870
10,740000	-0,403151	-0,907835
10,750000	-0,376860	-0,886801
10,760000	-0,355828	-0,865767
10,770000	-0,334795	-0,849991
10,780000	-0,308504	-0,823698
10,790000	-0,287472	-0,802664
10,800000	-0,266439	-0,776371
10,810000	-0,240148	-0,760596
10,820000	-0,213857	-0,729044
10,830000	-0,187567	-0,702751
10,840000	-0,161276	-0,676459
10,850000	-0,140243	-0,650166
10,860000	-0,108694	-0,629132
10,870000	-0,077145	-0,597580
10,880000	-0,056113	-0,571287
10,890000	-0,024564	-0,544995
10,900000	0,001727	-0,513443
10,910000	0,033276	-0,481892
10,920000	0,059567	-0,455599
10,930000	0,091116	-0,429306
10,940000	0,117407	-0,397755
10,950000	0,143698	-0,371462
10,960000	0,175247	-0,345169
10,970000	0,206796	-0,308359
10,980000	0,238345	-0,287325
10,990000	0,264635	-0,255774
11,000000	0,296184	-0,224222
11,010000	0,322475	-0,197929
11,020000	0,354024	-0,171637
11,030000	0,380315	-0,140085
11,040000	0,411864	-0,119051
11,050000	0,438155	-0,087500
11,060000	0,464445	-0,061207
11,070000	0,495994	-0,034914
11,080000	0,522285	-0,008621
11,090000	0,548576	0,017672
11,100000	0,574867	0,049223
11,110000	0,601158	0,075516
11,120000	0,632707	0,107067
11,130000	0,658997	0,128101
11,140000	0,680030	0,154394
11,150000	0,706321	0,180687
11,160000	0,732612	0,201721
11,170000	0,753644	0,228014
11,180000	0,774677	0,249048
11,190000	0,800968	0,270083
11,200000	0,822000	0,291117
11,210000	0,843033	0,312151
11,220000	0,864066	0,327927
11,230000	0,879840	0,348961
11,240000	0,895615	0,364737
11,250000	0,916647	0,385771
11,260000	0,932422	0,401547
11,270000	0,948196	0,417322
11,280000	0,963971	0,433098
11,290000	0,979745	0,443615
11,300000	0,990262	0,454132
11,310000	1,000778	0,469908
11,320000	1,016552	0,475167
11,330000	1,027069	0,490942
11,340000	1,037585	0,496201
11,350000	1,042843	0,506718
11,360000	1,048101	0,511976
11,370000	1,058618	0,522494
11,380000	1,063876	0,527752
11,390000	1,069134	0,527752
11,400000	1,074392	0,533011
11,410000	1,074392	0,538269
11,420000	1,074392	0,538269
11,430000	1,074392	0,538269
11,440000	1,074392	0,538269
11,450000	1,069134	0,533011
11,460000	1,074392	0,533011
11,470000	1,069134	0,527752
11,480000	1,063876	0,517235
11,490000	1,053360	0,511976
11,500000	1,048101	0,506718
11,510000	1,037585	0,501459
11,520000	1,027069	0,490942
11,530000	1,021811	0,480425
11,540000	1,011294	0,464649
11,550000	0,995520	0,454132
11,560000	0,985003	0,438357
11,570000	0,969229	0,427839
11,580000	0,958713	0,406805
11,590000	0,942938	0,396288
11,600000	0,927164	0,375254
11,610000	0,911389	0,359478
11,620000	0,890357	0,338444
11,630000	0,874582	0,317410
11,640000	0,853549	0,301634
11,650000	0,832517	0,280600
11,660000	0,811484	0,259565
11,670000	0,790451	0,238531
11,680000	0,769419	0,212238
11,690000	0,743128	0,191204
11,700000	0,722095	0,175428
11,710000	0,695805	0,143877
11,720000	0,664256	0,122843
11,730000	0,643223	0,096550
11,740000	0,616932	0,070257
11,750000	0,590641	0,038706
11,760000	0,569609	0,012413
11,770000	0,538060	-0,019138
11,780000	0,506511	-0,045431
11,790000	0,480220	-0,071724
11,800000	0,453929	-0,103275
11,810000	0,427638	-0,129568
11,820000	0,396089	-0,155861
11,830000	0,369799	-0,187412
11,840000	0,338250	-0,213705
11,850000	0,306701	-0,239998
11,860000	0,275152	-0,271549
11,870000	0,248861	-0,297842
11,880000	0,217312	-0,324135
11,890000	0,191021	-0,360945
11,900000	0,159472	-0,387238
11,910000	0,133181	-0,418789
11,920000	0,106890	-0,445082
11,930000	0,075342	-0,471375
11,940000	0,049051	-0,497668
11,950000	0,022760	-0,523960
11,960000	-0,019305	-0,555512
11,970000	-0,040338	-0,576546
11,980000	-0,071887	-0,602839
11,990000	-0,098178	-0,629132
12,000000	-0,124469	-0,655424
12,010000	-0,156018	-0,681717
12,020000	-0,177050	-0,708010
12,030000	-0,208599	-0,734303
12,040000	-0,229632	-0,760596
12,050000	-0,255923	-0,781630
12,060000	-0,282213	-0,807923
12,070000	-0,303246	-0,828957
12,080000	-0,329537	-0,844733
12,090000	-0,350570	-0,871025
12,100000	-0,371602	-0,892060
12,110000	-0,392635	-0,907835
12,120000	-0,413668	-0,928870
12,130000	-0,434700	-0,955162
12,140000	-0,450475	-0,970938
12,150000	-0,471507	-0,991972
12,160000	-0,487282	-1,002490
12,170000	-0,503056	-1,018265
12,180000	-0,518831	-1,028782
12,190000	-0,534605	-1,039299
12,200000	-0,545122	-1,055075
12,210000	-0,560896	-1,070851
12,220000	-0,571412	-1,081368
12,230000	-0,581929	-1,091885
12,240000	-0,592445	-1,102402
12,250000	-0,597703	-1,112919
12,260000	-0,608219	-1,123436
12,270000	-0,613478	-1,128695
12,280000	-0,618736	-1,133954
12,290000	-0,623994	-1,139212
12,300000	-0,629252	-1,144471
12,310000	-0,629252	-1,144471
12,320000	-0,639768	-1,144471
12,330000	-0,639768	-1,144471
12,340000	-0,634510	-1,149729
12,350000	-0,634510	-1,144471
12,360000	-0,634510	-1,144471
12,370000	-0,629252	-1,144471
12,380000	-0,629252	-1,133954
12,390000	-0,618736	-1,133954
12,400000	-0,618736	-1,128695
12,410000	-0,613478	-1,123436
12,420000	-0,608219	-1,118178
12,430000	-0,597703	-1,107661
12,440000	-0,587187	-1,097144
12,450000	-0,576671	-1,086627
12,460000	-0,566154	-1,076109
12,470000	-0,550380	-1,065592
12,480000	-0,539863	-1,055075
12,490000	-0,524089	-1,039299
12,500000	-0,508314	-1,023524
12,510000	-0,487282	-1,007748
12,520000	-0,471507	-0,986714
12,530000	-0,455733	-0,976197
12,540000	-0,439958	-0,960421
12,550000	-0,418926	-0,939387
12,560000	-0,397893	-0,918353
12,570000	-0,376860	-0,897318
12,580000	-0,355828	-0,881543
12,590000	-0,334795	-0,855250
12,600000	-0,313762	-0,839474
12,610000	-0,287472	-0,813181
12,620000	-0,266439	-0,792147
12,630000	-0,240148	-0,765854
12,640000	-0,213857	-0,744820
12,650000	-0,187567	-0,718527
12,660000	-0,166534	-0,686976
12,670000	-0,134985	-0,660683
12,680000	-0,108694	-0,629132
12,690000	-0,077145	-0,608097
12,700000	-0,050854	-0,581805
12,710000	-0,019305	-0,555512
12,720000	0,006985	-0,523960
12,730000	0,038534	-0,497668
12,740000	0,064825	-0,466116
12,750000	0,096374	-0,439823
12,760000	0,127923	-0,408272
12,770000	0,154214	-0,376721
12,780000	0,185763	-0,350428
12,790000	0,212054	-0,324135
12,800000	0,243603	-0,292584
12,810000	0,269894	-0,266291
12,820000	0,296184	-0,234739
12,830000	0,327733	-0,203188
12,840000	0,354024	-0,171637
12,850000	0,385573	-0,145344
12,860000	0,411864	-0,119051
12,870000	0,438155	-0,087500
12,880000	0,474962	-0,055948
12,890000	0,495994	-0,029655
12,900000	0,522285	-0,008621
12,910000	0,553834	0,022930
12,920000	0,585383	0,049223
12,930000	0,606416	0,075516
12,940000	0,637965	0,101809
12,950000	0,658997	0,128101
12,960000	0,685288	0,154394
12,970000	0,711579	0,175428
12,980000	0,732612	0,201721
12,990000	0,758903	0,217497
13,000000	0,779935	0,243790
13,010000	0,800968	0,264824
13,020000	0,822000	0,285858
13,030000	0,848291	0,306893
13,040000	0,869324	0,327927
13,050000	0,885098	0,348961
13,060000	0,906131	0,364737
13,070000	0,921906	0,385771
13,080000	0,937680	0,401547
13,090000	0,953455	0,417322
13,100000	0,969229	0,427839
13,110000	0,985003	0,443615
13,120000	0,990262	0,454132
13,130000	1,006036	0,464649
13,140000	1,016552	0,475167
13,150000	1,027069	0,485684
13,160000	1,037585	0,496201
13,170000	1,048101	0,501459
13,180000	1,053360	0,511976
13,190000	1,058618	0,511976
13,200000	1,063876	0,522494
13,210000	1,069134	0,527752
13,220000	1,074392	0,527752
13,230000	1,074392	0,533011
13,240000	1,079650	0,538269
13,250000	1,074392	0,533011
13,260000	1,074392	0,533011
13,270000	1,074392	0,533011
13,280000	1,069134	0,527752
13,290000	1,063876	0,527752
13,300000	1,063876	0,517235
13,310000	1,058618	0,511976
13,320000	1,048101	0,501459
13,330000	1,037585	0,496201
13,340000	1,032327	0,485684
13,350000	1,021811	0,469908
13,360000	1,011294	0,464649
13,370000	0,995520	0,448874
13,380000	0,985003	0,438357
13,390000	0,974487	0,422581
13,400000	0,958713	0,406805
13,410000	0,937680	0,391030
13,420000	0,927164	0,380512
13,430000	0,906131	0,359478
13,440000	0,885098	0,343702
13,450000	0,869324	0,322668
13,460000	0,848291	0,301634
13,470000	0,832517	0,280600
13,480000	0,806226	0,259565
13,490000	0,785193	0,238531
13,500000	0,764161	0,217497
13,510000	0,743128	0,191204
13,520000	0,716837	0,170170
13,530000	0,690546	0,149136
13,540000	0,669514	0,122843
13,550000	0,643223	0,096550
13,560000	0,611674	0,075516
13,570000	0,590641	0,049223
13,580000	0,559092	0,022930
13,590000	0,532802	-0,008621
13,600000	0,511769	-0,034914
13,610000	0,480220	-0,061207
13,620000	0,448671	-0,087500
13,630000	0,422380	-0,119051
13,640000	0,396089	-0,145344
13,650000	0,364540	-0,171637
13,660000	0,338250	-0,197929
13,670000	0,306701	-0,229481
13,680000	0,275152	-0,255774
13,690000	0,248861	-0,287325
13,700000	0,217312	-0,313618
13,710000	0,191021	-0,345169
13,720000	0,159472	-0,371462
13,730000	0,133181	-0,397755
13,740000	0,096374	-0,429306
13,750000	0,070083	-0,455599
13,760000	0,038534	-0,481892
13,770000	0,012244	-0,513443
13,780000	-0,024564	-0,539736
13,790000	-0,050854	-0,566029
13,800000	-0,077145	-0,592322
13,810000	-0,103436	-0,623873
13,820000	-0,134985	-0,650166
13,830000	-0,161276	-0,676459
13,840000	-0,182308	-0,697493
13,850000	-0,208599	-0,729044
13,860000	-0,234890	-0,755337
13,870000	-0,261181	-0,776371
13,880000	-0,282213	-0,797406
13,890000	-0,308504	-0,818440
13,900000	-0,329537	-0,839474
13,910000	-0,350570	-0,865767
13,920000	-0,371602	-0,881543
13,930000	-0,397893	-0,902577
13,940000	-0,413668	-0,918353
13,950000	-0,434700	-0,939387
13,960000	-0,450475	-0,955162
13,970000	-0,471507	-0,970938
13,980000	-0,487282	-0,986714
13,990000	-0,497798	-1,002490
14,000000	-0,518831	-1,018265
14,010000	-0,529347	-1,034041
14,020000	-0,545122	-1,049817
14,030000	-0,555638	-1,060334
14,040000	-0,571412	-1,070851
14,050000	-0,576671	-1,086627
14,060000	-0,587187	-1,091885
14,070000	-0,602961	-1,097144
14,080000	-0,608219	-1,102402
14,090000	-0,613478	-1,107661
14,100000	-0,623994	-1,112919
14,110000	-0,623994	-1,118178
14,120000	-0,629252	-1,118178
14,130000	-0,634510	-1,123436
14,140000	-0,634510	-1,123436
14,150000	-0,634510	-1,123436
14,160000	-0,634510	-1,123436
14,170000	-0,634510	-1,123436
14,180000	-0,629252	-1,118178
14,190000	-0,629252	-1,112919
14,200000	-0,623994	-1,112919
14,210000	-0,618736	-1,107661
14,220000	-0,613478	-1,102402
14,230000	-0,608219	-1,097144
14,240000	-0,597703	-1,091885
14,250000	-0,592445	-1,081368
14,260000	-0,581929	-1,076109
14,270000	-0,571412	-1,060334
14,280000	-0,555638	-1,055075
14,290000	-0,545122	-1,039299
14,300000	-0,529347	-1,028782
14,310000	-0,513573	-1,013007
14,320000	-0,503056	-1,002490
14,330000	-0,487282	-0,981455
14,340000	-0,466249	-0,970938
14,350000	-0,450475	-0,955162
14,360000	-0,429442	-0,934128
14,370000	-0,408409	-0,913094
14,380000	-0,392635	-0,897318
14,390000	-0,371602	-0,876284
14,400000	-0,350570	-0,855250
14,410000	-0,329537	-0,834216
14,420000	-0,308504	-0,813181
14,430000	-0,282213	-0,786888
14,440000	-0,255923	-0,765854
14,450000	-0,234890	-0,739561
14,460000	-0,208599	-0,718527
14,470000	-0,182308	-0,692234
14,480000	-0,156018	-0,665942
14,490000	-0,129727	-0,644907
14,500000	-0,098178	-0,618614
14,510000	-0,071887	-0,592322
14,520000	-0,045596	-0,566029
14,530000	-0,019305	-0,539736
14,540000	0,012244	-0,513443
14,550000	0,038534	-0,487150
14,560000	0,064825	-0,460858
14,570000	0,091116	-0,434565
14,580000	0,122665	-0,408272
14,590000	0,154214	-0,376721
14,600000	0,185763	-0,350428
14,610000	0,212054	-0,324135
14,620000	0,243603	-0,292584
14,630000	0,275152	-0,266291
14,640000	0,306701	-0,234739
14,650000	0,332991	-0,208447
14,660000	0,364540	-0,176895
14,670000	0,390831	-0,150602
14,680000	0,422380	-0,124310
14,690000	0,448671	-0,092758
14,700000	0,474962	-0,071724
14,710000	0,506511	-0,045431
14,720000	0,532802	-0,013880
14,730000	0,553834	0,012413
14,740000	0,585383	0,043964
14,750000	0,611674	0,070257
14,760000	0,637965	0,096550
14,770000	0,658997	0,122843
14,780000	0,690546	0,149136
14,790000	0,711579	0,180687
14,800000	0,737870	0,201721
14,810000	0,758903	0,228014
14,820000	0,779935	0,249048
14,830000	0,800968	0,275341
14,840000	0,822000	0,291117
14,850000	0,843033	0,312151
14,860000	0,864066	0,333185
14,870000	0,879840	0,348961
14,880000	0,900873	0,364737
14,890000	0,916647	0,380512
14,900000	0,932422	0,396288
14,910000	0,948196	0,412064
14,920000	0,963971	0,422581
14,930000	0,974487	0,438357
14,940000	0,985003	0,454132
14,950000	1,000778	0,464649
14,960000	1,011294	0,480425
14,970000	1,021811	0,485684
14,980000	1,032327	0,496201
14,990000	1,042843	0,501459
15,000000	1,048101	0,506718
15,010000	1,053360	0,511976
15,020000	1,058618	0,517235
15,030000	1,063876	0,522494
15,040000	1,069134	0,522494
15,050000	1,069134	0,527752
15,060000	1,069134	0,533011
15,070000	1,069134	0,533011
15,080000	1,074392	0,538269
15,090000	1,069134	0,533011
15,100000	1,063876	0,527752
15,110000	1,058618	0,522494
15,120000	1,053360	0,522494
15,130000	1,048101	0,511976
15,140000	1,037585	0,506718
15,150000	1,037585	0,501459
15,160000	1,021811	0,496201
15,170000	1,016552	0,485684
15,180000	1,006036	0,475167
15,190000	0,995520	0,464649
15,200000	0,979745	0,448874
15,210000	0,963971	0,438357
15,220000	0,948196	0,422581
15,230000	0,932422	0,412064
15,240000	0,916647	0,396288
15,250000	0,900873	0,380512
15,260000	0,879840	0,359478
15,270000	0,864066	0,343702
15,280000	0,848291	0,327927
15,290000	0,822000	0,306893
15,300000	0,806226	0,285858
15,310000	0,785193	0,264824
15,320000	0,758903	0,243790
15,330000	0,737870	0,222756
15,340000	0,711579	0,196463
15,350000	0,685288	0,175428
15,360000	0,664256	0,149136
15,370000	0,632707	0,128101
15,380000	0,606416	0,101809
15,390000	0,585383	0,075516
15,400000	0,559092	0,049223
15,410000	0,527543	0,022930
15,420000	0,501253	-0,003363
15,430000	0,474962	-0,029655
15,440000	0,443413	-0,061207
15,450000	0,417122	-0,092758
15,460000	0,390831	-0,119051
15,470000	0,359282	-0,145344
15,480000	0,332991	-0,176895
15,490000	0,301442	-0,203188
15,500000	0,275152	-0,224222
15,510000	0,248861	-0,255774
15,520000	0,217312	-0,287325
15,530000	0,185763	-0,313618
15,540000	0,154214	-0,339911
15,550000	0,127923	-0,366203
15,560000	0,096374	-0,403013
15,570000	0,070083	-0,424048
15,580000	0,038534	-0,460858
15,590000	0,006985	-0,481892
15,600000	-0,024564	-0,513443
15,610000	-0,050854	-0,539736
15,620000	-0,077145	-0,571287
15,630000	-0,108694	-0,597580
15,640000	-0,134985	-0,623873
15,650000	-0,161276	-0,650166
15,660000	-0,182308	-0,681717
15,670000	-0,208599	-0,702751
15,680000	-0,234890	-0,734303
15,690000	-0,261181	-0,755337
15,700000	-0,282213	-0,781630
15,710000	-0,308504	-0,807923
15,720000	-0,329537	-0,828957
15,730000	-0,350570	-0,849991
15,740000	-0,371602	-0,871025
15,750000	-0,392635	-0,892060
15,760000	-0,413668	-0,913094
15,770000	-0,429442	-0,934128
15,780000	-0,450475	-0,949904
15,790000	-0,466249	-0,965680
15,800000	-0,482024	-0,991972
15,810000	-0,503056	-1,002490
15,820000	-0,513573	-1,023524
15,830000	-0,529347	-1,034041
15,840000	-0,545122	-1,049817
15,850000	-0,555638	-1,060334
15,860000	-0,571412	-1,070851
15,870000	-0,576671	-1,081368
15,880000	-0,587187	-1,091885
15,890000	-0,597703	-1,097144
15,900000	-0,602961	-1,107661
15,910000	-0,613478	-1,107661
15,920000	-0,618736	-1,118178
15,930000	-0,623994	-1,118178
15,940000	-0,623994	-1,123436
15,950000	-0,629252	-1,128695
15,960000	-0,634510	-1,128695
15,970000	-0,629252	-1,133954
15,980000	-0,634510	-1,133954
15,990000	-0,629252	-1,133954
16,000000	-0,629252	-1,128695
16,010000	-0,623994	-1,128695
16,020000	-0,618736	-1,123436
16,030000	-0,618736	-1,118178
16,040000	-0,608219	-1,112919
16,050000	-0,602961	-1,112919
16,060000	-0,597703	-1,102402
16,070000	-0,587187	-1,097144
16,080000	-0,576671	-1,086627
16,090000	-0,566154	-1,076109
16,100000	-0,555638	-1,070851
16,110000	-0,545122	-1,055075
16,120000	-0,529347	-1,044558
16,130000	-0,513573	-1,028782
16,140000	-0,497798	-1,013007
16,150000	-0,482024	-1,002490
16,160000	-0,466249	-0,986714
16,170000	-0,445216	-0,970938
16,180000	-0,429442	-0,955162
16,190000	-0,408409	-0,934128
16,200000	-0,387377	-0,913094
16,210000	-0,366344	-0,892060
16,220000	-0,345311	-0,876284
16,230000	-0,324279	-0,855250
16,240000	-0,303246	-0,828957
16,250000	-0,276955	-0,813181
16,260000	-0,255923	-0,786888
16,270000	-0,229632	-0,765854
16,280000	-0,203341	-0,739561
16,290000	-0,182308	-0,713269
16,300000	-0,156018	-0,692234
16,310000	-0,129727	-0,665942
16,320000	-0,103436	-0,639649
16,330000	-0,077145	-0,618614
16,340000	-0,045596	-0,587063
16,350000	-0,019305	-0,560770
16,360000	0,012244	-0,534477
16,370000	0,038534	-0,508185
16,380000	0,064825	-0,476633
16,390000	0,096374	-0,450340
16,400000	0,127923	-0,424048
16,410000	0,154214	-0,397755
16,420000	0,185763	-0,360945
16,430000	0,212054	-0,334652
16,440000	0,243603	-0,303101
16,450000	0,269894	-0,276808
16,460000	0,301442	-0,250515
16,470000	0,327733	-0,224222
16,480000	0,354024	-0,192671
16,490000	0,385573	-0,166378
16,500000	0,417122	-0,140085
16,510000	0,443413	-0,108534
16,520000	0,469704	-0,082241
16,530000	0,495994	-0,050690
16,540000	0,527543	-0,019138
16,550000	0,553834	0,007154
16,560000	0,580125	0,033447
16,570000	0,601158	0,059740
16,580000	0,632707	0,091291
16,590000	0,658997	0,117584
16,600000	0,685288	0,143877
16,610000	0,706321	0,164911
16,620000	0,732612	0,191204
16,630000	0,753644	0,212238
16,640000	0,779935	0,233273
16,650000	0,800968	0,259565
16,660000	0,822000	0,280600
16,670000	0,837775	0,301634
16,680000	0,858808	0,322668
16,690000	0,879840	0,343702
16,700000	0,900873	0,364737
16,710000	0,916647	0,380512
16,720000	0,932422	0,396288
16,730000	0,948196	0,412064
16,740000	0,963971	0,422581
16,750000	0,974487	0,443615
16,760000	0,990262	0,459391
16,770000	1,000778	0,464649
16,780000	1,011294	0,475167
16,790000	1,021811	0,485684
16,800000	1,032327	0,496201
16,810000	1,037585	0,506718
16,820000	1,048101	0,517235
16,830000	1,048101	0,522494
16,840000	1,053360	0,527752
16,850000	1,063876	0,538269
16,860000	1,063876	0,538269
16,870000	1,063876	0,543528
16,880000	1,069134	0,543528
16,890000	1,063876	0,543528
16,900000	1,063876	0,543528
16,910000	1,058618	0,538269
16,920000	1,058618	0,543528
16,930000	1,053360	0,538269
16,940000	1,048101	0,527752
16,950000	1,042843	0,522494
16,960000	1,037585	0,511976
16,970000	1,032327	0,506718
16,980000	1,027069	0,496201
16,990000	1,011294	0,490942
17,000000	1,006036	0,480425
17,010000	0,990262	0,469908
17,020000	0,974487	0,454132
17,030000	0,963971	0,443615
17,040000	0,948196	0,433098
17,050000	0,932422	0,412064
17,060000	0,916647	0,401547
17,070000	0,895615	0,380512
17,080000	0,885098	0,364737
17,090000	0,858808	0,343702
17,100000	0,843033	0,322668
17,110000	0,822000	0,306893
17,120000	0,800968	0,285858
17,130000	0,779935	0,264824
17,140000	0,753644	0,243790
17,150000	0,737870	0,222756
17,160000	0,711579	0,196463
17,170000	0,685288	0,175428
17,180000	0,658997	0,149136
17,190000	0,632707	0,122843
17,200000	0,611674	0,096550
17,210000	0,585383	0,070257
17,220000	0,559092	0,043964
17,230000	0,532802	0,022930
17,240000	0,506511	-0,013880
17,250000	0,474962	-0,040173
17,260000	0,448671	-0,066465
17,270000	0,422380	-0,092758
17,280000	0,390831	-0,119051
17,290000	0,359282	-0,150602
17,300000	0,332991	-0,176895
17,310000	0,301442	-0,208447
17,320000	0,275152	-0,234739
17,330000	0,243603	-0,261032
17,340000	0,217312	-0,292584
17,350000	0,185763	-0,324135
17,360000	0,159472	-0,355686
17,370000	0,127923	-0,381979
17,380000	0,096374	-0,408272
17,390000	0,070083	-0,439823
17,400000	0,038534	-0,460858
17,410000	0,012244	-0,492409
17,420000	-0,019305	-0,518702
17,430000	-0,045596	-0,550253
17,440000	-0,077145	-0,576546
17,450000	-0,103436	-0,608097
17,460000	-0,124469	-0,639649
17,470000	-0,156018	-0,660683
17,480000	-0,177050	-0,692234
17,490000	-0,208599	-0,718527
17,500000	-0,229632	-0,739561
17,510000	-0,255923	-0,765854
17,520000	-0,276955	-0,786888
17,530000	-0,297988	-0,813181
17,540000	-0,324279	-0,834216
17,550000	-0,350570	-0,855250
17,560000	-0,366344	-0,876284
17,570000	-0,392635	-0,897318
17,580000	-0,408409	-0,918353
17,590000	-0,429442	-0,944645
17,600000	-0,445216	-0,960421
17,610000	-0,466249	-0,976197
17,620000	-0,482024	-0,991972
17,630000	-0,497798	-1,007748
17,640000	-0,513573	-1,023524
17,650000	-0,524089	-1,044558
17,660000	-0,539863	-1,055075
17,670000	-0,550380	-1,065592
17,680000	-0,560896	-1,076109
17,690000	-0,571412	-1,086627
17,700000	-0,581929	-1,097144
17,710000	-0,592445	-1,107661
17,720000	-0,597703	-1,118178
17,730000	-0,608219	-1,123436
17,740000	-0,613478	-1,128695
17,750000	-0,618736	-1,133954
17,760000	-0,618736	-1,139212
17,770000	-0,623994	-1,144471
17,780000	-0,623994	-1,144471
17,790000	-0,623994	-1,144471
17,800000	-0,629252	-1,144471
17,810000	-0,623994	-1,149729
17,820000	-0,623994	-1,149729
17,830000	-0,623994	-1,144471
17,840000	-0,618736	-1,144471
17,850000	-0,613478	-1,133954
17,860000	-0,608219	-1,128695
17,870000	-0,602961	-1,123436
17,880000	-0,592445	-1,118178
17,890000	-0,587187	-1,112919
17,900000	-0,571412	-1,102402
17,910000	-0,566154	-1,091885
17,920000	-0,550380	-1,081368
17,930000	-0,539863	-1,070851
17,940000	-0,524089	-1,060334
17,950000	-0,513573	-1,044558
17,960000	-0,497798	-1,028782
17,970000	-0,482024	-1,018265
17,980000	-0,466249	-1,002490
17,990000	-0,445216	-0,986714
18,000000	-0,429442	-0,965680
18,010000	-0,408409	-0,949904
18,020000	-0,387377	-0,928870
18,030000	-0,366344	-0,913094
18,040000	-0,350570	-0,892060
18,050000	-0,324279	-0,865767
18,060000	-0,303246	-0,849991
18,070000	-0,282213	-0,823698
18,080000	-0,261181	-0,802664
18,090000	-0,234890	-0,781630
18,100000	-0,208599	-0,755337
18,110000	-0,182308	-0,729044
18,120000	-0,156018	-0,702751
18,130000	-0,134985	-0,676459
18,140000	-0,103436	-0,650166
18,150000	-0,077145	-0,629132
18,160000	-0,050854	-0,597580
18,170000	-0,024564	-0,576546
18,180000	0,006985	-0,550253
18,190000	0,038534	-0,518702
18,200000	0,064825	-0,487150
18,210000	0,096374	-0,460858
18,220000	0,122665	-0,434565
18,230000	0,148956	-0,408272
18,240000	0,180505	-0,376721
18,250000	0,206796	-0,350428
18,260000	0,233086	-0,318876
18,270000	0,264635	-0,287325
18,280000	0,290926	-0,261032
18,290000	0,322475	-0,229481
18,300000	0,354024	-0,197929
18,310000	0,375057	-0,166378
18,320000	0,406606	-0,140085
18,330000	0,432897	-0,108534
18,340000	0,459187	-0,082241
18,350000	0,490736	-0,050690
18,360000	0,522285	-0,029655
18,370000	0,543318	0,007154
18,380000	0,569609	0,033447
18,390000	0,595900	0,054482
18,400000	0,622190	0,080774
18,410000	0,648481	0,112326
18,420000	0,669514	0,133360
18,430000	0,695805	0,164911
18,440000	0,722095	0,185946
18,450000	0,743128	0,212238
18,460000	0,764161	0,233273
18,470000	0,785193	0,254307
18,480000	0,806226	0,275341
18,490000	0,827259	0,301634
18,500000	0,848291	0,322668
18,510000	0,864066	0,343702
18,520000	0,879840	0,364737
18,530000	0,900873	0,385771
18,540000	0,916647	0,401547
18,550000	0,932422	0,417322
18,560000	0,948196	0,433098
18,570000	0,963971	0,448874
18,580000	0,974487	0,464649
18,590000	0,990262	0,475167
18,600000	0,995520	0,485684
18,610000	1,006036	0,496201
18,620000	1,016552	0,506718
18,630000	1,021811	0,506718
18,640000	1,032327	0,517235
18,650000	1,037585	0,522494
18,660000	1,042843	0,527752
18,670000	1,042843	0,533011
18,680000	1,048101	0,533011
18,690000	1,053360	0,533011
18,700000	1,053360	0,533011
18,710000	1,053360	0,533011
18,720000	1,053360	0,538269
18,730000	1,048101	0,533011
18,740000	1,048101	0,533011
18,750000	1,042843	0,527752
18,760000	1,037585	0,522494
18,770000	1,032327	0,517235
18,780000	1,027069	0,511976
18,790000	1,016552	0,506718
18,800000	1,006036	0,501459
18,810000	1,000778	0,490942
18,820000	0,990262	0,480425
18,830000	0,974487	0,469908
18,840000	0,963971	0,459391
18,850000	0,948196	0,443615
18,860000	0,937680	0,427839
18,870000	0,921906	0,412064
18,880000	0,906131	0,396288
18,890000	0,890357	0,380512
18,900000	0,874582	0,364737
18,910000	0,858808	0,343702
18,920000	0,832517	0,327927
18,930000	0,816742	0,301634
18,940000	0,795710	0,285858
18,950000	0,769419	0,264824
18,960000	0,748386	0,238531
18,970000	0,727354	0,222756
18,980000	0,706321	0,196463
18,990000	0,680030	0,175428
19,000000	0,653739	0,149136
19,010000	0,632707	0,122843
19,020000	0,606416	0,101809
19,030000	0,580125	0,070257
19,040000	0,553834	0,049223
19,050000	0,527543	0,017672
19,060000	0,501253	-0,013880
19,070000	0,469704	-0,040173
19,080000	0,443413	-0,066465
19,090000	0,417122	-0,092758
19,100000	0,390831	-0,119051
19,110000	0,359282	-0,150602
19,120000	0,332991	-0,176895
19,130000	0,306701	-0,208447
19,140000	0,275152	-0,234739
19,150000	0,248861	-0,266291
19,160000	0,217312	-0,297842
19,170000	0,185763	-0,324135
19,180000	0,159472	-0,355686
19,190000	0,127923	-0,381979
19,200000	0,101632	-0,413531
19,210000	0,070083	-0,445082
19,220000	0,043793	-0,471375
19,230000	0,012244	-0,497668
19,240000	-0,014047	-0,529219
19,250000	-0,045596	-0,555512
19,260000	-0,071887	-0,587063
19,270000	-0,103436	-0,613356
19,280000	-0,124469	-0,639649
19,290000	-0,150759	-0,665942
19,300000	-0,177050	-0,697493
19,310000	-0,208599	-0,723786
19,320000	-0,229632	-0,750079
19,330000	-0,250664	-0,771113
19,340000	-0,276955	-0,797406
19,350000	-0,297988	-0,818440
19,360000	-0,319021	-0,839474
19,370000	-0,340053	-0,865767
19,380000	-0,361086	-0,886801
19,390000	-0,382119	-0,902577
19,400000	-0,403151	-0,923611
19,410000	-0,424184	-0,944645
19,420000	-0,439958	-0,960421
19,430000	-0,455733	-0,981455
19,440000	-0,476765	-0,997231
19,450000	-0,492540	-1,018265
19,460000	-0,503056	-1,034041
19,470000	-0,518831	-1,044558
19,480000	-0,529347	-1,060334
19,490000	-0,545122	-1,070851
19,500000	-0,555638	-1,086627
19,510000	-0,566154	-1,097144
19,520000	-0,576671	-1,107661
19,530000	-0,581929	-1,107661
19,540000	-0,592445	-1,118178
19,550000	-0,597703	-1,123436
19,560000	-0,602961	-1,133954
19,570000	-0,608219	-1,139212
19,580000	-0,613478	-1,144471
19,590000	-0,618736	-1,149729
19,600000	-0,618736	-1,149729
19,610000	-0,623994	-1,154988
19,620000	-0,618736	-1,154988
19,630000	-0,618736	-1,154988
19,640000	-0,618736	-1,154988
19,650000	-0,618736	-1,154988
19,660000	-0,613478	-1,149729
19,670000	-0,608219	-1,144471
19,680000	-0,602961	-1,139212
19,690000	-0,592445	-1,128695
19,700000	-0,587187	-1,123436
19,710000	-0,576671	-1,112919
19,720000	-0,571412	-1,097144
19,730000	-0,560896	-1,086627
19,740000	-0,550380	-1,076109
19,750000	-0,534605	-1,065592
19,760000	-0,518831	-1,049817
19,770000	-0,508314	-1,034041
19,780000	-0,492540	-1,023524
19,790000	-0,476765	-1,007748
19,800000	-0,460991	-0,991972
19,810000	-0,439958	-0,976197
19,820000	-0,424184	-0,960421
19,830000	-0,403151	-0,939387
19,840000	-0,382119	-0,918353
19,850000	-0,361086	-0,902577
19,860000	-0,340053	-0,886801
19,870000	-0,319021	-0,865767
19,880000	-0,297988	-0,839474
19,890000	-0,271697	-0,818440
19,900000	-0,250664	-0,797406
19,910000	-0,229632	-0,776371
19,920000	-0,203341	-0,750079
19,930000	-0,182308	-0,723786
19,940000	-0,156018	-0,697493
19,950000	-0,129727	-0,671200
19,960000	-0,103436	-0,644907
19,970000	-0,077145	-0,618614
19,980000	-0,050854	-0,592322
19,990000	-0,024564	-0,566029
