t (s)	U1(V)	U2(V)
0,000000	0,979745	0,422581
0,010000	0,995520	0,433098
0,020000	1,011294	0,443615
0,030000	1,021811	0,459391
0,040000	1,032327	0,469908
0,050000	1,048101	0,480425
0,060000	1,058618	0,496201
0,070000	1,069134	0,501459
0,080000	1,079650	0,506718
0,090000	1,090167	0,511976
0,100000	1,095425	0,522494
0,110000	1,095425	0,522494
0,120000	1,105941	0,527752
0,130000	1,111199	0,533011
0,140000	1,111199	0,533011
0,150000	1,116458	0,533011
0,160000	1,116458	0,533011
0,170000	1,116458	0,527752
0,180000	1,111199	0,522494
0,190000	1,111199	0,522494
0,200000	1,105941	0,517235
0,210000	1,100683	0,506718
0,220000	1,095425	0,506718
0,230000	1,090167	0,496201
0,240000	1,079650	0,485684
0,250000	1,074392	0,475167
0,260000	1,058618	0,464649
0,270000	1,053360	0,454132
0,280000	1,042843	0,438357
0,290000	1,032327	0,427839
0,300000	1,016552	0,412064
0,310000	1,006036	0,401547
0,320000	0,990262	0,385771
0,330000	0,974487	0,364737
0,340000	0,958713	0,348961
0,350000	0,937680	0,327927
0,360000	0,921906	0,312151
0,370000	0,900873	0,291117
0,380000	0,879840	0,275341
0,390000	0,858808	0,254307
0,400000	0,837775	0,228014
0,410000	0,816742	0,206980
0,420000	0,790451	0,180687
0,430000	0,764161	0,159653
0,440000	0,737870	0,128101
0,450000	0,716837	0,107067
0,460000	0,690546	0,080774
0,470000	0,664256	0,054482
0,480000	0,637965	0,028189
0,490000	0,611674	-0,003363
0,500000	0,590641	-0,029655
0,510000	0,559092	-0,061207
0,520000	0,527543	-0,087500
0,530000	0,501253	-0,113792
0,540000	0,474962	-0,145344
0,550000	0,443413	-0,171637
0,560000	0,411864	-0,203188
0,570000	0,380315	-0,224222
0,580000	0,354024	-0,261032
0,590000	0,317217	-0,282066
0,600000	0,290926	-0,318876
0,610000	0,264635	-0,345169
0,620000	0,233086	-0,371462
0,630000	0,201537	-0,403013
0,640000	0,175247	-0,434565
0,650000	0,143698	-0,455599
0,660000	0,112149	-0,487150
0,670000	0,080600	-0,513443
0,680000	0,049051	-0,544995
0,690000	0,022760	-0,571287
0,700000	-0,008789	-0,597580
0,710000	-0,040338	-0,629132
0,720000	-0,066629	-0,655424
0,730000	-0,098178	-0,681717
0,740000	-0,124469	-0,708010
0,750000	-0,150759	-0,734303
0,760000	-0,182308	-0,760596
0,770000	-0,208599	-0,781630
0,780000	-0,234890	-0,802664
0,790000	-0,261181	-0,823698
0,800000	-0,282213	-0,849991
0,810000	-0,303246	-0,871025
0,820000	-0,329537	-0,897318
0,830000	-0,355828	-0,918353
0,840000	-0,376860	-0,944645
0,850000	-0,397893	-0,960421
0,860000	-0,418926	-0,981455
0,870000	-0,434700	-0,997231
0,880000	-0,455733	-1,018265
0,890000	-0,471507	-1,034041
0,900000	-0,492540	-1,049817
0,910000	-0,508314	-1,060334
0,920000	-0,524089	-1,076109
0,930000	-0,534605	-1,081368
0,940000	-0,550380	-1,097144
0,950000	-0,560896	-1,107661
0,960000	-0,576671	-1,118178
0,970000	-0,587187	-1,123436
0,980000	-0,597703	-1,133954
0,990000	-0,602961	-1,144471
1,000000	-0,618736	-1,149729
1,010000	-0,618736	-1,160246
1,020000	-0,629252	-1,165505
1,030000	-0,634510	-1,165505
1,040000	-0,634510	-1,165505
1,050000	-0,634510	-1,170764
1,060000	-0,645027	-1,170764
1,070000	-0,639768	-1,176022
1,080000	-0,639768	-1,176022
1,090000	-0,639768	-1,170764
1,100000	-0,639768	-1,170764
1,110000	-0,634510	-1,165505
1,120000	-0,629252	-1,165505
1,130000	-0,629252	-1,154988
1,140000	-0,618736	-1,149729
1,150000	-0,613478	-1,144471
1,160000	-0,602961	-1,139212
1,170000	-0,597703	-1,123436
1,180000	-0,581929	-1,112919
1,190000	-0,571412	-1,102402
1,200000	-0,560896	-1,091885
1,210000	-0,545122	-1,076109
1,220000	-0,534605	-1,060334
1,230000	-0,518831	-1,044558
1,240000	-0,503056	-1,028782
1,250000	-0,487282	-1,007748
1,260000	-0,466249	-0,991972
1,270000	-0,450475	-0,970938
1,280000	-0,434700	-0,955162
1,290000	-0,413668	-0,928870
1,300000	-0,387377	-0,907835
1,310000	-0,366344	-0,886801
1,320000	-0,345311	-0,865767
1,330000	-0,324279	-0,844733
1,340000	-0,303246	-0,823698
1,350000	-0,282213	-0,797406
1,360000	-0,250664	-0,776371
1,370000	-0,229632	-0,750079
1,380000	-0,203341	-0,723786
1,390000	-0,177050	-0,697493
1,400000	-0,150759	-0,671200
1,410000	-0,119210	-0,644907
1,420000	-0,092920	-0,623873
1,430000	-0,061371	-0,592322
1,440000	-0,029822	-0,566029
1,450000	-0,003531	-0,539736
1,460000	0,028018	-0,508185
1,470000	0,059567	-0,481892
1,480000	0,085858	-0,450340
1,490000	0,117407	-0,424048
1,500000	0,148956	-0,397755
1,510000	0,180505	-0,360945
1,520000	0,206796	-0,334652
1,530000	0,238345	-0,303101
1,540000	0,269894	-0,276808
1,550000	0,301442	-0,245257
1,560000	0,327733	-0,218964
1,570000	0,359282	-0,187412
1,580000	0,390831	-0,161120
1,590000	0,422380	-0,129568
1,600000	0,453929	-0,103275
1,610000	0,480220	-0,071724
1,620000	0,511769	-0,045431
1,630000	0,543318	-0,019138
1,640000	0,569609	0,007154
1,650000	0,595900	0,038706
1,660000	0,627448	0,064999
1,670000	0,653739	0,086033
1,680000	0,680030	0,112326
1,690000	0,706321	0,138619
1,700000	0,732612	0,164911
1,710000	0,753644	0,191204
1,720000	0,779935	0,217497
1,730000	0,800968	0,238531
1,740000	0,827259	0,259565
1,750000	0,848291	0,280600
1,760000	0,869324	0,301634
1,770000	0,890357	0,322668
1,780000	0,916647	0,343702
1,790000	0,932422	0,359478
1,800000	0,948196	0,375254
1,810000	0,969229	0,391030
1,820000	0,985003	0,412064
1,830000	1,000778	0,427839
1,840000	1,016552	0,438357
1,850000	1,027069	0,448874
1,860000	1,042843	0,464649
1,870000	1,053360	0,469908
1,880000	1,063876	0,480425
1,890000	1,074392	0,490942
1,900000	1,084909	0,496201
1,910000	1,095425	0,506718
1,920000	1,100683	0,511976
1,930000	1,111199	0,517235
1,940000	1,111199	0,517235
1,950000	1,116458	0,522494
1,960000	1,121716	0,522494
1,970000	1,121716	0,522494
1,980000	1,121716	0,522494
1,990000	1,121716	0,522494
2,000000	1,121716	0,522494
2,010000	1,121716	0,522494
2,020000	1,116458	0,517235
2,030000	1,111199	0,511976
2,040000	1,111199	0,501459
2,050000	1,105941	0,496201
2,060000	1,095425	0,485684
2,070000	1,084909	0,475167
2,080000	1,074392	0,469908
2,090000	1,063876	0,459391
2,100000	1,053360	0,443615
2,110000	1,037585	0,427839
2,120000	1,021811	0,417322
2,130000	1,006036	0,401547
2,140000	0,995520	0,385771
2,150000	0,974487	0,369995
2,160000	0,958713	0,354220
2,170000	0,942938	0,333185
2,180000	0,916647	0,317410
2,190000	0,906131	0,296375
2,200000	0,885098	0,275341
2,210000	0,864066	0,259565
2,220000	0,843033	0,233273
2,230000	0,822000	0,212238
2,240000	0,795710	0,185946
2,250000	0,774677	0,159653
2,260000	0,753644	0,138619
2,270000	0,722095	0,112326
2,280000	0,701063	0,086033
2,290000	0,674772	0,059740
2,300000	0,643223	0,033447
2,310000	0,616932	0,007154
2,320000	0,585383	-0,024397
2,330000	0,559092	-0,050690
2,340000	0,527543	-0,082241
2,350000	0,501253	-0,108534
2,360000	0,469704	-0,145344
2,370000	0,438155	-0,166378
2,380000	0,406606	-0,197929
2,390000	0,380315	-0,229481
2,400000	0,348766	-0,255774
2,410000	0,322475	-0,282066
2,420000	0,285668	-0,313618
2,430000	0,259377	-0,339911
2,440000	0,227828	-0,366203
2,450000	0,196279	-0,392496
2,460000	0,164730	-0,418789
2,470000	0,133181	-0,445082
2,480000	0,106890	-0,471375
2,490000	0,075342	-0,502926
2,500000	0,043793	-0,529219
2,510000	0,017502	-0,560770
2,520000	-0,014047	-0,587063
2,530000	-0,045596	-0,608097
2,540000	-0,071887	-0,639649
2,550000	-0,098178	-0,665942
2,560000	-0,124469	-0,692234
2,570000	-0,150759	-0,718527
2,580000	-0,182308	-0,744820
2,590000	-0,203341	-0,771113
2,600000	-0,229632	-0,797406
2,610000	-0,255923	-0,818440
2,620000	-0,282213	-0,839474
2,630000	-0,303246	-0,865767
2,640000	-0,324279	-0,881543
2,650000	-0,350570	-0,902577
2,660000	-0,371602	-0,923611
2,670000	-0,392635	-0,944645
2,680000	-0,413668	-0,965680
2,690000	-0,434700	-0,981455
2,700000	-0,450475	-1,002490
2,710000	-0,471507	-1,018265
2,720000	-0,492540	-1,034041
2,730000	-0,508314	-1,049817
2,740000	-0,524089	-1,070851
2,750000	-0,539863	-1,081368
2,760000	-0,550380	-1,091885
2,770000	-0,560896	-1,102402
2,780000	-0,576671	-1,112919
2,790000	-0,587187	-1,123436
2,800000	-0,597703	-1,128695
2,810000	-0,602961	-1,133954
2,820000	-0,613478	-1,139212
2,830000	-0,618736	-1,149729
2,840000	-0,629252	-1,149729
2,850000	-0,629252	-1,154988
2,860000	-0,634510	-1,160246
2,870000	-0,634510	-1,160246
2,880000	-0,639768	-1,160246
2,890000	-0,639768	-1,165505
2,900000	-0,639768	-1,165505
2,910000	-0,639768	-1,160246
2,920000	-0,639768	-1,160246
2,930000	-0,639768	-1,154988
2,940000	-0,634510	-1,149729
2,950000	-0,629252	-1,149729
2,960000	-0,618736	-1,139212
2,970000	-0,608219	-1,128695
2,980000	-0,608219	-1,123436
2,990000	-0,592445	-1,118178
3,000000	-0,587187	-1,107661
3,010000	-0,571412	-1,097144
3,020000	-0,560896	-1,086627
3,030000	-0,545122	-1,076109
3,040000	-0,534605	-1,065592
3,050000	-0,518831	-1,049817
3,060000	-0,503056	-1,034041
3,070000	-0,487282	-1,018265
3,080000	-0,466249	-1,002490
3,090000	-0,450475	-0,986714
3,100000	-0,429442	-0,965680
3,110000	-0,408409	-0,944645
3,120000	-0,387377	-0,928870
3,130000	-0,366344	-0,902577
3,140000	-0,340053	-0,886801
3,150000	-0,313762	-0,860508
3,160000	-0,297988	-0,839474
3,170000	-0,271697	-0,813181
3,180000	-0,245406	-0,792147
3,190000	-0,224374	-0,760596
3,200000	-0,198083	-0,739561
3,210000	-0,166534	-0,713269
3,220000	-0,140243	-0,686976
3,230000	-0,113952	-0,655424
3,240000	-0,082403	-0,634390
3,250000	-0,050854	-0,602839
3,260000	-0,024564	-0,581805
3,270000	0,001727	-0,550253
3,280000	0,033276	-0,523960
3,290000	0,064825	-0,497668
3,300000	0,096374	-0,471375
3,310000	0,122665	-0,439823
3,320000	0,154214	-0,408272
3,330000	0,180505	-0,381979
3,340000	0,217312	-0,350428
3,350000	0,243603	-0,324135
3,360000	0,275152	-0,297842
3,370000	0,306701	-0,266291
3,380000	0,332991	-0,234739
3,390000	0,364540	-0,203188
3,400000	0,396089	-0,176895
3,410000	0,427638	-0,150602
3,420000	0,453929	-0,119051
3,430000	0,485478	-0,092758
3,440000	0,511769	-0,066465
3,450000	0,543318	-0,040173
3,460000	0,569609	-0,013880
3,470000	0,595900	0,012413
3,480000	0,627448	0,043964
3,490000	0,653739	0,070257
3,500000	0,680030	0,096550
3,510000	0,706321	0,117584
3,520000	0,737870	0,143877
3,530000	0,758903	0,164911
3,540000	0,785193	0,185946
3,550000	0,811484	0,212238
3,560000	0,832517	0,233273
3,570000	0,858808	0,254307
3,580000	0,879840	0,275341
3,590000	0,895615	0,301634
3,600000	0,916647	0,322668
3,610000	0,937680	0,338444
3,620000	0,958713	0,354220
3,630000	0,974487	0,369995
3,640000	0,990262	0,385771
3,650000	1,006036	0,401547
3,660000	1,021811	0,417322
3,670000	1,037585	0,427839
3,680000	1,042843	0,443615
3,690000	1,058618	0,454132
3,700000	1,069134	0,464649
3,710000	1,079650	0,480425
3,720000	1,084909	0,485684
3,730000	1,095425	0,496201
3,740000	1,100683	0,501459
3,750000	1,105941	0,506718
3,760000	1,111199	0,506718
3,770000	1,111199	0,517235
3,780000	1,116458	0,517235
3,790000	1,121716	0,517235
3,800000	1,121716	0,517235
3,810000	1,121716	0,517235
3,820000	1,116458	0,511976
3,830000	1,121716	0,511976
3,840000	1,116458	0,506718
3,850000	1,111199	0,501459
3,860000	1,105941	0,496201
3,870000	1,100683	0,490942
3,880000	1,090167	0,485684
3,890000	1,079650	0,475167
3,900000	1,069134	0,464649
3,910000	1,058618	0,454132
3,920000	1,048101	0,448874
3,930000	1,032327	0,433098
3,940000	1,016552	0,422581
3,950000	1,000778	0,406805
3,960000	0,985003	0,396288
3,970000	0,969229	0,380512
3,980000	0,953455	0,364737
3,990000	0,937680	0,348961
4,000000	0,916647	0,327927
4,010000	0,895615	0,312151
4,020000	0,879840	0,291117
4,030000	0,853549	0,275341
4,040000	0,832517	0,249048
4,050000	0,806226	0,228014
4,060000	0,785193	0,201721
4,070000	0,758903	0,180687
4,080000	0,737870	0,159653
4,090000	0,711579	0,133360
4,100000	0,680030	0,112326
4,110000	0,653739	0,086033
4,120000	0,627448	0,059740
4,130000	0,601158	0,033447
4,140000	0,569609	0,007154
4,150000	0,543318	-0,024397
4,160000	0,517027	-0,045431
4,170000	0,485478	-0,076983
4,180000	0,459187	-0,103275
4,190000	0,427638	-0,129568
4,200000	0,401348	-0,161120
4,210000	0,369799	-0,187412
4,220000	0,343508	-0,218964
4,230000	0,311959	-0,245257
4,240000	0,280410	-0,271549
4,250000	0,254119	-0,303101
4,260000	0,222570	-0,334652
4,270000	0,191021	-0,360945
4,280000	0,159472	-0,392496
4,290000	0,127923	-0,424048
4,300000	0,096374	-0,455599
4,310000	0,064825	-0,481892
4,320000	0,038534	-0,513443
4,330000	0,006985	-0,539736
4,340000	-0,024564	-0,571287
4,350000	-0,050854	-0,592322
4,360000	-0,082403	-0,623873
4,370000	-0,108694	-0,650166
4,380000	-0,134985	-0,676459
4,390000	-0,166534	-0,702751
4,400000	-0,192825	-0,729044
4,410000	-0,213857	-0,755337
4,420000	-0,240148	-0,781630
4,430000	-0,266439	-0,807923
4,440000	-0,287472	-0,828957
4,450000	-0,313762	-0,849991
4,460000	-0,340053	-0,871025
4,470000	-0,361086	-0,897318
4,480000	-0,382119	-0,913094
4,490000	-0,403151	-0,934128
4,500000	-0,424184	-0,955162
4,510000	-0,445216	-0,976197
4,520000	-0,466249	-0,991972
4,530000	-0,476765	-1,007748
4,540000	-0,497798	-1,023524
4,550000	-0,513573	-1,039299
4,560000	-0,524089	-1,055075
4,570000	-0,539863	-1,070851
4,580000	-0,555638	-1,081368
4,590000	-0,566154	-1,097144
4,600000	-0,576671	-1,107661
4,610000	-0,587187	-1,118178
4,620000	-0,597703	-1,128695
4,630000	-0,602961	-1,139212
4,640000	-0,613478	-1,149729
4,650000	-0,618736	-1,154988
4,660000	-0,623994	-1,160246
4,670000	-0,623994	-1,165505
4,680000	-0,629252	-1,170764
4,690000	-0,629252	-1,170764
4,700000	-0,629252	-1,176022
4,710000	-0,634510	-1,176022
4,720000	-0,629252	-1,176022
4,730000	-0,629252	-1,170764
4,740000	-0,629252	-1,165505
4,750000	-0,623994	-1,165505
4,760000	-0,618736	-1,160246
4,770000	-0,618736	-1,160246
4,780000	-0,613478	-1,154988
4,790000	-0,602961	-1,144471
4,800000	-0,597703	-1,139212
4,810000	-0,587187	-1,128695
4,820000	-0,576671	-1,118178
4,830000	-0,560896	-1,107661
4,840000	-0,550380	-1,097144
4,850000	-0,539863	-1,081368
4,860000	-0,524089	-1,070851
4,870000	-0,508314	-1,055075
4,880000	-0,492540	-1,039299
4,890000	-0,471507	-1,023524
4,900000	-0,455733	-1,007748
4,910000	-0,439958	-0,991972
4,920000	-0,418926	-0,976197
4,930000	-0,397893	-0,960421
4,940000	-0,376860	-0,939387
4,950000	-0,355828	-0,918353
4,960000	-0,334795	-0,897318
4,970000	-0,313762	-0,876284
4,980000	-0,287472	-0,855250
4,990000	-0,261181	-0,834216
5,000000	-0,234890	-0,807923
5,010000	-0,208599	-0,786888
5,020000	-0,182308	-0,760596
5,030000	-0,156018	-0,734303
5,040000	-0,124469	-0,708010
5,050000	-0,098178	-0,686976
5,060000	-0,071887	-0,660683
5,070000	-0,040338	-0,629132
5,080000	-0,019305	-0,602839
5,090000	0,017502	-0,576546
5,100000	0,043793	-0,550253
5,110000	0,075342	-0,523960
5,120000	0,101632	-0,492409
5,130000	0,133181	-0,460858
5,140000	0,159472	-0,434565
5,150000	0,191021	-0,403013
5,160000	0,222570	-0,376721
5,170000	0,254119	-0,345169
5,180000	0,280410	-0,318876
5,190000	0,317217	-0,292584
5,200000	0,348766	-0,261032
5,210000	0,375057	-0,234739
5,220000	0,406606	-0,208447
5,230000	0,438155	-0,176895
5,240000	0,464445	-0,150602
5,250000	0,495994	-0,119051
5,260000	0,522285	-0,092758
5,270000	0,548576	-0,066465
5,280000	0,580125	-0,034914
5,290000	0,611674	-0,008621
5,300000	0,637965	0,022930
5,310000	0,664256	0,049223
5,320000	0,690546	0,075516
5,330000	0,716837	0,101809
5,340000	0,737870	0,122843
5,350000	0,764161	0,149136
5,360000	0,790451	0,175428
5,370000	0,816742	0,201721
5,380000	0,832517	0,222756
5,390000	0,858808	0,243790
5,400000	0,879840	0,264824
5,410000	0,895615	0,280600
5,420000	0,916647	0,301634
5,430000	0,932422	0,322668
5,440000	0,953455	0,338444
5,450000	0,974487	0,354220
5,460000	0,985003	0,369995
5,470000	1,000778	0,385771
5,480000	1,021811	0,401547
5,490000	1,032327	0,412064
5,500000	1,042843	0,427839
5,510000	1,058618	0,438357
5,520000	1,063876	0,448874
5,530000	1,074392	0,459391
5,540000	1,084909	0,464649
5,550000	1,095425	0,475167
5,560000	1,100683	0,480425
5,570000	1,100683	0,490942
5,580000	1,111199	0,496201
5,590000	1,116458	0,501459
5,600000	1,116458	0,506718
5,610000	1,116458	0,506718
5,620000	1,116458	0,506718
5,630000	1,116458	0,506718
5,640000	1,116458	0,506718
5,650000	1,111199	0,506718
5,660000	1,105941	0,506718
5,670000	1,105941	0,501459
5,680000	1,100683	0,496201
5,690000	1,090167	0,490942
5,700000	1,084909	0,485684
5,710000	1,074392	0,475167
5,720000	1,063876	0,464649
5,730000	1,053360	0,454132
5,740000	1,042843	0,443615
5,750000	1,027069	0,427839
5,760000	1,011294	0,417322
5,770000	0,995520	0,401547
5,780000	0,979745	0,391030
5,790000	0,963971	0,375254
5,800000	0,948196	0,359478
5,810000	0,932422	0,343702
5,820000	0,911389	0,322668
5,830000	0,890357	0,306893
5,840000	0,869324	0,285858
5,850000	0,848291	0,270083
5,860000	0,827259	0,243790
5,870000	0,806226	0,228014
5,880000	0,779935	0,201721
5,890000	0,753644	0,180687
5,900000	0,732612	0,154394
5,910000	0,711579	0,128101
5,920000	0,680030	0,107067
5,930000	0,658997	0,086033
5,940000	0,632707	0,054482
5,950000	0,601158	0,028189
5,960000	0,574867	0,001896
5,970000	0,548576	-0,024397
5,980000	0,517027	-0,055948
5,990000	0,490736	-0,082241
6,000000	0,459187	-0,113792
6,010000	0,427638	-0,140085
6,020000	0,401348	-0,166378
6,030000	0,369799	-0,197929
6,040000	0,343508	-0,229481
6,050000	0,311959	-0,255774
6,060000	0,275152	-0,282066
6,070000	0,248861	-0,313618
6,080000	0,217312	-0,345169
6,090000	0,185763	-0,376721
6,100000	0,159472	-0,408272
6,110000	0,127923	-0,434565
6,120000	0,096374	-0,466116
6,130000	0,070083	-0,492409
6,140000	0,038534	-0,523960
6,150000	0,006985	-0,555512
6,160000	-0,019305	-0,581805
6,170000	-0,050854	-0,613356
6,180000	-0,077145	-0,639649
6,190000	-0,108694	-0,665942
6,200000	-0,129727	-0,692234
6,210000	-0,156018	-0,718527
6,220000	-0,187567	-0,739561
6,230000	-0,213857	-0,765854
6,240000	-0,234890	-0,792147
6,250000	-0,261181	-0,813181
6,260000	-0,287472	-0,834216
6,270000	-0,308504	-0,860508
6,280000	-0,329537	-0,881543
6,290000	-0,350570	-0,902577
6,300000	-0,371602	-0,923611
6,310000	-0,392635	-0,944645
6,320000	-0,413668	-0,965680
6,330000	-0,434700	-0,981455
6,340000	-0,450475	-0,997231
6,350000	-0,471507	-1,013007
6,360000	-0,482024	-1,034041
6,370000	-0,503056	-1,049817
6,380000	-0,518831	-1,065592
6,390000	-0,529347	-1,076109
6,400000	-0,545122	-1,097144
6,410000	-0,555638	-1,102402
6,420000	-0,566154	-1,118178
6,430000	-0,576671	-1,128695
6,440000	-0,587187	-1,139212
6,450000	-0,592445	-1,149729
6,460000	-0,602961	-1,154988
6,470000	-0,608219	-1,160246
6,480000	-0,613478	-1,165505
6,490000	-0,618736	-1,165505
6,500000	-0,623994	-1,176022
6,510000	-0,623994	-1,176022
6,520000	-0,629252	-1,176022
6,530000	-0,623994	-1,176022
6,540000	-0,623994	-1,176022
6,550000	-0,623994	-1,176022
6,560000	-0,618736	-1,176022
6,570000	-0,618736	-1,170764
6,580000	-0,613478	-1,170764
6,590000	-0,608219	-1,165505
6,600000	-0,602961	-1,160246
6,610000	-0,592445	-1,154988
6,620000	-0,581929	-1,149729
6,630000	-0,571412	-1,139212
6,640000	-0,560896	-1,128695
6,650000	-0,550380	-1,118178
6,660000	-0,539863	-1,107661
6,670000	-0,524089	-1,097144
6,680000	-0,508314	-1,081368
6,690000	-0,497798	-1,070851
6,700000	-0,476765	-1,049817
6,710000	-0,460991	-1,034041
6,720000	-0,445216	-1,018265
6,730000	-0,424184	-0,997231
6,740000	-0,408409	-0,981455
6,750000	-0,387377	-0,965680
6,760000	-0,366344	-0,949904
6,770000	-0,345311	-0,923611
6,780000	-0,319021	-0,902577
6,790000	-0,303246	-0,881543
6,800000	-0,276955	-0,865767
6,810000	-0,255923	-0,844733
6,820000	-0,229632	-0,818440
6,830000	-0,203341	-0,797406
6,840000	-0,177050	-0,771113
6,850000	-0,150759	-0,744820
6,860000	-0,124469	-0,718527
6,870000	-0,098178	-0,697493
6,880000	-0,071887	-0,660683
6,890000	-0,045596	-0,634390
6,900000	-0,014047	-0,608097
6,910000	0,017502	-0,576546
6,920000	0,049051	-0,550253
6,930000	0,075342	-0,523960
6,940000	0,106890	-0,497668
6,950000	0,138439	-0,466116
6,960000	0,164730	-0,439823
6,970000	0,191021	-0,408272
6,980000	0,227828	-0,381979
6,990000	0,254119	-0,350428
7,000000	0,285668	-0,318876
7,010000	0,317217	-0,287325
7,020000	0,348766	-0,255774
7,030000	0,375057	-0,224222
7,040000	0,406606	-0,197929
7,050000	0,438155	-0,166378
7,060000	0,464445	-0,140085
7,070000	0,490736	-0,108534
7,080000	0,522285	-0,076983
7,090000	0,548576	-0,050690
7,100000	0,574867	-0,024397
7,110000	0,606416	0,007154
7,120000	0,627448	0,033447
7,130000	0,658997	0,064999
7,140000	0,680030	0,091291
7,150000	0,706321	0,117584
7,160000	0,732612	0,138619
7,170000	0,753644	0,164911
7,180000	0,779935	0,191204
7,190000	0,806226	0,217497
7,200000	0,827259	0,238531
7,210000	0,848291	0,259565
7,220000	0,869324	0,280600
7,230000	0,890357	0,306893
7,240000	0,906131	0,322668
7,250000	0,927164	0,343702
7,260000	0,948196	0,364737
7,270000	0,963971	0,380512
7,280000	0,979745	0,396288
7,290000	0,990262	0,412064
7,300000	1,006036	0,427839
7,310000	1,021811	0,438357
7,320000	1,032327	0,454132
7,330000	1,042843	0,464649
7,340000	1,053360	0,475167
7,350000	1,058618	0,485684
7,360000	1,069134	0,496201
7,370000	1,079650	0,501459
7,380000	1,084909	0,511976
7,390000	1,090167	0,517235
7,400000	1,090167	0,522494
7,410000	1,095425	0,533011
7,420000	1,100683	0,533011
7,430000	1,100683	0,533011
7,440000	1,100683	0,538269
7,450000	1,100683	0,538269
7,460000	1,095425	0,538269
7,470000	1,095425	0,538269
7,480000	1,090167	0,533011
7,490000	1,084909	0,533011
7,500000	1,079650	0,527752
7,510000	1,074392	0,517235
7,520000	1,069134	0,511976
7,530000	1,058618	0,506718
7,540000	1,048101	0,490942
7,550000	1,037585	0,480425
7,560000	1,027069	0,469908
7,570000	1,011294	0,459391
7,580000	1,000778	0,443615
7,590000	0,985003	0,433098
7,600000	0,969229	0,417322
7,610000	0,948196	0,396288
7,620000	0,937680	0,380512
7,630000	0,916647	0,364737
7,640000	0,895615	0,343702
7,650000	0,879840	0,327927
7,660000	0,858808	0,306893
7,670000	0,837775	0,285858
7,680000	0,811484	0,264824
7,690000	0,790451	0,243790
7,700000	0,769419	0,222756
7,710000	0,743128	0,196463
7,720000	0,716837	0,170170
7,730000	0,690546	0,149136
7,740000	0,669514	0,122843
7,750000	0,643223	0,096550
7,760000	0,616932	0,070257
7,770000	0,590641	0,043964
7,780000	0,559092	0,017672
7,790000	0,532802	-0,008621
7,800000	0,501253	-0,034914
7,810000	0,474962	-0,066465
7,820000	0,443413	-0,092758
7,830000	0,417122	-0,119051
7,840000	0,390831	-0,150602
7,850000	0,359282	-0,182154
7,860000	0,332991	-0,208447
7,870000	0,301442	-0,239998
7,880000	0,275152	-0,266291
7,890000	0,243603	-0,292584
7,900000	0,217312	-0,324135
7,910000	0,185763	-0,355686
7,920000	0,154214	-0,387238
7,930000	0,122665	-0,413531
7,940000	0,096374	-0,445082
7,950000	0,070083	-0,476633
7,960000	0,033276	-0,502926
7,970000	0,006985	-0,529219
7,980000	-0,019305	-0,560770
7,990000	-0,045596	-0,592322
8,000000	-0,077145	-0,613356
8,010000	-0,103436	-0,639649
8,020000	-0,124469	-0,671200
8,030000	-0,156018	-0,697493
8,040000	-0,182308	-0,729044
8,050000	-0,203341	-0,755337
8,060000	-0,229632	-0,781630
8,070000	-0,255923	-0,802664
8,080000	-0,276955	-0,828957
8,090000	-0,297988	-0,855250
8,100000	-0,324279	-0,876284
8,110000	-0,345311	-0,902577
8,120000	-0,366344	-0,923611
8,130000	-0,382119	-0,939387
8,140000	-0,403151	-0,960421
8,150000	-0,418926	-0,981455
8,160000	-0,445216	-1,002490
8,170000	-0,455733	-1,018265
8,180000	-0,471507	-1,034041
8,190000	-0,492540	-1,049817
8,200000	-0,508314	-1,065592
8,210000	-0,518831	-1,081368
8,220000	-0,529347	-1,097144
8,230000	-0,545122	-1,107661
8,240000	-0,555638	-1,118178
8,250000	-0,560896	-1,123436
8,260000	-0,571412	-1,133954
8,270000	-0,581929	-1,144471
8,280000	-0,592445	-1,154988
8,290000	-0,597703	-1,165505
8,300000	-0,602961	-1,170764
8,310000	-0,608219	-1,176022
8,320000	-0,608219	-1,181281
8,330000	-0,608219	-1,181281
8,340000	-0,613478	-1,186539
8,350000	-0,613478	-1,186539
8,360000	-0,613478	-1,186539
8,370000	-0,613478	-1,186539
8,380000	-0,613478	-1,186539
8,390000	-0,608219	-1,181281
8,400000	-0,602961	-1,181281
8,410000	-0,597703	-1,176022
8,420000	-0,587187	-1,170764
8,430000	-0,581929	-1,165505
8,440000	-0,576671	-1,154988
8,450000	-0,566154	-1,144471
8,460000	-0,555638	-1,139212
8,470000	-0,545122	-1,128695
8,480000	-0,534605	-1,112919
8,490000	-0,518831	-1,102402
8,500000	-0,503056	-1,086627
8,510000	-0,492540	-1,076109
8,520000	-0,476765	-1,060334
8,530000	-0,455733	-1,044558
8,540000	-0,439958	-1,028782
8,550000	-0,418926	-1,007748
8,560000	-0,403151	-0,991972
8,570000	-0,387377	-0,970938
8,580000	-0,366344	-0,955162
8,590000	-0,340053	-0,934128
8,600000	-0,324279	-0,913094
8,610000	-0,297988	-0,886801
8,620000	-0,276955	-0,865767
8,630000	-0,255923	-0,839474
8,640000	-0,229632	-0,818440
8,650000	-0,203341	-0,792147
8,660000	-0,177050	-0,765854
8,670000	-0,150759	-0,739561
8,680000	-0,129727	-0,713269
8,690000	-0,098178	-0,681717
8,700000	-0,071887	-0,660683
8,710000	-0,040338	-0,634390
8,720000	-0,014047	-0,608097
8,730000	0,017502	-0,581805
8,740000	0,043793	-0,550253
8,750000	0,070083	-0,523960
8,760000	0,101632	-0,492409
8,770000	0,127923	-0,460858
8,780000	0,164730	-0,434565
8,790000	0,191021	-0,403013
8,800000	0,217312	-0,371462
8,810000	0,248861	-0,339911
8,820000	0,280410	-0,313618
8,830000	0,306701	-0,282066
8,840000	0,338250	-0,255774
8,850000	0,364540	-0,224222
8,860000	0,396089	-0,197929
8,870000	0,427638	-0,166378
8,880000	0,453929	-0,140085
8,890000	0,480220	-0,108534
8,900000	0,506511	-0,087500
8,910000	0,532802	-0,055948
8,920000	0,564351	-0,029655
8,930000	0,585383	0,001896
8,940000	0,616932	0,028189
8,950000	0,643223	0,059740
8,960000	0,664256	0,086033
8,970000	0,695805	0,117584
8,980000	0,716837	0,138619
8,990000	0,743128	0,164911
9,000000	0,769419	0,191204
9,010000	0,790451	0,217497
9,020000	0,811484	0,243790
9,030000	0,832517	0,264824
9,040000	0,848291	0,291117
9,050000	0,874582	0,306893
9,060000	0,895615	0,327927
9,070000	0,911389	0,348961
9,080000	0,927164	0,364737
9,090000	0,942938	0,385771
9,100000	0,958713	0,401547
9,110000	0,974487	0,417322
9,120000	0,990262	0,433098
9,130000	1,000778	0,448874
9,140000	1,011294	0,459391
9,150000	1,021811	0,469908
9,160000	1,032327	0,480425
9,170000	1,042843	0,490942
9,180000	1,053360	0,501459
9,190000	1,058618	0,506718
9,200000	1,069134	0,511976
9,210000	1,069134	0,517235
9,220000	1,074392	0,517235
9,230000	1,084909	0,527752
9,240000	1,084909	0,527752
9,250000	1,084909	0,533011
9,260000	1,084909	0,527752
9,270000	1,084909	0,533011
9,280000	1,090167	0,533011
9,290000	1,084909	0,533011
9,300000	1,079650	0,527752
9,310000	1,074392	0,527752
9,320000	1,074392	0,522494
9,330000	1,063876	0,517235
9,340000	1,058618	0,511976
9,350000	1,048101	0,496201
9,360000	1,042843	0,490942
9,370000	1,032327	0,480425
9,380000	1,016552	0,469908
9,390000	1,006036	0,459391
9,400000	0,990262	0,443615
9,410000	0,974487	0,427839
9,420000	0,963971	0,417322
9,430000	0,942938	0,401547
9,440000	0,932422	0,385771
9,450000	0,911389	0,364737
9,460000	0,895615	0,348961
9,470000	0,874582	0,327927
9,480000	0,858808	0,306893
9,490000	0,832517	0,291117
9,500000	0,816742	0,270083
9,510000	0,795710	0,243790
9,520000	0,769419	0,222756
9,530000	0,748386	0,201721
9,540000	0,722095	0,175428
9,550000	0,695805	0,149136
9,560000	0,669514	0,122843
9,570000	0,643223	0,101809
9,580000	0,616932	0,075516
9,590000	0,590641	0,049223
9,600000	0,564351	0,017672
9,610000	0,538060	-0,013880
9,620000	0,511769	-0,040173
9,630000	0,480220	-0,071724
9,640000	0,453929	-0,098017
9,650000	0,427638	-0,129568
9,660000	0,396089	-0,161120
9,670000	0,369799	-0,187412
9,680000	0,338250	-0,218964
9,690000	0,311959	-0,245257
9,700000	0,280410	-0,276808
9,710000	0,254119	-0,303101
9,720000	0,222570	-0,329394
9,730000	0,196279	-0,360945
9,740000	0,164730	-0,392496
9,750000	0,138439	-0,418789
9,760000	0,106890	-0,445082
9,770000	0,075342	-0,476633
9,780000	0,049051	-0,508185
9,790000	0,017502	-0,534477
9,800000	-0,008789	-0,566029
9,810000	-0,035080	-0,592322
9,820000	-0,066629	-0,618614
9,830000	-0,087661	-0,650166
9,840000	-0,119210	-0,676459
9,850000	-0,145501	-0,708010
9,860000	-0,171792	-0,734303
9,870000	-0,198083	-0,760596
9,880000	-0,219116	-0,786888
9,890000	-0,245406	-0,807923
9,900000	-0,266439	-0,839474
9,910000	-0,292730	-0,860508
9,920000	-0,313762	-0,881543
9,930000	-0,334795	-0,902577
9,940000	-0,355828	-0,923611
9,950000	-0,371602	-0,944645
9,960000	-0,397893	-0,965680
9,970000	-0,413668	-0,986714
9,980000	-0,429442	-1,002490
9,990000	-0,445216	-1,023524
10,000000	-0,460991	-1,039299
10,010000	-0,476765	-1,055075
10,020000	-0,492540	-1,070851
10,030000	-0,503056	-1,086627
10,040000	-0,518831	-1,097144
10,050000	-0,534605	-1,112919
10,060000	-0,539863	-1,123436
10,070000	-0,555638	-1,133954
10,080000	-0,566154	-1,144471
10,090000	-0,571412	-1,154988
10,100000	-0,576671	-1,165505
10,110000	-0,587187	-1,170764
10,120000	-0,587187	-1,176022
10,130000	-0,597703	-1,181281
10,140000	-0,597703	-1,186539
10,150000	-0,602961	-1,191798
10,160000	-0,602961	-1,197056
10,170000	-0,602961	-1,191798
10,180000	-0,602961	-1,197056
10,190000	-0,597703	-1,197056
10,200000	-0,597703	-1,197056
10,210000	-0,597703	-1,191798
10,220000	-0,592445	-1,186539
10,230000	-0,587187	-1,186539
10,240000	-0,581929	-1,176022
10,250000	-0,571412	-1,170764
10,260000	-0,566154	-1,160246
10,270000	-0,555638	-1,154988
10,280000	-0,550380	-1,149729
10,290000	-0,539863	-1,133954
10,300000	-0,524089	-1,123436
10,310000	-0,513573	-1,112919
10,320000	-0,497798	-1,097144
10,330000	-0,487282	-1,081368
10,340000	-0,471507	-1,065592
10,350000	-0,455733	-1,044558
10,360000	-0,439958	-1,028782
10,370000	-0,418926	-1,013007
10,380000	-0,397893	-0,991972
10,390000	-0,382119	-0,970938
10,400000	-0,361086	-0,955162
10,410000	-0,340053	-0,934128
10,420000	-0,319021	-0,913094
10,430000	-0,297988	-0,892060
10,440000	-0,271697	-0,865767
10,450000	-0,250664	-0,844733
10,460000	-0,224374	-0,818440
10,470000	-0,198083	-0,797406
10,480000	-0,177050	-0,771113
10,490000	-0,150759	-0,744820
10,500000	-0,124469	-0,718527
10,510000	-0,098178	-0,686976
10,520000	-0,077145	-0,660683
10,530000	-0,045596	-0,634390
10,540000	-0,019305	-0,602839
10,550000	0,012244	-0,576546
10,560000	0,038534	-0,550253
10,570000	0,064825	-0,518702
10,580000	0,096374	-0,487150
10,590000	0,122665	-0,460858
10,600000	0,154214	-0,429306
10,610000	0,185763	-0,397755
10,620000	0,212054	-0,371462
10,630000	0,238345	-0,334652
10,640000	0,269894	-0,308359
10,650000	0,296184	-0,276808
10,660000	0,322475	-0,245257
10,670000	0,354024	-0,208447
10,680000	0,380315	-0,182154
10,690000	0,411864	-0,155861
10,700000	0,438155	-0,129568
10,710000	0,469704	-0,098017
10,720000	0,495994	-0,071724
10,730000	0,522285	-0,040173
10,740000	0,553834	-0,013880
10,750000	0,580125	0,012413
10,760000	0,606416	0,043964
10,770000	0,632707	0,070257
10,780000	0,653739	0,091291
10,790000	0,680030	0,117584
10,800000	0,706321	0,138619
10,810000	0,732612	0,164911
10,820000	0,753644	0,191204
10,830000	0,774677	0,217497
10,840000	0,795710	0,238531
10,850000	0,816742	0,264824
10,860000	0,837775	0,291117
10,870000	0,864066	0,312151
10,880000	0,879840	0,333185
10,890000	0,895615	0,354220
10,900000	0,916647	0,369995
10,910000	0,932422	0,385771
10,920000	0,953455	0,401547
10,930000	0,963971	0,417322
10,940000	0,979745	0,433098
10,950000	0,995520	0,448874
10,960000	1,006036	0,459391
10,970000	1,016552	0,475167
10,980000	1,027069	0,485684
10,990000	1,037585	0,490942
11,000000	1,042843	0,501459
11,010000	1,053360	0,511976
11,020000	1,058618	0,517235
11,030000	1,063876	0,527752
11,040000	1,069134	0,527752
11,050000	1,074392	0,533011
11,060000	1,079650	0,538269
11,070000	1,079650	0,538269
11,080000	1,079650	0,538269
11,090000	1,084909	0,543528
11,100000	1,079650	0,538269
11,110000	1,079650	0,538269
11,120000	1,074392	0,533011
11,130000	1,074392	0,533011
11,140000	1,069134	0,527752
11,150000	1,063876	0,522494
11,160000	1,058618	0,517235
11,170000	1,048101	0,506718
11,180000	1,037585	0,496201
11,190000	1,032327	0,485684
11,200000	1,021811	0,469908
11,210000	1,011294	0,459391
11,220000	0,995520	0,443615
11,230000	0,979745	0,433098
11,240000	0,969229	0,417322
11,250000	0,953455	0,401547
11,260000	0,937680	0,385771
11,270000	0,916647	0,369995
11,280000	0,900873	0,354220
11,290000	0,879840	0,333185
11,300000	0,864066	0,317410
11,310000	0,837775	0,296375
11,320000	0,822000	0,275341
11,330000	0,795710	0,254307
11,340000	0,779935	0,233273
11,350000	0,753644	0,201721
11,360000	0,732612	0,180687
11,370000	0,706321	0,154394
11,380000	0,685288	0,133360
11,390000	0,658997	0,107067
11,400000	0,632707	0,080774
11,410000	0,611674	0,049223
11,420000	0,580125	0,022930
11,430000	0,553834	-0,013880
11,440000	0,527543	-0,040173
11,450000	0,501253	-0,071724
11,460000	0,474962	-0,098017
11,470000	0,443413	-0,129568
11,480000	0,417122	-0,161120
11,490000	0,385573	-0,187412
11,500000	0,359282	-0,218964
11,510000	0,327733	-0,250515
11,520000	0,301442	-0,276808
11,530000	0,269894	-0,308359
11,540000	0,243603	-0,334652
11,550000	0,212054	-0,366203
11,560000	0,185763	-0,397755
11,570000	0,159472	-0,424048
11,580000	0,127923	-0,455599
11,590000	0,096374	-0,481892
11,600000	0,070083	-0,513443
11,610000	0,043793	-0,539736
11,620000	0,012244	-0,566029
11,630000	-0,014047	-0,597580
11,640000	-0,040338	-0,623873
11,650000	-0,066629	-0,655424
11,660000	-0,092920	-0,681717
11,670000	-0,119210	-0,708010
11,680000	-0,145501	-0,739561
11,690000	-0,171792	-0,760596
11,700000	-0,192825	-0,781630
11,710000	-0,219116	-0,807923
11,720000	-0,240148	-0,828957
11,730000	-0,266439	-0,849991
11,740000	-0,287472	-0,876284
11,750000	-0,308504	-0,897318
11,760000	-0,334795	-0,918353
11,770000	-0,355828	-0,939387
11,780000	-0,376860	-0,955162
11,790000	-0,397893	-0,976197
11,800000	-0,408409	-0,991972
11,810000	-0,424184	-1,013007
11,820000	-0,445216	-1,034041
11,830000	-0,460991	-1,049817
11,840000	-0,476765	-1,065592
11,850000	-0,492540	-1,076109
11,860000	-0,503056	-1,091885
11,870000	-0,518831	-1,102402
11,880000	-0,529347	-1,112919
11,890000	-0,539863	-1,128695
11,900000	-0,550380	-1,133954
11,910000	-0,560896	-1,144471
11,920000	-0,571412	-1,154988
11,930000	-0,576671	-1,160246
11,940000	-0,581929	-1,165505
11,950000	-0,587187	-1,176022
11,960000	-0,597703	-1,176022
11,970000	-0,597703	-1,181281
11,980000	-0,602961	-1,181281
11,990000	-0,602961	-1,186539
12,000000	-0,602961	-1,186539
12,010000	-0,597703	-1,186539
12,020000	-0,597703	-1,186539
12,030000	-0,592445	-1,181281
12,040000	-0,592445	-1,176022
12,050000	-0,587187	-1,170764
12,060000	-0,587187	-1,165505
12,070000	-0,576671	-1,160246
12,080000	-0,571412	-1,154988
12,090000	-0,560896	-1,149729
12,100000	-0,550380	-1,139212
12,110000	-0,539863	-1,128695
12,120000	-0,529347	-1,118178
12,130000	-0,518831	-1,107661
12,140000	-0,508314	-1,091885
12,150000	-0,492540	-1,081368
12,160000	-0,476765	-1,070851
12,170000	-0,460991	-1,049817
12,180000	-0,445216	-1,039299
12,190000	-0,424184	-1,018265
12,200000	-0,408409	-0,997231
12,210000	-0,387377	-0,981455
12,220000	-0,371602	-0,960421
12,230000	-0,350570	-0,939387
12,240000	-0,329537	-0,913094
12,250000	-0,308504	-0,892060
12,260000	-0,287472	-0,871025
12,270000	-0,261181	-0,844733
12,280000	-0,240148	-0,823698
12,290000	-0,213857	-0,792147
12,300000	-0,192825	-0,771113
12,310000	-0,166534	-0,744820
12,320000	-0,140243	-0,718527
12,330000	-0,113952	-0,692234
12,340000	-0,087661	-0,660683
12,350000	-0,061371	-0,634390
12,360000	-0,035080	-0,608097
12,370000	-0,008789	-0,581805
12,380000	0,022760	-0,555512
12,390000	0,054309	-0,523960
12,400000	0,080600	-0,492409
12,410000	0,112149	-0,466116
12,420000	0,138439	-0,439823
12,430000	0,169988	-0,413531
12,440000	0,196279	-0,381979
12,450000	0,227828	-0,355686
12,460000	0,254119	-0,318876
12,470000	0,285668	-0,292584
12,480000	0,311959	-0,261032
12,490000	0,338250	-0,229481
12,500000	0,369799	-0,203188
12,510000	0,401348	-0,166378
12,520000	0,422380	-0,140085
12,530000	0,453929	-0,103275
12,540000	0,485478	-0,076983
12,550000	0,511769	-0,050690
12,560000	0,538060	-0,024397
12,570000	0,564351	0,012413
12,580000	0,590641	0,038706
12,590000	0,616932	0,064999
12,600000	0,643223	0,096550
12,610000	0,669514	0,117584
12,620000	0,695805	0,143877
12,630000	0,716837	0,170170
12,640000	0,737870	0,196463
12,650000	0,764161	0,222756
12,660000	0,790451	0,243790
12,670000	0,811484	0,264824
12,680000	0,832517	0,285858
12,690000	0,853549	0,312151
12,700000	0,869324	0,327927
12,710000	0,890357	0,348961
12,720000	0,906131	0,364737
12,730000	0,927164	0,385771
12,740000	0,942938	0,401547
12,750000	0,958713	0,417322
12,760000	0,969229	0,427839
12,770000	0,985003	0,443615
12,780000	1,000778	0,459391
12,790000	1,011294	0,464649
12,800000	1,021811	0,480425
12,810000	1,032327	0,490942
12,820000	1,042843	0,501459
12,830000	1,053360	0,511976
12,840000	1,063876	0,517235
12,850000	1,069134	0,527752
12,860000	1,074392	0,527752
12,870000	1,074392	0,527752
12,880000	1,079650	0,533011
12,890000	1,079650	0,538269
12,900000	1,084909	0,533011
12,910000	1,084909	0,533011
12,920000	1,084909	0,533011
12,930000	1,084909	0,533011
12,940000	1,079650	0,533011
12,950000	1,079650	0,527752
12,960000	1,074392	0,517235
12,970000	1,069134	0,511976
12,980000	1,058618	0,506718
12,990000	1,053360	0,496201
13,000000	1,042843	0,485684
13,010000	1,037585	0,480425
13,020000	1,027069	0,469908
13,030000	1,016552	0,454132
13,040000	1,000778	0,438357
13,050000	0,990262	0,427839
13,060000	0,974487	0,412064
13,070000	0,958713	0,396288
13,080000	0,948196	0,380512
13,090000	0,927164	0,359478
13,100000	0,911389	0,343702
13,110000	0,895615	0,322668
13,120000	0,874582	0,301634
13,130000	0,853549	0,285858
13,140000	0,832517	0,259565
13,150000	0,811484	0,238531
13,160000	0,790451	0,217497
13,170000	0,769419	0,191204
13,180000	0,743128	0,164911
13,190000	0,716837	0,138619
13,200000	0,690546	0,117584
13,210000	0,669514	0,086033
13,220000	0,637965	0,059740
13,230000	0,611674	0,033447
13,240000	0,590641	0,001896
13,250000	0,564351	-0,029655
13,260000	0,538060	-0,055948
13,270000	0,511769	-0,082241
13,280000	0,480220	-0,113792
13,290000	0,448671	-0,145344
13,300000	0,422380	-0,176895
13,310000	0,396089	-0,203188
13,320000	0,369799	-0,234739
13,330000	0,338250	-0,261032
13,340000	0,306701	-0,292584
13,350000	0,280410	-0,324135
13,360000	0,248861	-0,355686
13,370000	0,222570	-0,381979
13,380000	0,196279	-0,413531
13,390000	0,164730	-0,445082
13,400000	0,138439	-0,471375
13,410000	0,112149	-0,502926
13,420000	0,085858	-0,534477
13,430000	0,054309	-0,560770
13,440000	0,028018	-0,587063
13,450000	0,001727	-0,613356
13,460000	-0,029822	-0,644907
13,470000	-0,056113	-0,671200
13,480000	-0,087661	-0,697493
13,490000	-0,113952	-0,723786
13,500000	-0,140243	-0,750079
13,510000	-0,166534	-0,776371
13,520000	-0,187567	-0,802664
13,530000	-0,213857	-0,828957
13,540000	-0,234890	-0,855250
13,550000	-0,261181	-0,881543
13,560000	-0,287472	-0,897318
13,570000	-0,308504	-0,918353
13,580000	-0,329537	-0,944645
13,590000	-0,350570	-0,960421
13,600000	-0,376860	-0,981455
13,610000	-0,392635	-0,997231
13,620000	-0,413668	-1,018265
13,630000	-0,429442	-1,034041
13,640000	-0,450475	-1,044558
13,650000	-0,460991	-1,065592
13,660000	-0,476765	-1,076109
13,670000	-0,492540	-1,086627
13,680000	-0,508314	-1,102402
13,690000	-0,524089	-1,112919
13,700000	-0,534605	-1,118178
13,710000	-0,545122	-1,128695
13,720000	-0,555638	-1,139212
13,730000	-0,566154	-1,144471
13,740000	-0,576671	-1,154988
13,750000	-0,581929	-1,165505
13,760000	-0,587187	-1,170764
13,770000	-0,592445	-1,170764
13,780000	-0,597703	-1,181281
13,790000	-0,597703	-1,181281
13,800000	-0,602961	-1,181281
13,810000	-0,608219	-1,186539
13,820000	-0,608219	-1,186539
13,830000	-0,608219	-1,186539
13,840000	-0,602961	-1,186539
13,850000	-0,602961	-1,181281
13,860000	-0,597703	-1,176022
13,870000	-0,597703	-1,170764
13,880000	-0,592445	-1,165505
13,890000	-0,581929	-1,154988
13,900000	-0,576671	-1,149729
13,910000	-0,566154	-1,144471
13,920000	-0,560896	-1,133954
13,930000	-0,550380	-1,118178
13,940000	-0,534605	-1,107661
13,950000	-0,529347	-1,097144
13,960000	-0,518831	-1,081368
13,970000	-0,497798	-1,065592
13,980000	-0,487282	-1,049817
13,990000	-0,471507	-1,034041
14,000000	-0,455733	-1,023524
14,010000	-0,439958	-0,997231
14,020000	-0,424184	-0,981455
14,030000	-0,403151	-0,960421
14,040000	-0,382119	-0,944645
14,050000	-0,361086	-0,918353
14,060000	-0,345311	-0,897318
14,070000	-0,324279	-0,876284
14,080000	-0,303246	-0,855250
14,090000	-0,282213	-0,834216
14,100000	-0,255923	-0,807923
14,110000	-0,234890	-0,786888
14,120000	-0,208599	-0,760596
14,130000	-0,182308	-0,734303
14,140000	-0,161276	-0,708010
14,150000	-0,134985	-0,681717
14,160000	-0,108694	-0,650166
14,170000	-0,082403	-0,623873
14,180000	-0,050854	-0,592322
14,190000	-0,024564	-0,566029
14,200000	0,012244	-0,539736
14,210000	0,033276	-0,508185
14,220000	0,064825	-0,476633
14,230000	0,096374	-0,445082
14,240000	0,122665	-0,413531
14,250000	0,154214	-0,387238
14,260000	0,185763	-0,355686
14,270000	0,206796	-0,324135
14,280000	0,238345	-0,297842
14,290000	0,269894	-0,266291
14,300000	0,296184	-0,234739
14,310000	0,327733	-0,208447
14,320000	0,359282	-0,182154
14,330000	0,385573	-0,145344
14,340000	0,411864	-0,119051
14,350000	0,443413	-0,092758
14,360000	0,474962	-0,061207
14,370000	0,501253	-0,034914
14,380000	0,527543	-0,003363
14,390000	0,553834	0,022930
14,400000	0,580125	0,049223
14,410000	0,611674	0,075516
14,420000	0,637965	0,096550
14,430000	0,658997	0,122843
14,440000	0,685288	0,149136
14,450000	0,711579	0,170170
14,460000	0,732612	0,196463
14,470000	0,758903	0,222756
14,480000	0,779935	0,243790
14,490000	0,806226	0,264824
14,500000	0,827259	0,285858
14,510000	0,848291	0,306893
14,520000	0,869324	0,327927
14,530000	0,885098	0,348961
14,540000	0,906131	0,364737
14,550000	0,921906	0,380512
14,560000	0,937680	0,396288
14,570000	0,953455	0,412064
14,580000	0,969229	0,427839
14,590000	0,985003	0,438357
14,600000	1,000778	0,454132
14,610000	1,006036	0,464649
14,620000	1,021811	0,475167
14,630000	1,032327	0,485684
14,640000	1,042843	0,496201
14,650000	1,053360	0,506718
14,660000	1,063876	0,511976
14,670000	1,063876	0,522494
14,680000	1,074392	0,522494
14,690000	1,074392	0,522494
14,700000	1,079650	0,527752
14,710000	1,079650	0,533011
14,720000	1,084909	0,533011
14,730000	1,090167	0,538269
14,740000	1,084909	0,533011
14,750000	1,084909	0,527752
14,760000	1,084909	0,527752
14,770000	1,084909	0,522494
14,780000	1,074392	0,511976
14,790000	1,069134	0,506718
14,800000	1,069134	0,496201
14,810000	1,058618	0,490942
14,820000	1,048101	0,480425
14,830000	1,042843	0,469908
14,840000	1,032327	0,464649
14,850000	1,021811	0,448874
14,860000	1,011294	0,438357
14,870000	0,995520	0,422581
14,880000	0,979745	0,406805
14,890000	0,969229	0,391030
14,900000	0,953455	0,369995
14,910000	0,937680	0,354220
14,920000	0,921906	0,333185
14,930000	0,900873	0,317410
14,940000	0,879840	0,296375
14,950000	0,864066	0,275341
14,960000	0,843033	0,254307
14,970000	0,822000	0,233273
14,980000	0,800968	0,212238
14,990000	0,774677	0,191204
15,000000	0,753644	0,164911
15,010000	0,732612	0,138619
15,020000	0,706321	0,112326
15,030000	0,680030	0,091291
15,040000	0,653739	0,064999
15,050000	0,627448	0,043964
15,060000	0,601158	0,012413
15,070000	0,574867	-0,019138
15,080000	0,548576	-0,045431
15,090000	0,522285	-0,071724
15,100000	0,490736	-0,098017
15,110000	0,459187	-0,129568
15,120000	0,432897	-0,155861
15,130000	0,406606	-0,187412
15,140000	0,380315	-0,218964
15,150000	0,348766	-0,245257
15,160000	0,317217	-0,276808
15,170000	0,290926	-0,303101
15,180000	0,259377	-0,334652
15,190000	0,227828	-0,366203
15,200000	0,201537	-0,397755
15,210000	0,175247	-0,424048
15,220000	0,143698	-0,455599
15,230000	0,112149	-0,481892
15,240000	0,085858	-0,508185
15,250000	0,059567	-0,539736
15,260000	0,028018	-0,571287
15,270000	0,001727	-0,602839
15,280000	-0,029822	-0,623873
15,290000	-0,056113	-0,655424
15,300000	-0,082403	-0,686976
15,310000	-0,113952	-0,713269
15,320000	-0,134985	-0,734303
15,330000	-0,161276	-0,760596
15,340000	-0,192825	-0,786888
15,350000	-0,213857	-0,813181
15,360000	-0,240148	-0,834216
15,370000	-0,261181	-0,855250
15,380000	-0,287472	-0,881543
15,390000	-0,308504	-0,897318
15,400000	-0,329537	-0,918353
15,410000	-0,350570	-0,939387
15,420000	-0,371602	-0,960421
15,430000	-0,392635	-0,981455
15,440000	-0,413668	-0,997231
15,450000	-0,429442	-1,013007
15,460000	-0,445216	-1,034041
15,470000	-0,460991	-1,044558
15,480000	-0,482024	-1,060334
15,490000	-0,497798	-1,076109
15,500000	-0,508314	-1,091885
15,510000	-0,524089	-1,102402
15,520000	-0,534605	-1,112919
15,530000	-0,545122	-1,123436
15,540000	-0,560896	-1,133954
15,550000	-0,566154	-1,139212
15,560000	-0,576671	-1,149729
15,570000	-0,587187	-1,154988
15,580000	-0,592445	-1,160246
15,590000	-0,602961	-1,165505
15,600000	-0,602961	-1,170764
15,610000	-0,608219	-1,165505
15,620000	-0,613478	-1,176022
15,630000	-0,613478	-1,181281
15,640000	-0,613478	-1,176022
15,650000	-0,613478	-1,176022
15,660000	-0,608219	-1,176022
15,670000	-0,608219	-1,170764
15,680000	-0,608219	-1,165505
15,690000	-0,602961	-1,160246
15,700000	-0,597703	-1,154988
15,710000	-0,587187	-1,149729
15,720000	-0,581929	-1,139212
15,730000	-0,576671	-1,128695
15,740000	-0,566154	-1,118178
15,750000	-0,555638	-1,112919
15,760000	-0,545122	-1,102402
15,770000	-0,534605	-1,086627
15,780000	-0,524089	-1,076109
15,790000	-0,508314	-1,060334
15,800000	-0,492540	-1,044558
15,810000	-0,482024	-1,028782
15,820000	-0,460991	-1,013007
15,830000	-0,445216	-0,997231
15,840000	-0,429442	-0,976197
15,850000	-0,408409	-0,955162
15,860000	-0,392635	-0,934128
15,870000	-0,371602	-0,918353
15,880000	-0,350570	-0,892060
15,890000	-0,329537	-0,871025
15,900000	-0,308504	-0,849991
15,910000	-0,282213	-0,823698
15,920000	-0,261181	-0,802664
15,930000	-0,240148	-0,781630
15,940000	-0,213857	-0,755337
15,950000	-0,187567	-0,729044
15,960000	-0,161276	-0,708010
15,970000	-0,140243	-0,681717
15,980000	-0,108694	-0,650166
15,990000	-0,082403	-0,623873
16,000000	-0,056113	-0,597580
16,010000	-0,029822	-0,571287
16,020000	0,006985	-0,544995
16,030000	0,033276	-0,518702
16,040000	0,059567	-0,487150
16,050000	0,091116	-0,460858
16,060000	0,122665	-0,429306
16,070000	0,148956	-0,397755
16,080000	0,175247	-0,366203
16,090000	0,206796	-0,334652
16,100000	0,238345	-0,308359
16,110000	0,269894	-0,276808
16,120000	0,296184	-0,250515
16,130000	0,327733	-0,218964
16,140000	0,354024	-0,192671
16,150000	0,385573	-0,161120
16,160000	0,411864	-0,129568
16,170000	0,443413	-0,103275
16,180000	0,469704	-0,071724
16,190000	0,495994	-0,045431
16,200000	0,522285	-0,013880
16,210000	0,553834	0,012413
16,220000	0,580125	0,043964
16,230000	0,606416	0,070257
16,240000	0,632707	0,091291
16,250000	0,658997	0,117584
16,260000	0,685288	0,143877
16,270000	0,711579	0,164911
16,280000	0,737870	0,191204
16,290000	0,764161	0,212238
16,300000	0,785193	0,233273
16,310000	0,811484	0,254307
16,320000	0,832517	0,275341
16,330000	0,853549	0,291117
16,340000	0,874582	0,312151
16,350000	0,895615	0,327927
16,360000	0,911389	0,343702
16,370000	0,932422	0,354220
16,380000	0,948196	0,375254
16,390000	0,963971	0,391030
16,400000	0,985003	0,401547
16,410000	0,995520	0,417322
16,420000	1,011294	0,433098
16,430000	1,021811	0,443615
16,440000	1,032327	0,454132
16,450000	1,042843	0,469908
16,460000	1,058618	0,475167
16,470000	1,063876	0,485684
16,480000	1,074392	0,490942
16,490000	1,079650	0,496201
16,500000	1,084909	0,501459
16,510000	1,090167	0,506718
16,520000	1,095425	0,506718
16,530000	1,100683	0,511976
16,540000	1,100683	0,511976
16,550000	1,100683	0,511976
16,560000	1,100683	0,511976
16,570000	1,100683	0,511976
16,580000	1,095425	0,506718
16,590000	1,095425	0,506718
16,600000	1,090167	0,501459
16,610000	1,084909	0,496201
16,620000	1,079650	0,485684
16,630000	1,069134	0,480425
16,640000	1,063876	0,469908
16,650000	1,053360	0,459391
16,660000	1,042843	0,448874
16,670000	1,032327	0,438357
16,680000	1,021811	0,422581
16,690000	1,006036	0,406805
16,700000	0,995520	0,396288
16,710000	0,974487	0,380512
16,720000	0,958713	0,359478
16,730000	0,942938	0,348961
16,740000	0,927164	0,333185
16,750000	0,911389	0,312151
16,760000	0,890357	0,291117
16,770000	0,869324	0,275341
16,780000	0,848291	0,254307
16,790000	0,827259	0,233273
16,800000	0,806226	0,206980
16,810000	0,779935	0,185946
16,820000	0,758903	0,164911
16,830000	0,737870	0,138619
16,840000	0,706321	0,112326
16,850000	0,685288	0,086033
16,860000	0,658997	0,059740
16,870000	0,632707	0,028189
16,880000	0,606416	0,001896
16,890000	0,574867	-0,024397
16,900000	0,548576	-0,055948
16,910000	0,522285	-0,076983
16,920000	0,495994	-0,108534
16,930000	0,469704	-0,140085
16,940000	0,438155	-0,166378
16,950000	0,411864	-0,197929
16,960000	0,380315	-0,229481
16,970000	0,354024	-0,255774
16,980000	0,322475	-0,287325
16,990000	0,290926	-0,318876
17,000000	0,259377	-0,345169
17,010000	0,233086	-0,376721
17,020000	0,201537	-0,403013
17,030000	0,169988	-0,429306
17,040000	0,143698	-0,460858
17,050000	0,112149	-0,487150
17,060000	0,080600	-0,518702
17,070000	0,049051	-0,544995
17,080000	0,022760	-0,576546
17,090000	-0,008789	-0,597580
17,100000	-0,035080	-0,623873
17,110000	-0,066629	-0,650166
17,120000	-0,092920	-0,676459
17,130000	-0,119210	-0,702751
17,140000	-0,140243	-0,723786
17,150000	-0,166534	-0,750079
17,160000	-0,192825	-0,776371
17,170000	-0,219116	-0,802664
17,180000	-0,245406	-0,828957
17,190000	-0,266439	-0,849991
17,200000	-0,292730	-0,871025
17,210000	-0,319021	-0,897318
17,220000	-0,340053	-0,913094
17,230000	-0,361086	-0,934128
17,240000	-0,382119	-0,955162
17,250000	-0,403151	-0,976197
17,260000	-0,424184	-0,991972
17,270000	-0,439958	-1,007748
17,280000	-0,455733	-1,023524
17,290000	-0,476765	-1,034041
17,300000	-0,492540	-1,049817
17,310000	-0,503056	-1,060334
17,320000	-0,518831	-1,076109
17,330000	-0,534605	-1,086627
17,340000	-0,550380	-1,102402
17,350000	-0,555638	-1,112919
17,360000	-0,566154	-1,123436
17,370000	-0,576671	-1,133954
17,380000	-0,587187	-1,139212
17,390000	-0,592445	-1,149729
17,400000	-0,602961	-1,154988
17,410000	-0,613478	-1,160246
17,420000	-0,613478	-1,165505
17,430000	-0,618736	-1,165505
17,440000	-0,618736	-1,170764
17,450000	-0,623994	-1,170764
17,460000	-0,629252	-1,170764
17,470000	-0,629252	-1,170764
17,480000	-0,629252	-1,170764
17,490000	-0,629252	-1,160246
17,500000	-0,623994	-1,160246
17,510000	-0,613478	-1,154988
17,520000	-0,613478	-1,154988
17,530000	-0,602961	-1,144471
17,540000	-0,597703	-1,139212
17,550000	-0,587187	-1,128695
17,560000	-0,576671	-1,118178
17,570000	-0,571412	-1,107661
17,580000	-0,555638	-1,102402
17,590000	-0,545122	-1,086627
17,600000	-0,534605	-1,076109
17,610000	-0,518831	-1,065592
17,620000	-0,503056	-1,044558
17,630000	-0,487282	-1,028782
17,640000	-0,471507	-1,013007
17,650000	-0,450475	-0,991972
17,660000	-0,434700	-0,981455
17,670000	-0,413668	-0,960421
17,680000	-0,397893	-0,939387
17,690000	-0,376860	-0,923611
17,700000	-0,355828	-0,897318
17,710000	-0,329537	-0,876284
17,720000	-0,313762	-0,855250
17,730000	-0,287472	-0,834216
17,740000	-0,266439	-0,807923
17,750000	-0,234890	-0,786888
17,760000	-0,213857	-0,765854
17,770000	-0,187567	-0,739561
17,780000	-0,161276	-0,708010
17,790000	-0,134985	-0,686976
17,800000	-0,108694	-0,655424
17,810000	-0,082403	-0,629132
17,820000	-0,050854	-0,602839
17,830000	-0,024564	-0,576546
17,840000	0,006985	-0,544995
17,850000	0,038534	-0,518702
17,860000	0,064825	-0,492409
17,870000	0,096374	-0,460858
17,880000	0,127923	-0,434565
17,890000	0,154214	-0,397755
17,900000	0,185763	-0,376721
17,910000	0,212054	-0,345169
17,920000	0,243603	-0,318876
17,930000	0,275152	-0,287325
17,940000	0,301442	-0,255774
17,950000	0,332991	-0,229481
17,960000	0,364540	-0,197929
17,970000	0,390831	-0,171637
17,980000	0,422380	-0,140085
17,990000	0,448671	-0,113792
18,000000	0,480220	-0,082241
18,010000	0,506511	-0,055948
18,020000	0,538060	-0,024397
18,030000	0,559092	0,001896
18,040000	0,590641	0,028189
18,050000	0,616932	0,054482
18,060000	0,648481	0,080774
18,070000	0,674772	0,101809
18,080000	0,701063	0,128101
18,090000	0,727354	0,149136
18,100000	0,748386	0,170170
18,110000	0,769419	0,196463
18,120000	0,795710	0,217497
18,130000	0,816742	0,243790
18,140000	0,843033	0,259565
18,150000	0,864066	0,280600
18,160000	0,885098	0,296375
18,170000	0,906131	0,317410
18,180000	0,921906	0,338444
18,190000	0,942938	0,354220
18,200000	0,958713	0,369995
18,210000	0,974487	0,385771
18,220000	0,990262	0,401547
18,230000	1,006036	0,417322
18,240000	1,021811	0,427839
18,250000	1,032327	0,438357
18,260000	1,042843	0,448874
18,270000	1,053360	0,459391
18,280000	1,063876	0,464649
18,290000	1,069134	0,475167
18,300000	1,079650	0,480425
18,310000	1,084909	0,490942
18,320000	1,090167	0,496201
18,330000	1,095425	0,496201
18,340000	1,100683	0,501459
18,350000	1,105941	0,506718
18,360000	1,105941	0,506718
18,370000	1,105941	0,506718
18,380000	1,105941	0,506718
18,390000	1,105941	0,506718
18,400000	1,105941	0,501459
18,410000	1,100683	0,496201
18,420000	1,095425	0,490942
18,430000	1,090167	0,485684
18,440000	1,090167	0,475167
18,450000	1,079650	0,469908
18,460000	1,069134	0,464649
18,470000	1,063876	0,448874
18,480000	1,053360	0,438357
18,490000	1,042843	0,427839
18,500000	1,027069	0,417322
18,510000	1,016552	0,401547
18,520000	1,000778	0,391030
18,530000	0,990262	0,375254
18,540000	0,969229	0,359478
18,550000	0,948196	0,343702
18,560000	0,932422	0,327927
18,570000	0,916647	0,312151
18,580000	0,895615	0,285858
18,590000	0,874582	0,264824
18,600000	0,853549	0,249048
18,610000	0,832517	0,222756
18,620000	0,811484	0,201721
18,630000	0,785193	0,180687
18,640000	0,758903	0,154394
18,650000	0,737870	0,133360
18,660000	0,711579	0,107067
18,670000	0,685288	0,080774
18,680000	0,658997	0,064999
18,690000	0,632707	0,033447
18,700000	0,601158	0,007154
18,710000	0,580125	-0,019138
18,720000	0,548576	-0,045431
18,730000	0,522285	-0,071724
18,740000	0,495994	-0,098017
18,750000	0,459187	-0,129568
18,760000	0,432897	-0,155861
18,770000	0,401348	-0,182154
18,780000	0,375057	-0,213705
18,790000	0,348766	-0,239998
18,800000	0,317217	-0,271549
18,810000	0,285668	-0,297842
18,820000	0,254119	-0,329394
18,830000	0,222570	-0,355686
18,840000	0,196279	-0,387238
18,850000	0,164730	-0,413531
18,860000	0,138439	-0,439823
18,870000	0,106890	-0,466116
18,880000	0,080600	-0,497668
18,890000	0,049051	-0,523960
18,900000	0,022760	-0,550253
18,910000	-0,008789	-0,581805
18,920000	-0,040338	-0,608097
18,930000	-0,066629	-0,634390
18,940000	-0,098178	-0,660683
18,950000	-0,124469	-0,686976
18,960000	-0,150759	-0,713269
18,970000	-0,177050	-0,739561
18,980000	-0,203341	-0,765854
18,990000	-0,229632	-0,786888
19,000000	-0,250664	-0,807923
19,010000	-0,276955	-0,828957
19,020000	-0,297988	-0,855250
19,030000	-0,324279	-0,876284
19,040000	-0,345311	-0,892060
19,050000	-0,366344	-0,913094
19,060000	-0,387377	-0,934128
19,070000	-0,408409	-0,949904
19,080000	-0,424184	-0,970938
19,090000	-0,445216	-0,986714
19,100000	-0,466249	-1,002490
19,110000	-0,482024	-1,018265
19,120000	-0,497798	-1,034041
19,130000	-0,513573	-1,049817
19,140000	-0,529347	-1,060334
19,150000	-0,539863	-1,076109
19,160000	-0,555638	-1,086627
19,170000	-0,566154	-1,097144
19,180000	-0,576671	-1,107661
19,190000	-0,587187	-1,118178
19,200000	-0,597703	-1,123436
19,210000	-0,602961	-1,133954
19,220000	-0,613478	-1,139212
19,230000	-0,613478	-1,144471
19,240000	-0,618736	-1,149729
19,250000	-0,623994	-1,154988
19,260000	-0,623994	-1,160246
19,270000	-0,623994	-1,160246
19,280000	-0,629252	-1,160246
19,290000	-0,629252	-1,160246
19,300000	-0,623994	-1,160246
19,310000	-0,623994	-1,154988
19,320000	-0,623994	-1,154988
19,330000	-0,618736	-1,149729
19,340000	-0,608219	-1,144471
19,350000	-0,602961	-1,139212
19,360000	-0,597703	-1,133954
19,370000	-0,587187	-1,123436
19,380000	-0,576671	-1,107661
19,390000	-0,566154	-1,097144
19,400000	-0,555638	-1,091885
19,410000	-0,545122	-1,076109
19,420000	-0,529347	-1,065592
19,430000	-0,513573	-1,049817
19,440000	-0,497798	-1,039299
19,450000	-0,487282	-1,023524
19,460000	-0,466249	-1,007748
19,470000	-0,450475	-0,991972
19,480000	-0,429442	-0,976197
19,490000	-0,413668	-0,955162
19,500000	-0,392635	-0,939387
19,510000	-0,366344	-0,918353
19,520000	-0,350570	-0,902577
19,530000	-0,324279	-0,881543
19,540000	-0,303246	-0,860508
19,550000	-0,276955	-0,834216
19,560000	-0,250664	-0,813181
19,570000	-0,229632	-0,792147
19,580000	-0,203341	-0,765854
19,590000	-0,177050	-0,744820
19,600000	-0,150759	-0,718527
19,610000	-0,129727	-0,697493
19,620000	-0,098178	-0,665942
19,630000	-0,071887	-0,644907
19,640000	-0,045596	-0,613356
19,650000	-0,014047	-0,587063
19,660000	0,012244	-0,560770
19,670000	0,043793	-0,529219
19,680000	0,075342	-0,502926
19,690000	0,101632	-0,471375
19,700000	0,133181	-0,445082
19,710000	0,164730	-0,413531
19,720000	0,191021	-0,387238
19,730000	0,222570	-0,355686
19,740000	0,254119	-0,329394
19,750000	0,280410	-0,297842
19,760000	0,311959	-0,266291
19,770000	0,343508	-0,239998
19,780000	0,369799	-0,208447
19,790000	0,396089	-0,187412
19,800000	0,427638	-0,161120
19,810000	0,453929	-0,124310
19,820000	0,485478	-0,098017
19,830000	0,517027	-0,071724
19,840000	0,543318	-0,045431
19,850000	0,574867	-0,019138
19,860000	0,601158	0,007154
19,870000	0,627448	0,038706
19,880000	0,653739	0,064999
19,890000	0,680030	0,086033
19,900000	0,706321	0,112326
19,910000	0,732612	0,138619
19,920000	0,753644	0,164911
19,930000	0,779935	0,185946
19,940000	0,806226	0,212238
19,950000	0,827259	0,233273
19,960000	0,848291	0,259565
19,970000	0,869324	0,275341
19,980000	0,890357	0,296375
19,990000	0,911389	0,317410
