t (s)	U1(V)	U2(V)
0,000000	-0,518831	-1,160246
0,010000	-0,539863	-1,176022
0,020000	-0,550380	-1,186539
0,030000	-0,571412	-1,197056
0,040000	-0,587187	-1,212832
0,050000	-0,597703	-1,223349
0,060000	-0,613478	-1,233866
0,070000	-0,623994	-1,244383
0,080000	-0,629252	-1,254901
0,090000	-0,639768	-1,260159
0,100000	-0,650285	-1,270676
0,110000	-0,655543	-1,275935
0,120000	-0,660801	-1,275935
0,130000	-0,666059	-1,286452
0,140000	-0,671317	-1,291710
0,150000	-0,671317	-1,291710
0,160000	-0,676576	-1,291710
0,170000	-0,671317	-1,291710
0,180000	-0,676576	-1,291710
0,190000	-0,671317	-1,286452
0,200000	-0,666059	-1,286452
0,210000	-0,666059	-1,281193
0,220000	-0,660801	-1,275935
0,230000	-0,655543	-1,270676
0,240000	-0,645027	-1,260159
0,250000	-0,639768	-1,254901
0,260000	-0,629252	-1,244383
0,270000	-0,618736	-1,233866
0,280000	-0,602961	-1,223349
0,290000	-0,587187	-1,212832
0,300000	-0,576671	-1,207573
0,310000	-0,560896	-1,191798
0,320000	-0,545122	-1,176022
0,330000	-0,529347	-1,160246
0,340000	-0,508314	-1,144471
0,350000	-0,492540	-1,123436
0,360000	-0,471507	-1,102402
0,370000	-0,450475	-1,086627
0,380000	-0,429442	-1,065592
0,390000	-0,403151	-1,044558
0,400000	-0,376860	-1,023524
0,410000	-0,355828	-1,002490
0,420000	-0,329537	-0,976197
0,430000	-0,308504	-0,955162
0,440000	-0,282213	-0,928870
0,450000	-0,255923	-0,902577
0,460000	-0,224374	-0,881543
0,470000	-0,198083	-0,855250
0,480000	-0,171792	-0,828957
0,490000	-0,140243	-0,802664
0,500000	-0,108694	-0,776371
0,510000	-0,077145	-0,744820
0,520000	-0,045596	-0,718527
0,530000	-0,014047	-0,692234
0,540000	0,022760	-0,660683
0,550000	0,054309	-0,629132
0,560000	0,080600	-0,602839
0,570000	0,117407	-0,566029
0,580000	0,148956	-0,539736
0,590000	0,180505	-0,508185
0,600000	0,212054	-0,476633
0,610000	0,248861	-0,450340
0,620000	0,280410	-0,418789
0,630000	0,311959	-0,392496
0,640000	0,343508	-0,360945
0,650000	0,380315	-0,334652
0,660000	0,411864	-0,303101
0,670000	0,443413	-0,271549
0,680000	0,474962	-0,245257
0,690000	0,506511	-0,218964
0,700000	0,538060	-0,187412
0,710000	0,574867	-0,155861
0,720000	0,601158	-0,129568
0,730000	0,632707	-0,098017
0,740000	0,664256	-0,066465
0,750000	0,695805	-0,040173
0,760000	0,727354	-0,008621
0,770000	0,758903	0,017672
0,780000	0,785193	0,049223
0,790000	0,811484	0,075516
0,800000	0,837775	0,101809
0,810000	0,869324	0,128101
0,820000	0,890357	0,149136
0,830000	0,916647	0,175428
0,840000	0,942938	0,196463
0,850000	0,963971	0,217497
0,860000	0,990262	0,238531
0,870000	1,011294	0,259565
0,880000	1,032327	0,280600
0,890000	1,058618	0,296375
0,900000	1,074392	0,312151
0,910000	1,090167	0,333185
0,920000	1,111199	0,343702
0,930000	1,126974	0,359478
0,940000	1,137490	0,380512
0,950000	1,153265	0,391030
0,960000	1,169039	0,406805
0,970000	1,179555	0,417322
0,980000	1,190072	0,427839
0,990000	1,200588	0,438357
1,000000	1,211104	0,448874
1,010000	1,216363	0,454132
1,020000	1,221621	0,464649
1,030000	1,221621	0,475167
1,040000	1,226879	0,480425
1,050000	1,232137	0,485684
1,060000	1,232137	0,490942
1,070000	1,232137	0,496201
1,080000	1,232137	0,496201
1,090000	1,226879	0,501459
1,100000	1,226879	0,501459
1,110000	1,221621	0,501459
1,120000	1,216363	0,501459
1,130000	1,211104	0,496201
1,140000	1,205846	0,490942
1,150000	1,195330	0,490942
1,160000	1,184814	0,480425
1,170000	1,174297	0,475167
1,180000	1,163781	0,464649
1,190000	1,153265	0,454132
1,200000	1,137490	0,443615
1,210000	1,121716	0,427839
1,220000	1,105941	0,417322
1,230000	1,090167	0,401547
1,240000	1,074392	0,385771
1,250000	1,053360	0,369995
1,260000	1,037585	0,348961
1,270000	1,011294	0,333185
1,280000	0,990262	0,312151
1,290000	0,969229	0,291117
1,300000	0,948196	0,270083
1,310000	0,921906	0,249048
1,320000	0,895615	0,228014
1,330000	0,874582	0,201721
1,340000	0,848291	0,180687
1,350000	0,816742	0,154394
1,360000	0,790451	0,122843
1,370000	0,764161	0,096550
1,380000	0,737870	0,070257
1,390000	0,706321	0,043964
1,400000	0,674772	0,017672
1,410000	0,643223	-0,013880
1,420000	0,616932	-0,045431
1,430000	0,585383	-0,071724
1,440000	0,548576	-0,103275
1,450000	0,522285	-0,129568
1,460000	0,485478	-0,161120
1,470000	0,459187	-0,192671
1,480000	0,427638	-0,218964
1,490000	0,390831	-0,245257
1,500000	0,359282	-0,276808
1,510000	0,327733	-0,313618
1,520000	0,296184	-0,345169
1,530000	0,259377	-0,376721
1,540000	0,227828	-0,408272
1,550000	0,196279	-0,439823
1,560000	0,164730	-0,471375
1,570000	0,133181	-0,497668
1,580000	0,101632	-0,534477
1,590000	0,070083	-0,566029
1,600000	0,038534	-0,597580
1,610000	0,006985	-0,629132
1,620000	-0,024564	-0,655424
1,630000	-0,056113	-0,692234
1,640000	-0,082403	-0,718527
1,650000	-0,113952	-0,744820
1,660000	-0,140243	-0,776371
1,670000	-0,171792	-0,802664
1,680000	-0,198083	-0,828957
1,690000	-0,224374	-0,860508
1,700000	-0,250664	-0,886801
1,710000	-0,276955	-0,913094
1,720000	-0,303246	-0,934128
1,730000	-0,324279	-0,960421
1,740000	-0,350570	-0,986714
1,750000	-0,371602	-1,007748
1,760000	-0,397893	-1,034041
1,770000	-0,418926	-1,055075
1,780000	-0,439958	-1,081368
1,790000	-0,460991	-1,102402
1,800000	-0,476765	-1,123436
1,810000	-0,492540	-1,139212
1,820000	-0,513573	-1,160246
1,830000	-0,529347	-1,176022
1,840000	-0,545122	-1,191798
1,850000	-0,560896	-1,207573
1,860000	-0,571412	-1,223349
1,870000	-0,587187	-1,233866
1,880000	-0,597703	-1,244383
1,890000	-0,608219	-1,260159
1,900000	-0,618736	-1,265418
1,910000	-0,623994	-1,281193
1,920000	-0,634510	-1,286452
1,930000	-0,639768	-1,296969
1,940000	-0,639768	-1,302228
1,950000	-0,639768	-1,312745
1,960000	-0,645027	-1,318003
1,970000	-0,650285	-1,318003
1,980000	-0,650285	-1,323262
1,990000	-0,645027	-1,323262
2,000000	-0,645027	-1,323262
2,010000	-0,639768	-1,323262
2,020000	-0,639768	-1,323262
2,030000	-0,634510	-1,323262
2,040000	-0,623994	-1,312745
2,050000	-0,618736	-1,312745
2,060000	-0,613478	-1,302228
2,070000	-0,602961	-1,291710
2,080000	-0,592445	-1,281193
2,090000	-0,581929	-1,275935
2,100000	-0,566154	-1,265418
2,110000	-0,555638	-1,254901
2,120000	-0,539863	-1,244383
2,130000	-0,529347	-1,228608
2,140000	-0,508314	-1,212832
2,150000	-0,492540	-1,202315
2,160000	-0,471507	-1,186539
2,170000	-0,455733	-1,170764
2,180000	-0,434700	-1,154988
2,190000	-0,418926	-1,139212
2,200000	-0,392635	-1,118178
2,210000	-0,371602	-1,102402
2,220000	-0,350570	-1,081368
2,230000	-0,324279	-1,060334
2,240000	-0,297988	-1,039299
2,250000	-0,276955	-1,013007
2,260000	-0,255923	-0,986714
2,270000	-0,229632	-0,960421
2,280000	-0,203341	-0,934128
2,290000	-0,177050	-0,907835
2,300000	-0,145501	-0,881543
2,310000	-0,119210	-0,855250
2,320000	-0,092920	-0,828957
2,330000	-0,061371	-0,797406
2,340000	-0,029822	-0,771113
2,350000	0,001727	-0,739561
2,360000	0,033276	-0,708010
2,370000	0,064825	-0,676459
2,380000	0,091116	-0,639649
2,390000	0,122665	-0,613356
2,400000	0,159472	-0,581805
2,410000	0,185763	-0,555512
2,420000	0,217312	-0,518702
2,430000	0,254119	-0,487150
2,440000	0,280410	-0,455599
2,450000	0,317217	-0,418789
2,460000	0,343508	-0,392496
2,470000	0,375057	-0,360945
2,480000	0,406606	-0,329394
2,490000	0,438155	-0,292584
2,500000	0,469704	-0,266291
2,510000	0,501253	-0,229481
2,520000	0,532802	-0,203188
2,530000	0,559092	-0,171637
2,540000	0,590641	-0,140085
2,550000	0,622190	-0,108534
2,560000	0,648481	-0,076983
2,570000	0,680030	-0,050690
2,580000	0,706321	-0,013880
2,590000	0,732612	0,017672
2,600000	0,758903	0,043964
2,610000	0,785193	0,075516
2,620000	0,811484	0,107067
2,630000	0,832517	0,133360
2,640000	0,864066	0,159653
2,650000	0,885098	0,185946
2,660000	0,911389	0,206980
2,670000	0,932422	0,228014
2,680000	0,953455	0,254307
2,690000	0,974487	0,275341
2,700000	0,995520	0,301634
2,710000	1,011294	0,317410
2,720000	1,032327	0,338444
2,730000	1,048101	0,359478
2,740000	1,063876	0,380512
2,750000	1,079650	0,391030
2,760000	1,095425	0,412064
2,770000	1,111199	0,427839
2,780000	1,116458	0,443615
2,790000	1,132232	0,459391
2,800000	1,142748	0,469908
2,810000	1,153265	0,485684
2,820000	1,158523	0,496201
2,830000	1,169039	0,501459
2,840000	1,174297	0,511976
2,850000	1,179555	0,517235
2,860000	1,184814	0,522494
2,870000	1,184814	0,527752
2,880000	1,184814	0,527752
2,890000	1,190072	0,533011
2,900000	1,184814	0,533011
2,910000	1,184814	0,533011
2,920000	1,179555	0,533011
2,930000	1,179555	0,533011
2,940000	1,174297	0,527752
2,950000	1,169039	0,527752
2,960000	1,163781	0,522494
2,970000	1,153265	0,511976
2,980000	1,142748	0,506718
2,990000	1,132232	0,496201
3,000000	1,126974	0,485684
3,010000	1,111199	0,469908
3,020000	1,100683	0,464649
3,030000	1,090167	0,448874
3,040000	1,074392	0,433098
3,050000	1,058618	0,417322
3,060000	1,042843	0,401547
3,070000	1,021811	0,385771
3,080000	1,006036	0,364737
3,090000	0,990262	0,343702
3,100000	0,969229	0,333185
3,110000	0,948196	0,306893
3,120000	0,927164	0,285858
3,130000	0,906131	0,264824
3,140000	0,885098	0,238531
3,150000	0,858808	0,212238
3,160000	0,832517	0,185946
3,170000	0,811484	0,164911
3,180000	0,785193	0,138619
3,190000	0,758903	0,112326
3,200000	0,732612	0,086033
3,210000	0,706321	0,059740
3,220000	0,674772	0,028189
3,230000	0,648481	0,001896
3,240000	0,622190	-0,029655
3,250000	0,585383	-0,061207
3,260000	0,559092	-0,087500
3,270000	0,527543	-0,119051
3,280000	0,501253	-0,150602
3,290000	0,469704	-0,187412
3,300000	0,438155	-0,213705
3,310000	0,406606	-0,250515
3,320000	0,375057	-0,282066
3,330000	0,343508	-0,313618
3,340000	0,311959	-0,345169
3,350000	0,285668	-0,376721
3,360000	0,248861	-0,408272
3,370000	0,217312	-0,439823
3,380000	0,185763	-0,471375
3,390000	0,154214	-0,497668
3,400000	0,127923	-0,529219
3,410000	0,096374	-0,560770
3,420000	0,064825	-0,592322
3,430000	0,033276	-0,623873
3,440000	0,001727	-0,655424
3,450000	-0,029822	-0,686976
3,460000	-0,056113	-0,713269
3,470000	-0,087661	-0,744820
3,480000	-0,113952	-0,776371
3,490000	-0,140243	-0,807923
3,500000	-0,166534	-0,834216
3,510000	-0,192825	-0,865767
3,520000	-0,219116	-0,892060
3,530000	-0,245406	-0,918353
3,540000	-0,266439	-0,949904
3,550000	-0,292730	-0,976197
3,560000	-0,313762	-1,002490
3,570000	-0,340053	-1,023524
3,580000	-0,355828	-1,049817
3,590000	-0,382119	-1,076109
3,600000	-0,397893	-1,097144
3,610000	-0,418926	-1,118178
3,620000	-0,439958	-1,139212
3,630000	-0,455733	-1,154988
3,640000	-0,471507	-1,176022
3,650000	-0,492540	-1,197056
3,660000	-0,508314	-1,212832
3,670000	-0,524089	-1,228608
3,680000	-0,534605	-1,239125
3,690000	-0,550380	-1,254901
3,700000	-0,560896	-1,265418
3,710000	-0,571412	-1,281193
3,720000	-0,576671	-1,286452
3,730000	-0,587187	-1,302228
3,740000	-0,597703	-1,307486
3,750000	-0,602961	-1,318003
3,760000	-0,608219	-1,323262
3,770000	-0,613478	-1,328520
3,780000	-0,618736	-1,333779
3,790000	-0,618736	-1,333779
3,800000	-0,618736	-1,333779
3,810000	-0,618736	-1,339038
3,820000	-0,618736	-1,339038
3,830000	-0,613478	-1,333779
3,840000	-0,608219	-1,333779
3,850000	-0,608219	-1,328520
3,860000	-0,602961	-1,328520
3,870000	-0,597703	-1,323262
3,880000	-0,592445	-1,312745
3,890000	-0,587187	-1,307486
3,900000	-0,576671	-1,296969
3,910000	-0,571412	-1,286452
3,920000	-0,555638	-1,275935
3,930000	-0,545122	-1,265418
3,940000	-0,534605	-1,249642
3,950000	-0,518831	-1,239125
3,960000	-0,508314	-1,228608
3,970000	-0,492540	-1,212832
3,980000	-0,476765	-1,197056
3,990000	-0,460991	-1,176022
4,000000	-0,439958	-1,160246
4,010000	-0,424184	-1,133954
4,020000	-0,403151	-1,118178
4,030000	-0,382119	-1,097144
4,040000	-0,361086	-1,070851
4,050000	-0,340053	-1,055075
4,060000	-0,319021	-1,028782
4,070000	-0,292730	-1,002490
4,080000	-0,271697	-0,970938
4,090000	-0,245406	-0,944645
4,100000	-0,224374	-0,918353
4,110000	-0,192825	-0,892060
4,120000	-0,171792	-0,860508
4,130000	-0,145501	-0,828957
4,140000	-0,113952	-0,797406
4,150000	-0,087661	-0,771113
4,160000	-0,056113	-0,739561
4,170000	-0,029822	-0,713269
4,180000	0,001727	-0,676459
4,190000	0,028018	-0,644907
4,200000	0,059567	-0,613356
4,210000	0,091116	-0,581805
4,220000	0,117407	-0,550253
4,230000	0,148956	-0,518702
4,240000	0,180505	-0,487150
4,250000	0,212054	-0,455599
4,260000	0,243603	-0,424048
4,270000	0,275152	-0,387238
4,280000	0,306701	-0,355686
4,290000	0,332991	-0,324135
4,300000	0,364540	-0,292584
4,310000	0,396089	-0,261032
4,320000	0,427638	-0,229481
4,330000	0,459187	-0,197929
4,340000	0,490736	-0,166378
4,350000	0,522285	-0,134827
4,360000	0,548576	-0,103275
4,370000	0,580125	-0,076983
4,380000	0,611674	-0,045431
4,390000	0,632707	-0,013880
4,400000	0,664256	0,017672
4,410000	0,690546	0,049223
4,420000	0,716837	0,080774
4,430000	0,743128	0,107067
4,440000	0,774677	0,133360
4,450000	0,795710	0,159653
4,460000	0,827259	0,185946
4,470000	0,848291	0,212238
4,480000	0,869324	0,238531
4,490000	0,895615	0,259565
4,500000	0,916647	0,280600
4,510000	0,937680	0,301634
4,520000	0,958713	0,322668
4,530000	0,974487	0,343702
4,540000	1,000778	0,359478
4,550000	1,016552	0,380512
4,560000	1,037585	0,396288
4,570000	1,053360	0,406805
4,580000	1,069134	0,427839
4,590000	1,084909	0,443615
4,600000	1,095425	0,454132
4,610000	1,111199	0,469908
4,620000	1,121716	0,480425
4,630000	1,132232	0,490942
4,640000	1,142748	0,501459
4,650000	1,153265	0,511976
4,660000	1,158523	0,511976
4,670000	1,169039	0,517235
4,680000	1,174297	0,527752
4,690000	1,179555	0,527752
4,700000	1,184814	0,533011
4,710000	1,190072	0,538269
4,720000	1,190072	0,538269
4,730000	1,190072	0,538269
4,740000	1,190072	0,533011
4,750000	1,184814	0,527752
4,760000	1,184814	0,527752
4,770000	1,184814	0,517235
4,780000	1,179555	0,511976
4,790000	1,169039	0,506718
4,800000	1,163781	0,496201
4,810000	1,153265	0,485684
4,820000	1,148006	0,480425
4,830000	1,137490	0,464649
4,840000	1,126974	0,454132
4,850000	1,116458	0,438357
4,860000	1,100683	0,422581
4,870000	1,090167	0,412064
4,880000	1,069134	0,391030
4,890000	1,053360	0,375254
4,900000	1,037585	0,354220
4,910000	1,021811	0,338444
4,920000	1,000778	0,312151
4,930000	0,979745	0,291117
4,940000	0,958713	0,270083
4,950000	0,942938	0,249048
4,960000	0,921906	0,228014
4,970000	0,895615	0,201721
4,980000	0,874582	0,175428
4,990000	0,848291	0,149136
5,000000	0,827259	0,122843
5,010000	0,800968	0,096550
5,020000	0,774677	0,070257
5,030000	0,743128	0,043964
5,040000	0,716837	0,007154
5,050000	0,685288	-0,024397
5,060000	0,653739	-0,050690
5,070000	0,627448	-0,087500
5,080000	0,601158	-0,119051
5,090000	0,569609	-0,150602
5,100000	0,538060	-0,176895
5,110000	0,506511	-0,208447
5,120000	0,480220	-0,245257
5,130000	0,448671	-0,276808
5,140000	0,417122	-0,308359
5,150000	0,385573	-0,334652
5,160000	0,354024	-0,371462
5,170000	0,322475	-0,403013
5,180000	0,290926	-0,439823
5,190000	0,259377	-0,471375
5,200000	0,227828	-0,502926
5,210000	0,196279	-0,534477
5,220000	0,164730	-0,571287
5,230000	0,138439	-0,602839
5,240000	0,106890	-0,629132
5,250000	0,075342	-0,660683
5,260000	0,043793	-0,697493
5,270000	0,017502	-0,723786
5,280000	-0,019305	-0,755337
5,290000	-0,050854	-0,786888
5,300000	-0,077145	-0,813181
5,310000	-0,103436	-0,844733
5,320000	-0,134985	-0,876284
5,330000	-0,161276	-0,902577
5,340000	-0,187567	-0,928870
5,350000	-0,219116	-0,955162
5,360000	-0,240148	-0,981455
5,370000	-0,266439	-1,007748
5,380000	-0,287472	-1,028782
5,390000	-0,313762	-1,055075
5,400000	-0,334795	-1,076109
5,410000	-0,361086	-1,097144
5,420000	-0,382119	-1,118178
5,430000	-0,403151	-1,139212
5,440000	-0,424184	-1,154988
5,450000	-0,445216	-1,176022
5,460000	-0,460991	-1,191798
5,470000	-0,476765	-1,207573
5,480000	-0,497798	-1,218091
5,490000	-0,513573	-1,233866
5,500000	-0,529347	-1,244383
5,510000	-0,545122	-1,260159
5,520000	-0,550380	-1,270676
5,530000	-0,566154	-1,275935
5,540000	-0,576671	-1,286452
5,550000	-0,592445	-1,296969
5,560000	-0,597703	-1,302228
5,570000	-0,608219	-1,307486
5,580000	-0,613478	-1,312745
5,590000	-0,618736	-1,318003
5,600000	-0,623994	-1,318003
5,610000	-0,623994	-1,323262
5,620000	-0,634510	-1,318003
5,630000	-0,634510	-1,318003
5,640000	-0,634510	-1,318003
5,650000	-0,634510	-1,312745
5,660000	-0,634510	-1,312745
5,670000	-0,634510	-1,302228
5,680000	-0,629252	-1,296969
5,690000	-0,623994	-1,291710
5,700000	-0,623994	-1,281193
5,710000	-0,613478	-1,270676
5,720000	-0,608219	-1,260159
5,730000	-0,597703	-1,249642
5,740000	-0,587187	-1,239125
5,750000	-0,581929	-1,228608
5,760000	-0,566154	-1,218091
5,770000	-0,555638	-1,202315
5,780000	-0,539863	-1,186539
5,790000	-0,524089	-1,170764
5,800000	-0,508314	-1,149729
5,810000	-0,492540	-1,133954
5,820000	-0,471507	-1,112919
5,830000	-0,455733	-1,091885
5,840000	-0,434700	-1,065592
5,850000	-0,413668	-1,044558
5,860000	-0,397893	-1,023524
5,870000	-0,376860	-0,997231
5,880000	-0,355828	-0,976197
5,890000	-0,329537	-0,949904
5,900000	-0,308504	-0,928870
5,910000	-0,282213	-0,907835
5,920000	-0,250664	-0,881543
5,930000	-0,224374	-0,855250
5,940000	-0,198083	-0,828957
5,950000	-0,171792	-0,802664
5,960000	-0,145501	-0,776371
5,970000	-0,113952	-0,744820
5,980000	-0,087661	-0,718527
5,990000	-0,056113	-0,692234
6,000000	-0,029822	-0,655424
6,010000	0,006985	-0,629132
6,020000	0,033276	-0,592322
6,030000	0,064825	-0,571287
6,040000	0,096374	-0,539736
6,050000	0,127923	-0,508185
6,060000	0,159472	-0,481892
6,070000	0,191021	-0,445082
6,080000	0,222570	-0,418789
6,090000	0,254119	-0,387238
6,100000	0,290926	-0,355686
6,110000	0,322475	-0,329394
6,120000	0,348766	-0,297842
6,130000	0,385573	-0,266291
6,140000	0,411864	-0,234739
6,150000	0,448671	-0,203188
6,160000	0,480220	-0,171637
6,170000	0,506511	-0,140085
6,180000	0,543318	-0,108534
6,190000	0,574867	-0,082241
6,200000	0,601158	-0,050690
6,210000	0,632707	-0,024397
6,220000	0,664256	0,007154
6,230000	0,690546	0,033447
6,240000	0,722095	0,059740
6,250000	0,748386	0,086033
6,260000	0,779935	0,112326
6,270000	0,806226	0,138619
6,280000	0,832517	0,164911
6,290000	0,858808	0,185946
6,300000	0,885098	0,212238
6,310000	0,906131	0,233273
6,320000	0,932422	0,254307
6,330000	0,958713	0,270083
6,340000	0,979745	0,291117
6,350000	0,995520	0,312151
6,360000	1,021811	0,333185
6,370000	1,042843	0,348961
6,380000	1,058618	0,364737
6,390000	1,079650	0,380512
6,400000	1,095425	0,396288
6,410000	1,111199	0,406805
6,420000	1,126974	0,422581
6,430000	1,137490	0,433098
6,440000	1,148006	0,443615
6,450000	1,163781	0,448874
6,460000	1,174297	0,459391
6,470000	1,184814	0,464649
6,480000	1,190072	0,475167
6,490000	1,200588	0,480425
6,500000	1,205846	0,485684
6,510000	1,211104	0,485684
6,520000	1,216363	0,485684
6,530000	1,216363	0,490942
6,540000	1,216363	0,490942
6,550000	1,221621	0,490942
6,560000	1,221621	0,485684
6,570000	1,216363	0,480425
6,580000	1,216363	0,475167
6,590000	1,216363	0,469908
6,600000	1,211104	0,464649
6,610000	1,205846	0,454132
6,620000	1,195330	0,448874
6,630000	1,190072	0,438357
6,640000	1,179555	0,427839
6,650000	1,169039	0,417322
6,660000	1,158523	0,401547
6,670000	1,148006	0,385771
6,680000	1,132232	0,369995
6,690000	1,116458	0,354220
6,700000	1,105941	0,338444
6,710000	1,090167	0,322668
6,720000	1,069134	0,306893
6,730000	1,053360	0,285858
6,740000	1,032327	0,264824
6,750000	1,011294	0,249048
6,760000	0,990262	0,228014
6,770000	0,969229	0,201721
6,780000	0,948196	0,180687
6,790000	0,921906	0,154394
6,800000	0,895615	0,128101
6,810000	0,869324	0,101809
6,820000	0,848291	0,080774
6,830000	0,827259	0,049223
6,840000	0,795710	0,022930
6,850000	0,764161	-0,008621
6,860000	0,737870	-0,034914
6,870000	0,711579	-0,066465
6,880000	0,674772	-0,092758
6,890000	0,648481	-0,119051
6,900000	0,616932	-0,150602
6,910000	0,585383	-0,182154
6,920000	0,553834	-0,208447
6,930000	0,522285	-0,234739
6,940000	0,485478	-0,271549
6,950000	0,453929	-0,297842
6,960000	0,422380	-0,324135
6,970000	0,390831	-0,355686
6,980000	0,354024	-0,387238
6,990000	0,322475	-0,418789
7,000000	0,290926	-0,445082
7,010000	0,254119	-0,476633
7,020000	0,222570	-0,508185
7,030000	0,191021	-0,539736
7,040000	0,159472	-0,571287
7,050000	0,127923	-0,602839
7,060000	0,096374	-0,629132
7,070000	0,064825	-0,660683
7,080000	0,033276	-0,692234
7,090000	0,001727	-0,718527
7,100000	-0,035080	-0,750079
7,110000	-0,061371	-0,771113
7,120000	-0,098178	-0,797406
7,130000	-0,124469	-0,823698
7,140000	-0,156018	-0,849991
7,150000	-0,182308	-0,876284
7,160000	-0,213857	-0,902577
7,170000	-0,234890	-0,923611
7,180000	-0,261181	-0,949904
7,190000	-0,287472	-0,976197
7,200000	-0,313762	-0,997231
7,210000	-0,340053	-1,018265
7,220000	-0,366344	-1,039299
7,230000	-0,387377	-1,055075
7,240000	-0,413668	-1,076109
7,250000	-0,434700	-1,097144
7,260000	-0,455733	-1,118178
7,270000	-0,476765	-1,133954
7,280000	-0,497798	-1,149729
7,290000	-0,518831	-1,165505
7,300000	-0,529347	-1,181281
7,310000	-0,545122	-1,197056
7,320000	-0,560896	-1,207573
7,330000	-0,576671	-1,218091
7,340000	-0,592445	-1,233866
7,350000	-0,597703	-1,239125
7,360000	-0,613478	-1,249642
7,370000	-0,623994	-1,260159
7,380000	-0,634510	-1,265418
7,390000	-0,645027	-1,270676
7,400000	-0,650285	-1,275935
7,410000	-0,655543	-1,281193
7,420000	-0,660801	-1,286452
7,430000	-0,666059	-1,286452
7,440000	-0,666059	-1,286452
7,450000	-0,671317	-1,291710
7,460000	-0,671317	-1,291710
7,470000	-0,666059	-1,286452
7,480000	-0,666059	-1,286452
7,490000	-0,660801	-1,281193
7,500000	-0,655543	-1,281193
7,510000	-0,650285	-1,270676
7,520000	-0,645027	-1,265418
7,530000	-0,639768	-1,260159
7,540000	-0,629252	-1,249642
7,550000	-0,618736	-1,239125
7,560000	-0,608219	-1,223349
7,570000	-0,597703	-1,212832
7,580000	-0,581929	-1,202315
7,590000	-0,566154	-1,186539
7,600000	-0,555638	-1,170764
7,610000	-0,539863	-1,154988
7,620000	-0,524089	-1,144471
7,630000	-0,503056	-1,128695
7,640000	-0,482024	-1,112919
7,650000	-0,466249	-1,091885
7,660000	-0,445216	-1,076109
7,670000	-0,424184	-1,055075
7,680000	-0,403151	-1,039299
7,690000	-0,376860	-1,023524
7,700000	-0,355828	-0,997231
7,710000	-0,329537	-0,976197
7,720000	-0,303246	-0,949904
7,730000	-0,276955	-0,923611
7,740000	-0,250664	-0,902577
7,750000	-0,224374	-0,876284
7,760000	-0,192825	-0,849991
7,770000	-0,166534	-0,823698
7,780000	-0,134985	-0,797406
7,790000	-0,108694	-0,771113
7,800000	-0,077145	-0,744820
7,810000	-0,045596	-0,718527
7,820000	-0,014047	-0,692234
7,830000	0,017502	-0,660683
7,840000	0,049051	-0,634390
7,850000	0,080600	-0,608097
7,860000	0,112149	-0,571287
7,870000	0,143698	-0,544995
7,880000	0,180505	-0,513443
7,890000	0,206796	-0,481892
7,900000	0,243603	-0,450340
7,910000	0,280410	-0,418789
7,920000	0,311959	-0,381979
7,930000	0,348766	-0,355686
7,940000	0,380315	-0,324135
7,950000	0,411864	-0,292584
7,960000	0,443413	-0,261032
7,970000	0,474962	-0,229481
7,980000	0,506511	-0,203188
7,990000	0,538060	-0,171637
8,000000	0,569609	-0,145344
8,010000	0,601158	-0,113792
8,020000	0,632707	-0,092758
8,030000	0,664256	-0,066465
8,040000	0,695805	-0,040173
8,050000	0,722095	-0,013880
8,060000	0,753644	0,017672
8,070000	0,779935	0,043964
8,080000	0,811484	0,070257
8,090000	0,837775	0,091291
8,100000	0,864066	0,112326
8,110000	0,890357	0,138619
8,120000	0,911389	0,159653
8,130000	0,937680	0,185946
8,140000	0,958713	0,206980
8,150000	0,985003	0,228014
8,160000	1,006036	0,249048
8,170000	1,027069	0,270083
8,180000	1,048101	0,285858
8,190000	1,069134	0,306893
8,200000	1,084909	0,322668
8,210000	1,100683	0,338444
8,220000	1,116458	0,354220
8,230000	1,132232	0,369995
8,240000	1,148006	0,380512
8,250000	1,158523	0,396288
8,260000	1,169039	0,406805
8,270000	1,179555	0,417322
8,280000	1,195330	0,422581
8,290000	1,200588	0,438357
8,300000	1,211104	0,443615
8,310000	1,216363	0,448874
8,320000	1,221621	0,454132
8,330000	1,226879	0,454132
8,340000	1,232137	0,459391
8,350000	1,232137	0,464649
8,360000	1,232137	0,464649
8,370000	1,232137	0,464649
8,380000	1,226879	0,464649
8,390000	1,226879	0,459391
8,400000	1,221621	0,464649
8,410000	1,216363	0,459391
8,420000	1,211104	0,454132
8,430000	1,200588	0,448874
8,440000	1,195330	0,443615
8,450000	1,190072	0,438357
8,460000	1,179555	0,433098
8,470000	1,163781	0,422581
8,480000	1,153265	0,412064
8,490000	1,137490	0,401547
8,500000	1,121716	0,385771
8,510000	1,105941	0,375254
8,520000	1,090167	0,359478
8,530000	1,074392	0,338444
8,540000	1,053360	0,327927
8,550000	1,032327	0,312151
8,560000	1,011294	0,291117
8,570000	0,990262	0,275341
8,580000	0,969229	0,254307
8,590000	0,942938	0,233273
8,600000	0,921906	0,206980
8,610000	0,895615	0,185946
8,620000	0,869324	0,154394
8,630000	0,843033	0,133360
8,640000	0,816742	0,107067
8,650000	0,790451	0,080774
8,660000	0,764161	0,054482
8,670000	0,732612	0,028189
8,680000	0,701063	0,001896
8,690000	0,674772	-0,024397
8,700000	0,643223	-0,055948
8,710000	0,611674	-0,082241
8,720000	0,580125	-0,108534
8,730000	0,548576	-0,134827
8,740000	0,517027	-0,166378
8,750000	0,485478	-0,192671
8,760000	0,453929	-0,224222
8,770000	0,422380	-0,250515
8,780000	0,385573	-0,282066
8,790000	0,354024	-0,313618
8,800000	0,322475	-0,339911
8,810000	0,290926	-0,371462
8,820000	0,259377	-0,403013
8,830000	0,227828	-0,434565
8,840000	0,196279	-0,471375
8,850000	0,164730	-0,497668
8,860000	0,127923	-0,529219
8,870000	0,096374	-0,555512
8,880000	0,064825	-0,587063
8,890000	0,033276	-0,618614
8,900000	0,001727	-0,650166
8,910000	-0,035080	-0,681717
8,920000	-0,061371	-0,713269
8,930000	-0,092920	-0,739561
8,940000	-0,119210	-0,765854
8,950000	-0,150759	-0,797406
8,960000	-0,177050	-0,823698
8,970000	-0,203341	-0,849991
8,980000	-0,234890	-0,876284
8,990000	-0,261181	-0,902577
9,000000	-0,287472	-0,928870
9,010000	-0,313762	-0,949904
9,020000	-0,334795	-0,976197
9,030000	-0,361086	-0,997231
9,040000	-0,382119	-1,018265
9,050000	-0,403151	-1,039299
9,060000	-0,424184	-1,065592
9,070000	-0,445216	-1,081368
9,080000	-0,466249	-1,102402
9,090000	-0,487282	-1,123436
9,100000	-0,503056	-1,139212
9,110000	-0,518831	-1,154988
9,120000	-0,534605	-1,176022
9,130000	-0,550380	-1,191798
9,140000	-0,560896	-1,202315
9,150000	-0,576671	-1,218091
9,160000	-0,587187	-1,233866
9,170000	-0,597703	-1,244383
9,180000	-0,608219	-1,254901
9,190000	-0,618736	-1,265418
9,200000	-0,623994	-1,275935
9,210000	-0,629252	-1,281193
9,220000	-0,634510	-1,291710
9,230000	-0,639768	-1,296969
9,240000	-0,645027	-1,302228
9,250000	-0,650285	-1,302228
9,260000	-0,650285	-1,302228
9,270000	-0,650285	-1,307486
9,280000	-0,650285	-1,307486
9,290000	-0,645027	-1,307486
9,300000	-0,645027	-1,307486
9,310000	-0,639768	-1,307486
9,320000	-0,634510	-1,296969
9,330000	-0,623994	-1,296969
9,340000	-0,618736	-1,286452
9,350000	-0,613478	-1,286452
9,360000	-0,602961	-1,275935
9,370000	-0,592445	-1,270676
9,380000	-0,581929	-1,260159
9,390000	-0,566154	-1,249642
9,400000	-0,555638	-1,239125
9,410000	-0,539863	-1,228608
9,420000	-0,524089	-1,212832
9,430000	-0,508314	-1,197056
9,440000	-0,492540	-1,181281
9,450000	-0,471507	-1,165505
9,460000	-0,455733	-1,144471
9,470000	-0,434700	-1,128695
9,480000	-0,413668	-1,112919
9,490000	-0,392635	-1,091885
9,500000	-0,371602	-1,076109
9,510000	-0,350570	-1,049817
9,520000	-0,324279	-1,028782
9,530000	-0,297988	-1,007748
9,540000	-0,271697	-0,986714
9,550000	-0,250664	-0,960421
9,560000	-0,219116	-0,939387
9,570000	-0,192825	-0,913094
9,580000	-0,166534	-0,886801
9,590000	-0,140243	-0,860508
9,600000	-0,108694	-0,834216
9,610000	-0,082403	-0,807923
9,620000	-0,050854	-0,776371
9,630000	-0,019305	-0,750079
9,640000	0,012244	-0,723786
9,650000	0,043793	-0,692234
9,660000	0,075342	-0,665942
9,670000	0,101632	-0,629132
9,680000	0,138439	-0,602839
9,690000	0,169988	-0,571287
9,700000	0,201537	-0,544995
9,710000	0,227828	-0,508185
9,720000	0,264635	-0,476633
9,730000	0,296184	-0,450340
9,740000	0,327733	-0,418789
9,750000	0,359282	-0,387238
9,760000	0,390831	-0,355686
9,770000	0,422380	-0,318876
9,780000	0,453929	-0,287325
9,790000	0,480220	-0,255774
9,800000	0,517027	-0,224222
9,810000	0,543318	-0,192671
9,820000	0,574867	-0,161120
9,830000	0,606416	-0,134827
9,840000	0,627448	-0,108534
9,850000	0,658997	-0,076983
9,860000	0,690546	-0,045431
9,870000	0,716837	-0,013880
9,880000	0,748386	0,012413
9,890000	0,779935	0,038706
9,900000	0,800968	0,064999
9,910000	0,827259	0,091291
9,920000	0,853549	0,117584
9,930000	0,874582	0,143877
9,940000	0,900873	0,164911
9,950000	0,927164	0,191204
9,960000	0,942938	0,212238
9,970000	0,969229	0,233273
9,980000	0,985003	0,259565
9,990000	1,006036	0,280600
10,000000	1,027069	0,301634
10,010000	1,042843	0,317410
10,020000	1,058618	0,343702
10,030000	1,074392	0,364737
10,040000	1,090167	0,380512
10,050000	1,100683	0,401547
10,060000	1,116458	0,412064
10,070000	1,126974	0,427839
10,080000	1,137490	0,443615
10,090000	1,148006	0,454132
10,100000	1,158523	0,464649
10,110000	1,163781	0,475167
10,120000	1,174297	0,485684
10,130000	1,179555	0,490942
10,140000	1,184814	0,501459
10,150000	1,190072	0,506718
10,160000	1,190072	0,511976
10,170000	1,190072	0,511976
10,180000	1,190072	0,517235
10,190000	1,190072	0,511976
10,200000	1,190072	0,511976
10,210000	1,184814	0,511976
10,220000	1,179555	0,511976
10,230000	1,174297	0,506718
10,240000	1,169039	0,501459
10,250000	1,158523	0,496201
10,260000	1,153265	0,485684
10,270000	1,142748	0,480425
10,280000	1,132232	0,469908
10,290000	1,126974	0,459391
10,300000	1,111199	0,454132
10,310000	1,100683	0,438357
10,320000	1,084909	0,427839
10,330000	1,063876	0,412064
10,340000	1,053360	0,396288
10,350000	1,032327	0,375254
10,360000	1,016552	0,359478
10,370000	1,000778	0,343702
10,380000	0,979745	0,322668
10,390000	0,958713	0,306893
10,400000	0,937680	0,285858
10,410000	0,911389	0,264824
10,420000	0,890357	0,238531
10,430000	0,864066	0,217497
10,440000	0,843033	0,191204
10,450000	0,816742	0,170170
10,460000	0,790451	0,143877
10,470000	0,764161	0,117584
10,480000	0,737870	0,086033
10,490000	0,706321	0,059740
10,500000	0,680030	0,033447
10,510000	0,653739	0,007154
10,520000	0,622190	-0,029655
10,530000	0,595900	-0,055948
10,540000	0,564351	-0,082241
10,550000	0,532802	-0,113792
10,560000	0,506511	-0,150602
10,570000	0,474962	-0,176895
10,580000	0,448671	-0,208447
10,590000	0,417122	-0,239998
10,600000	0,385573	-0,266291
10,610000	0,354024	-0,297842
10,620000	0,327733	-0,329394
10,630000	0,296184	-0,360945
10,640000	0,264635	-0,392496
10,650000	0,233086	-0,424048
10,660000	0,201537	-0,455599
10,670000	0,169988	-0,487150
10,680000	0,143698	-0,518702
10,690000	0,112149	-0,550253
10,700000	0,080600	-0,587063
10,710000	0,049051	-0,613356
10,720000	0,022760	-0,644907
10,730000	-0,008789	-0,681717
10,740000	-0,035080	-0,708010
10,750000	-0,066629	-0,739561
10,760000	-0,092920	-0,760596
10,770000	-0,119210	-0,797406
10,780000	-0,150759	-0,823698
10,790000	-0,171792	-0,849991
10,800000	-0,198083	-0,876284
10,810000	-0,229632	-0,907835
10,820000	-0,245406	-0,928870
10,830000	-0,276955	-0,960421
10,840000	-0,297988	-0,986714
10,850000	-0,319021	-1,007748
10,860000	-0,340053	-1,034041
10,870000	-0,366344	-1,055075
10,880000	-0,387377	-1,076109
10,890000	-0,403151	-1,097144
10,900000	-0,418926	-1,123436
10,910000	-0,439958	-1,139212
10,920000	-0,460991	-1,160246
10,930000	-0,476765	-1,176022
10,940000	-0,492540	-1,191798
10,950000	-0,503056	-1,207573
10,960000	-0,518831	-1,223349
10,970000	-0,534605	-1,239125
10,980000	-0,545122	-1,249642
10,990000	-0,555638	-1,260159
11,000000	-0,566154	-1,270676
11,010000	-0,571412	-1,281193
11,020000	-0,581929	-1,291710
11,030000	-0,592445	-1,296969
11,040000	-0,597703	-1,302228
11,050000	-0,608219	-1,312745
11,060000	-0,608219	-1,318003
11,070000	-0,613478	-1,323262
11,080000	-0,613478	-1,328520
11,090000	-0,613478	-1,323262
11,100000	-0,613478	-1,328520
11,110000	-0,613478	-1,328520
11,120000	-0,608219	-1,328520
11,130000	-0,608219	-1,323262
11,140000	-0,602961	-1,323262
11,150000	-0,597703	-1,318003
11,160000	-0,592445	-1,312745
11,170000	-0,581929	-1,307486
11,180000	-0,576671	-1,296969
11,190000	-0,566154	-1,291710
11,200000	-0,560896	-1,281193
11,210000	-0,545122	-1,270676
11,220000	-0,534605	-1,260159
11,230000	-0,524089	-1,249642
11,240000	-0,508314	-1,233866
11,250000	-0,492540	-1,218091
11,260000	-0,476765	-1,202315
11,270000	-0,460991	-1,186539
11,280000	-0,445216	-1,170764
11,290000	-0,429442	-1,154988
11,300000	-0,408409	-1,133954
11,310000	-0,387377	-1,118178
11,320000	-0,371602	-1,097144
11,330000	-0,345311	-1,076109
11,340000	-0,324279	-1,055075
11,350000	-0,303246	-1,028782
11,360000	-0,276955	-1,002490
11,370000	-0,250664	-0,976197
11,380000	-0,224374	-0,949904
11,390000	-0,198083	-0,918353
11,400000	-0,166534	-0,892060
11,410000	-0,145501	-0,865767
11,420000	-0,119210	-0,834216
11,430000	-0,092920	-0,807923
11,440000	-0,066629	-0,781630
11,450000	-0,035080	-0,750079
11,460000	-0,008789	-0,718527
11,470000	0,022760	-0,686976
11,480000	0,054309	-0,650166
11,490000	0,085858	-0,623873
11,500000	0,112149	-0,587063
11,510000	0,143698	-0,555512
11,520000	0,175247	-0,523960
11,530000	0,206796	-0,487150
11,540000	0,233086	-0,455599
11,550000	0,264635	-0,429306
11,560000	0,296184	-0,392496
11,570000	0,327733	-0,360945
11,580000	0,354024	-0,324135
11,590000	0,390831	-0,297842
11,600000	0,417122	-0,266291
11,610000	0,448671	-0,234739
11,620000	0,480220	-0,203188
11,630000	0,506511	-0,171637
11,640000	0,538060	-0,140085
11,650000	0,564351	-0,108534
11,660000	0,595900	-0,076983
11,670000	0,622190	-0,045431
11,680000	0,648481	-0,019138
11,690000	0,674772	0,017672
11,700000	0,706321	0,043964
11,710000	0,732612	0,070257
11,720000	0,758903	0,101809
11,730000	0,785193	0,128101
11,740000	0,806226	0,154394
11,750000	0,832517	0,180687
11,760000	0,858808	0,206980
11,770000	0,879840	0,228014
11,780000	0,906131	0,249048
11,790000	0,927164	0,275341
11,800000	0,948196	0,296375
11,810000	0,963971	0,317410
11,820000	0,985003	0,338444
11,830000	1,000778	0,354220
11,840000	1,021811	0,375254
11,850000	1,037585	0,396288
11,860000	1,053360	0,412064
11,870000	1,063876	0,427839
11,880000	1,084909	0,443615
11,890000	1,095425	0,454132
11,900000	1,105941	0,469908
11,910000	1,116458	0,485684
11,920000	1,132232	0,490942
11,930000	1,137490	0,501459
11,940000	1,148006	0,506718
11,950000	1,153265	0,511976
11,960000	1,158523	0,522494
11,970000	1,163781	0,522494
11,980000	1,169039	0,527752
11,990000	1,174297	0,527752
12,000000	1,174297	0,527752
12,010000	1,174297	0,527752
12,020000	1,179555	0,522494
12,030000	1,179555	0,522494
12,040000	1,174297	0,517235
12,050000	1,174297	0,511976
12,060000	1,169039	0,506718
12,070000	1,158523	0,501459
12,080000	1,153265	0,490942
12,090000	1,148006	0,485684
12,100000	1,137490	0,475167
12,110000	1,132232	0,459391
12,120000	1,116458	0,448874
12,130000	1,105941	0,438357
12,140000	1,095425	0,422581
12,150000	1,084909	0,406805
12,160000	1,069134	0,385771
12,170000	1,053360	0,369995
12,180000	1,032327	0,354220
12,190000	1,016552	0,333185
12,200000	1,000778	0,317410
12,210000	0,979745	0,296375
12,220000	0,963971	0,275341
12,230000	0,937680	0,254307
12,240000	0,921906	0,233273
12,250000	0,895615	0,212238
12,260000	0,874582	0,185946
12,270000	0,848291	0,159653
12,280000	0,827259	0,133360
12,290000	0,800968	0,107067
12,300000	0,774677	0,080774
12,310000	0,753644	0,049223
12,320000	0,722095	0,022930
12,330000	0,695805	-0,013880
12,340000	0,669514	-0,040173
12,350000	0,643223	-0,071724
12,360000	0,611674	-0,098017
12,370000	0,585383	-0,129568
12,380000	0,553834	-0,161120
12,390000	0,522285	-0,187412
12,400000	0,490736	-0,218964
12,410000	0,464445	-0,250515
12,420000	0,432897	-0,282066
12,430000	0,401348	-0,318876
12,440000	0,375057	-0,350428
12,450000	0,343508	-0,381979
12,460000	0,311959	-0,413531
12,470000	0,280410	-0,445082
12,480000	0,248861	-0,481892
12,490000	0,217312	-0,513443
12,500000	0,185763	-0,550253
12,510000	0,154214	-0,576546
12,520000	0,122665	-0,608097
12,530000	0,096374	-0,639649
12,540000	0,064825	-0,671200
12,550000	0,038534	-0,702751
12,560000	0,006985	-0,729044
12,570000	-0,024564	-0,755337
12,580000	-0,050854	-0,781630
12,590000	-0,082403	-0,813181
12,600000	-0,108694	-0,839474
12,610000	-0,134985	-0,865767
12,620000	-0,161276	-0,892060
12,630000	-0,187567	-0,923611
12,640000	-0,213857	-0,949904
12,650000	-0,240148	-0,976197
12,660000	-0,266439	-0,997231
12,670000	-0,292730	-1,018265
12,680000	-0,313762	-1,044558
12,690000	-0,334795	-1,060334
12,700000	-0,355828	-1,076109
12,710000	-0,376860	-1,097144
12,720000	-0,397893	-1,118178
12,730000	-0,418926	-1,133954
12,740000	-0,439958	-1,149729
12,750000	-0,455733	-1,165505
12,760000	-0,476765	-1,181281
12,770000	-0,492540	-1,197056
12,780000	-0,508314	-1,207573
12,790000	-0,524089	-1,218091
12,800000	-0,534605	-1,228608
12,810000	-0,545122	-1,244383
12,820000	-0,560896	-1,249642
12,830000	-0,571412	-1,260159
12,840000	-0,581929	-1,270676
12,850000	-0,592445	-1,275935
12,860000	-0,602961	-1,286452
12,870000	-0,608219	-1,291710
12,880000	-0,613478	-1,296969
12,890000	-0,618736	-1,296969
12,900000	-0,618736	-1,302228
12,910000	-0,623994	-1,302228
12,920000	-0,623994	-1,302228
12,930000	-0,623994	-1,302228
12,940000	-0,629252	-1,296969
12,950000	-0,623994	-1,296969
12,960000	-0,623994	-1,291710
12,970000	-0,618736	-1,281193
12,980000	-0,608219	-1,275935
12,990000	-0,608219	-1,270676
13,000000	-0,597703	-1,260159
13,010000	-0,592445	-1,254901
13,020000	-0,581929	-1,244383
13,030000	-0,571412	-1,228608
13,040000	-0,560896	-1,218091
13,050000	-0,545122	-1,202315
13,060000	-0,539863	-1,186539
13,070000	-0,524089	-1,170764
13,080000	-0,508314	-1,154988
13,090000	-0,492540	-1,133954
13,100000	-0,476765	-1,112919
13,110000	-0,460991	-1,097144
13,120000	-0,439958	-1,076109
13,130000	-0,418926	-1,055075
13,140000	-0,403151	-1,034041
13,150000	-0,382119	-1,007748
13,160000	-0,361086	-0,991972
13,170000	-0,334795	-0,965680
13,180000	-0,313762	-0,939387
13,190000	-0,287472	-0,918353
13,200000	-0,266439	-0,886801
13,210000	-0,240148	-0,865767
13,220000	-0,213857	-0,834216
13,230000	-0,192825	-0,807923
13,240000	-0,161276	-0,776371
13,250000	-0,134985	-0,750079
13,260000	-0,108694	-0,723786
13,270000	-0,077145	-0,692234
13,280000	-0,050854	-0,660683
13,290000	-0,024564	-0,629132
13,300000	0,017502	-0,597580
13,310000	0,043793	-0,571287
13,320000	0,075342	-0,539736
13,330000	0,112149	-0,508185
13,340000	0,138439	-0,476633
13,350000	0,169988	-0,450340
13,360000	0,206796	-0,418789
13,370000	0,233086	-0,387238
13,380000	0,269894	-0,355686
13,390000	0,296184	-0,324135
13,400000	0,327733	-0,292584
13,410000	0,359282	-0,261032
13,420000	0,390831	-0,234739
13,430000	0,427638	-0,197929
13,440000	0,453929	-0,171637
13,450000	0,485478	-0,140085
13,460000	0,511769	-0,108534
13,470000	0,548576	-0,082241
13,480000	0,574867	-0,050690
13,490000	0,606416	-0,024397
13,500000	0,637965	0,012413
13,510000	0,664256	0,033447
13,520000	0,695805	0,064999
13,530000	0,722095	0,096550
13,540000	0,748386	0,122843
13,550000	0,774677	0,149136
13,560000	0,800968	0,175428
13,570000	0,822000	0,196463
13,580000	0,853549	0,222756
13,590000	0,879840	0,249048
13,600000	0,900873	0,264824
13,610000	0,927164	0,285858
13,620000	0,948196	0,306893
13,630000	0,969229	0,327927
13,640000	0,990262	0,348961
13,650000	1,011294	0,364737
13,660000	1,027069	0,385771
13,670000	1,048101	0,401547
13,680000	1,069134	0,417322
13,690000	1,079650	0,433098
13,700000	1,095425	0,443615
13,710000	1,111199	0,454132
13,720000	1,126974	0,469908
13,730000	1,137490	0,480425
13,740000	1,148006	0,490942
13,750000	1,158523	0,496201
13,760000	1,169039	0,501459
13,770000	1,179555	0,506718
13,780000	1,184814	0,517235
13,790000	1,190072	0,517235
13,800000	1,195330	0,522494
13,810000	1,200588	0,522494
13,820000	1,200588	0,517235
13,830000	1,205846	0,522494
13,840000	1,205846	0,517235
13,850000	1,205846	0,511976
13,860000	1,205846	0,506718
13,870000	1,200588	0,501459
13,880000	1,200588	0,490942
13,890000	1,195330	0,485684
13,900000	1,190072	0,475167
13,910000	1,179555	0,469908
13,920000	1,174297	0,454132
13,930000	1,163781	0,443615
13,940000	1,153265	0,427839
13,950000	1,142748	0,417322
13,960000	1,132232	0,401547
13,970000	1,116458	0,385771
13,980000	1,100683	0,364737
13,990000	1,084909	0,348961
14,000000	1,074392	0,333185
14,010000	1,053360	0,317410
14,020000	1,037585	0,296375
14,030000	1,016552	0,275341
14,040000	0,995520	0,254307
14,050000	0,974487	0,233273
14,060000	0,953455	0,212238
14,070000	0,932422	0,191204
14,080000	0,906131	0,164911
14,090000	0,885098	0,133360
14,100000	0,853549	0,112326
14,110000	0,827259	0,086033
14,120000	0,806226	0,059740
14,130000	0,779935	0,033447
14,140000	0,748386	0,001896
14,150000	0,722095	-0,024397
14,160000	0,690546	-0,055948
14,170000	0,664256	-0,087500
14,180000	0,632707	-0,113792
14,190000	0,601158	-0,145344
14,200000	0,569609	-0,176895
14,210000	0,538060	-0,203188
14,220000	0,511769	-0,234739
14,230000	0,480220	-0,261032
14,240000	0,448671	-0,292584
14,250000	0,417122	-0,324135
14,260000	0,385573	-0,355686
14,270000	0,348766	-0,387238
14,280000	0,317217	-0,418789
14,290000	0,285668	-0,450340
14,300000	0,254119	-0,481892
14,310000	0,222570	-0,508185
14,320000	0,185763	-0,544995
14,330000	0,154214	-0,571287
14,340000	0,122665	-0,602839
14,350000	0,091116	-0,629132
14,360000	0,059567	-0,665942
14,370000	0,028018	-0,692234
14,380000	-0,008789	-0,718527
14,390000	-0,035080	-0,750079
14,400000	-0,066629	-0,776371
14,410000	-0,098178	-0,802664
14,420000	-0,124469	-0,828957
14,430000	-0,150759	-0,860508
14,440000	-0,182308	-0,881543
14,450000	-0,213857	-0,907835
14,460000	-0,240148	-0,928870
14,470000	-0,266439	-0,949904
14,480000	-0,292730	-0,970938
14,490000	-0,319021	-0,997231
14,500000	-0,340053	-1,018265
14,510000	-0,366344	-1,039299
14,520000	-0,392635	-1,060334
14,530000	-0,413668	-1,076109
14,540000	-0,434700	-1,097144
14,550000	-0,455733	-1,112919
14,560000	-0,471507	-1,128695
14,570000	-0,492540	-1,149729
14,580000	-0,508314	-1,160246
14,590000	-0,524089	-1,170764
14,600000	-0,539863	-1,186539
14,610000	-0,560896	-1,197056
14,620000	-0,571412	-1,212832
14,630000	-0,587187	-1,223349
14,640000	-0,597703	-1,233866
14,650000	-0,608219	-1,239125
14,660000	-0,618736	-1,244383
14,670000	-0,623994	-1,249642
14,680000	-0,634510	-1,260159
14,690000	-0,645027	-1,265418
14,700000	-0,650285	-1,270676
14,710000	-0,655543	-1,275935
14,720000	-0,655543	-1,275935
14,730000	-0,655543	-1,275935
14,740000	-0,660801	-1,275935
14,750000	-0,660801	-1,270676
14,760000	-0,660801	-1,270676
14,770000	-0,655543	-1,270676
14,780000	-0,655543	-1,265418
14,790000	-0,650285	-1,260159
14,800000	-0,650285	-1,249642
14,810000	-0,639768	-1,244383
14,820000	-0,634510	-1,239125
14,830000	-0,623994	-1,228608
14,840000	-0,613478	-1,218091
14,850000	-0,602961	-1,207573
14,860000	-0,592445	-1,191798
14,870000	-0,576671	-1,176022
14,880000	-0,566154	-1,160246
14,890000	-0,550380	-1,144471
14,900000	-0,534605	-1,133954
14,910000	-0,513573	-1,118178
14,920000	-0,497798	-1,097144
14,930000	-0,476765	-1,076109
14,940000	-0,455733	-1,060334
14,950000	-0,434700	-1,039299
14,960000	-0,413668	-1,018265
14,970000	-0,392635	-0,997231
14,980000	-0,366344	-0,976197
14,990000	-0,345311	-0,960421
15,000000	-0,319021	-0,934128
15,010000	-0,297988	-0,913094
15,020000	-0,271697	-0,886801
15,030000	-0,245406	-0,865767
15,040000	-0,213857	-0,839474
15,050000	-0,192825	-0,813181
15,060000	-0,161276	-0,792147
15,070000	-0,129727	-0,765854
15,080000	-0,103436	-0,739561
15,090000	-0,071887	-0,708010
15,100000	-0,045596	-0,686976
15,110000	-0,014047	-0,655424
15,120000	0,022760	-0,623873
15,130000	0,049051	-0,597580
15,140000	0,080600	-0,560770
15,150000	0,117407	-0,534477
15,160000	0,148956	-0,502926
15,170000	0,185763	-0,476633
15,180000	0,217312	-0,445082
15,190000	0,248861	-0,413531
15,200000	0,280410	-0,387238
15,210000	0,311959	-0,355686
15,220000	0,343508	-0,324135
15,230000	0,375057	-0,292584
15,240000	0,406606	-0,271549
15,250000	0,443413	-0,245257
15,260000	0,474962	-0,213705
15,270000	0,506511	-0,182154
15,280000	0,538060	-0,155861
15,290000	0,569609	-0,129568
15,300000	0,601158	-0,103275
15,310000	0,627448	-0,071724
15,320000	0,658997	-0,045431
15,330000	0,690546	-0,019138
15,340000	0,722095	0,007154
15,350000	0,753644	0,033447
15,360000	0,774677	0,064999
15,370000	0,806226	0,086033
15,380000	0,832517	0,112326
15,390000	0,858808	0,138619
15,400000	0,885098	0,164911
15,410000	0,911389	0,185946
15,420000	0,932422	0,206980
15,430000	0,958713	0,233273
15,440000	0,979745	0,254307
15,450000	1,000778	0,270083
15,460000	1,021811	0,291117
15,470000	1,037585	0,312151
15,480000	1,058618	0,327927
15,490000	1,079650	0,343702
15,500000	1,095425	0,359478
15,510000	1,111199	0,375254
15,520000	1,126974	0,391030
15,530000	1,142748	0,401547
15,540000	1,153265	0,417322
15,550000	1,163781	0,427839
15,560000	1,174297	0,438357
15,570000	1,184814	0,448874
15,580000	1,195330	0,454132
15,590000	1,205846	0,459391
15,600000	1,205846	0,469908
15,610000	1,216363	0,480425
15,620000	1,216363	0,480425
15,630000	1,221621	0,485684
15,640000	1,221621	0,490942
15,650000	1,221621	0,490942
15,660000	1,221621	0,490942
15,670000	1,221621	0,490942
15,680000	1,216363	0,485684
15,690000	1,216363	0,485684
15,700000	1,205846	0,480425
15,710000	1,205846	0,475167
15,720000	1,195330	0,469908
15,730000	1,190072	0,459391
15,740000	1,179555	0,448874
15,750000	1,174297	0,438357
15,760000	1,158523	0,422581
15,770000	1,148006	0,406805
15,780000	1,132232	0,396288
15,790000	1,116458	0,380512
15,800000	1,100683	0,364737
15,810000	1,090167	0,348961
15,820000	1,069134	0,327927
15,830000	1,053360	0,317410
15,840000	1,032327	0,296375
15,850000	1,011294	0,275341
15,860000	0,990262	0,254307
15,870000	0,969229	0,233273
15,880000	0,942938	0,212238
15,890000	0,916647	0,191204
15,900000	0,895615	0,170170
15,910000	0,869324	0,143877
15,920000	0,843033	0,117584
15,930000	0,816742	0,091291
15,940000	0,790451	0,070257
15,950000	0,758903	0,049223
15,960000	0,732612	0,017672
15,970000	0,701063	-0,013880
15,980000	0,669514	-0,040173
15,990000	0,637965	-0,061207
16,000000	0,606416	-0,092758
16,010000	0,580125	-0,124310
16,020000	0,548576	-0,145344
16,030000	0,511769	-0,176895
16,040000	0,485478	-0,203188
16,050000	0,448671	-0,234739
16,060000	0,417122	-0,261032
16,070000	0,385573	-0,292584
16,080000	0,354024	-0,324135
16,090000	0,322475	-0,350428
16,100000	0,285668	-0,381979
16,110000	0,254119	-0,413531
16,120000	0,222570	-0,439823
16,130000	0,191021	-0,471375
16,140000	0,159472	-0,502926
16,150000	0,127923	-0,529219
16,160000	0,096374	-0,555512
16,170000	0,064825	-0,587063
16,180000	0,028018	-0,613356
16,190000	0,001727	-0,639649
16,200000	-0,035080	-0,671200
16,210000	-0,066629	-0,697493
16,220000	-0,098178	-0,729044
16,230000	-0,124469	-0,755337
16,240000	-0,156018	-0,786888
16,250000	-0,182308	-0,807923
16,260000	-0,208599	-0,834216
16,270000	-0,234890	-0,855250
16,280000	-0,266439	-0,881543
16,290000	-0,292730	-0,907835
16,300000	-0,313762	-0,928870
16,310000	-0,340053	-0,955162
16,320000	-0,366344	-0,976197
16,330000	-0,387377	-0,997231
16,340000	-0,408409	-1,018265
16,350000	-0,434700	-1,039299
16,360000	-0,450475	-1,060334
16,370000	-0,471507	-1,076109
16,380000	-0,487282	-1,086627
16,390000	-0,503056	-1,112919
16,400000	-0,518831	-1,128695
16,410000	-0,534605	-1,144471
16,420000	-0,550380	-1,160246
16,430000	-0,566154	-1,176022
16,440000	-0,576671	-1,186539
16,450000	-0,587187	-1,202315
16,460000	-0,602961	-1,212832
16,470000	-0,608219	-1,223349
16,480000	-0,618736	-1,233866
16,490000	-0,629252	-1,239125
16,500000	-0,634510	-1,249642
16,510000	-0,639768	-1,254901
16,520000	-0,639768	-1,260159
16,530000	-0,650285	-1,270676
16,540000	-0,650285	-1,270676
16,550000	-0,655543	-1,270676
16,560000	-0,650285	-1,275935
16,570000	-0,650285	-1,275935
16,580000	-0,650285	-1,275935
16,590000	-0,645027	-1,275935
16,600000	-0,639768	-1,270676
16,610000	-0,634510	-1,270676
16,620000	-0,629252	-1,265418
16,630000	-0,618736	-1,260159
16,640000	-0,613478	-1,254901
16,650000	-0,602961	-1,249642
16,660000	-0,592445	-1,239125
16,670000	-0,576671	-1,233866
16,680000	-0,566154	-1,223349
16,690000	-0,550380	-1,212832
16,700000	-0,534605	-1,197056
16,710000	-0,524089	-1,186539
16,720000	-0,503056	-1,176022
16,730000	-0,487282	-1,160246
16,740000	-0,471507	-1,139212
16,750000	-0,450475	-1,128695
16,760000	-0,429442	-1,107661
16,770000	-0,408409	-1,086627
16,780000	-0,387377	-1,070851
16,790000	-0,366344	-1,044558
16,800000	-0,340053	-1,028782
16,810000	-0,319021	-1,007748
16,820000	-0,292730	-0,981455
16,830000	-0,266439	-0,960421
16,840000	-0,245406	-0,939387
16,850000	-0,213857	-0,913094
16,860000	-0,187567	-0,886801
16,870000	-0,161276	-0,865767
16,880000	-0,134985	-0,839474
16,890000	-0,103436	-0,818440
16,900000	-0,077145	-0,786888
16,910000	-0,045596	-0,760596
16,920000	-0,014047	-0,734303
16,930000	0,022760	-0,708010
16,940000	0,049051	-0,676459
16,950000	0,080600	-0,644907
16,960000	0,117407	-0,618614
16,970000	0,148956	-0,581805
16,980000	0,180505	-0,555512
16,990000	0,206796	-0,523960
17,000000	0,243603	-0,492409
17,010000	0,275152	-0,466116
17,020000	0,306701	-0,434565
17,030000	0,338250	-0,403013
17,040000	0,369799	-0,376721
17,050000	0,401348	-0,345169
17,060000	0,432897	-0,313618
17,070000	0,464445	-0,282066
17,080000	0,495994	-0,255774
17,090000	0,522285	-0,224222
17,100000	0,553834	-0,192671
17,110000	0,585383	-0,166378
17,120000	0,616932	-0,134827
17,130000	0,637965	-0,103275
17,140000	0,674772	-0,071724
17,150000	0,701063	-0,040173
17,160000	0,732612	-0,013880
17,170000	0,758903	0,012413
17,180000	0,785193	0,043964
17,190000	0,811484	0,070257
17,200000	0,837775	0,091291
17,210000	0,858808	0,122843
17,220000	0,879840	0,143877
17,230000	0,906131	0,170170
17,240000	0,932422	0,196463
17,250000	0,953455	0,217497
17,260000	0,974487	0,238531
17,270000	0,990262	0,264824
17,280000	1,011294	0,285858
17,290000	1,032327	0,301634
17,300000	1,048101	0,322668
17,310000	1,063876	0,343702
17,320000	1,079650	0,359478
17,330000	1,095425	0,375254
17,340000	1,105941	0,391030
17,350000	1,121716	0,406805
17,360000	1,132232	0,417322
17,370000	1,142748	0,433098
17,380000	1,153265	0,443615
17,390000	1,158523	0,454132
17,400000	1,169039	0,464649
17,410000	1,174297	0,469908
17,420000	1,184814	0,475167
17,430000	1,184814	0,480425
17,440000	1,190072	0,485684
17,450000	1,190072	0,496201
17,460000	1,195330	0,496201
17,470000	1,195330	0,496201
17,480000	1,190072	0,496201
17,490000	1,190072	0,501459
17,500000	1,184814	0,496201
17,510000	1,179555	0,496201
17,520000	1,174297	0,490942
17,530000	1,169039	0,485684
17,540000	1,158523	0,480425
17,550000	1,153265	0,475167
17,560000	1,148006	0,464649
17,570000	1,132232	0,459391
17,580000	1,121716	0,448874
17,590000	1,111199	0,438357
17,600000	1,095425	0,422581
17,610000	1,079650	0,412064
17,620000	1,058618	0,396288
17,630000	1,048101	0,380512
17,640000	1,027069	0,359478
17,650000	1,011294	0,348961
17,660000	0,990262	0,327927
17,670000	0,974487	0,306893
17,680000	0,953455	0,291117
17,690000	0,927164	0,270083
17,700000	0,906131	0,249048
17,710000	0,885098	0,222756
17,720000	0,864066	0,201721
17,730000	0,837775	0,180687
17,740000	0,806226	0,159653
17,750000	0,785193	0,133360
17,760000	0,758903	0,107067
17,770000	0,732612	0,086033
17,780000	0,701063	0,059740
17,790000	0,674772	0,033447
17,800000	0,648481	0,001896
17,810000	0,616932	-0,029655
17,820000	0,590641	-0,055948
17,830000	0,559092	-0,087500
17,840000	0,532802	-0,113792
17,850000	0,501253	-0,140085
17,860000	0,469704	-0,171637
17,870000	0,438155	-0,203188
17,880000	0,411864	-0,234739
17,890000	0,380315	-0,266291
17,900000	0,348766	-0,297842
17,910000	0,317217	-0,329394
17,920000	0,285668	-0,355686
17,930000	0,254119	-0,387238
17,940000	0,222570	-0,424048
17,950000	0,196279	-0,450340
17,960000	0,164730	-0,481892
17,970000	0,133181	-0,513443
17,980000	0,101632	-0,544995
17,990000	0,070083	-0,576546
18,000000	0,043793	-0,608097
18,010000	0,017502	-0,639649
18,020000	-0,019305	-0,665942
18,030000	-0,050854	-0,692234
18,040000	-0,077145	-0,729044
18,050000	-0,108694	-0,755337
18,060000	-0,134985	-0,781630
18,070000	-0,161276	-0,813181
18,080000	-0,187567	-0,839474
18,090000	-0,213857	-0,865767
18,100000	-0,234890	-0,892060
18,110000	-0,261181	-0,918353
18,120000	-0,287472	-0,939387
18,130000	-0,308504	-0,965680
18,140000	-0,329537	-0,991972
18,150000	-0,350570	-1,013007
18,160000	-0,371602	-1,039299
18,170000	-0,392635	-1,060334
18,180000	-0,413668	-1,081368
18,190000	-0,429442	-1,102402
18,200000	-0,450475	-1,123436
18,210000	-0,466249	-1,144471
18,220000	-0,482024	-1,165505
18,230000	-0,497798	-1,181281
18,240000	-0,513573	-1,197056
18,250000	-0,529347	-1,212832
18,260000	-0,539863	-1,228608
18,270000	-0,550380	-1,239125
18,280000	-0,560896	-1,254901
18,290000	-0,566154	-1,260159
18,300000	-0,576671	-1,275935
18,310000	-0,587187	-1,281193
18,320000	-0,592445	-1,291710
18,330000	-0,592445	-1,296969
18,340000	-0,602961	-1,307486
18,350000	-0,608219	-1,312745
18,360000	-0,608219	-1,312745
18,370000	-0,608219	-1,318003
18,380000	-0,608219	-1,318003
18,390000	-0,608219	-1,318003
18,400000	-0,602961	-1,323262
18,410000	-0,602961	-1,318003
18,420000	-0,602961	-1,318003
18,430000	-0,597703	-1,312745
18,440000	-0,592445	-1,307486
18,450000	-0,587187	-1,302228
18,460000	-0,581929	-1,291710
18,470000	-0,571412	-1,286452
18,480000	-0,566154	-1,275935
18,490000	-0,550380	-1,265418
18,500000	-0,545122	-1,260159
18,510000	-0,529347	-1,249642
18,520000	-0,518831	-1,233866
18,530000	-0,503056	-1,218091
18,540000	-0,482024	-1,207573
18,550000	-0,466249	-1,191798
18,560000	-0,450475	-1,170764
18,570000	-0,429442	-1,154988
18,580000	-0,413668	-1,139212
18,590000	-0,392635	-1,118178
18,600000	-0,371602	-1,097144
18,610000	-0,350570	-1,076109
18,620000	-0,329537	-1,049817
18,630000	-0,303246	-1,028782
18,640000	-0,282213	-0,997231
18,650000	-0,261181	-0,976197
18,660000	-0,234890	-0,949904
18,670000	-0,208599	-0,918353
18,680000	-0,182308	-0,897318
18,690000	-0,161276	-0,871025
18,700000	-0,129727	-0,844733
18,710000	-0,103436	-0,813181
18,720000	-0,077145	-0,786888
18,730000	-0,045596	-0,760596
18,740000	-0,019305	-0,729044
18,750000	0,012244	-0,697493
18,760000	0,038534	-0,671200
18,770000	0,070083	-0,639649
18,780000	0,096374	-0,602839
18,790000	0,127923	-0,576546
18,800000	0,159472	-0,544995
18,810000	0,191021	-0,513443
18,820000	0,222570	-0,481892
18,830000	0,248861	-0,455599
18,840000	0,280410	-0,424048
18,850000	0,311959	-0,392496
18,860000	0,343508	-0,360945
18,870000	0,375057	-0,329394
18,880000	0,406606	-0,297842
18,890000	0,438155	-0,266291
18,900000	0,469704	-0,234739
18,910000	0,495994	-0,208447
18,920000	0,522285	-0,176895
18,930000	0,553834	-0,140085
18,940000	0,585383	-0,108534
18,950000	0,611674	-0,082241
18,960000	0,637965	-0,050690
18,970000	0,669514	-0,019138
18,980000	0,690546	0,012413
18,990000	0,722095	0,043964
19,000000	0,743128	0,070257
19,010000	0,769419	0,101809
19,020000	0,795710	0,128101
19,030000	0,822000	0,154394
19,040000	0,837775	0,180687
19,050000	0,869324	0,206980
19,060000	0,885098	0,233273
19,070000	0,906131	0,254307
19,080000	0,932422	0,275341
19,090000	0,953455	0,301634
19,100000	0,969229	0,322668
19,110000	0,990262	0,338444
19,120000	1,006036	0,359478
19,130000	1,021811	0,380512
19,140000	1,037585	0,396288
19,150000	1,053360	0,412064
19,160000	1,069134	0,427839
19,170000	1,079650	0,438357
19,180000	1,090167	0,454132
19,190000	1,105941	0,464649
19,200000	1,111199	0,480425
19,210000	1,121716	0,485684
19,220000	1,137490	0,496201
19,230000	1,142748	0,501459
19,240000	1,148006	0,511976
19,250000	1,148006	0,517235
19,260000	1,158523	0,517235
19,270000	1,158523	0,522494
19,280000	1,163781	0,522494
19,290000	1,169039	0,522494
19,300000	1,163781	0,527752
19,310000	1,163781	0,522494
19,320000	1,163781	0,522494
19,330000	1,158523	0,517235
19,340000	1,158523	0,506718
19,350000	1,153265	0,501459
19,360000	1,148006	0,496201
19,370000	1,137490	0,485684
19,380000	1,126974	0,475167
19,390000	1,121716	0,464649
19,400000	1,111199	0,454132
19,410000	1,100683	0,443615
19,420000	1,084909	0,433098
19,430000	1,074392	0,417322
19,440000	1,063876	0,401547
19,450000	1,048101	0,385771
19,460000	1,032327	0,369995
19,470000	1,011294	0,354220
19,480000	1,000778	0,333185
19,490000	0,979745	0,317410
19,500000	0,963971	0,296375
19,510000	0,942938	0,275341
19,520000	0,921906	0,259565
19,530000	0,900873	0,233273
19,540000	0,874582	0,206980
19,550000	0,853549	0,185946
19,560000	0,832517	0,154394
19,570000	0,811484	0,128101
19,580000	0,779935	0,101809
19,590000	0,758903	0,075516
19,600000	0,732612	0,049223
19,610000	0,706321	0,017672
19,620000	0,680030	-0,013880
19,630000	0,648481	-0,040173
19,640000	0,622190	-0,076983
19,650000	0,590641	-0,103275
19,660000	0,564351	-0,134827
19,670000	0,538060	-0,166378
19,680000	0,506511	-0,197929
19,690000	0,474962	-0,229481
19,700000	0,443413	-0,266291
19,710000	0,417122	-0,297842
19,720000	0,390831	-0,329394
19,730000	0,354024	-0,360945
19,740000	0,322475	-0,392496
19,750000	0,296184	-0,418789
19,760000	0,264635	-0,455599
19,770000	0,233086	-0,487150
19,780000	0,201537	-0,518702
19,790000	0,175247	-0,550253
19,800000	0,143698	-0,581805
19,810000	0,112149	-0,613356
19,820000	0,080600	-0,644907
19,830000	0,054309	-0,671200
19,840000	0,022760	-0,702751
19,850000	-0,008789	-0,729044
19,860000	-0,035080	-0,760596
19,870000	-0,061371	-0,786888
19,880000	-0,092920	-0,818440
19,890000	-0,119210	-0,849991
19,900000	-0,145501	-0,876284
19,910000	-0,171792	-0,902577
19,920000	-0,198083	-0,928870
19,930000	-0,224374	-0,955162
19,940000	-0,250664	-0,981455
19,950000	-0,271697	-1,002490
19,960000	-0,297988	-1,028782
19,970000	-0,319021	-1,049817
19,980000	-0,340053	-1,065592
19,990000	-0,366344	-1,086627
