t (s)	U1(V)	U2(V)
0,000000	0,022760	-0,124310
0,010000	0,038534	-0,140085
0,020000	0,054309	-0,150602
0,030000	0,070083	-0,166378
0,040000	0,080600	-0,182154
0,050000	0,096374	-0,197929
0,060000	0,122665	-0,213705
0,070000	0,133181	-0,229481
0,080000	0,148956	-0,245257
0,090000	0,164730	-0,255774
0,100000	0,185763	-0,271549
0,110000	0,201537	-0,287325
0,120000	0,217312	-0,303101
0,130000	0,233086	-0,313618
0,140000	0,248861	-0,329394
0,150000	0,264635	-0,345169
0,160000	0,280410	-0,355686
0,170000	0,301442	-0,371462
0,180000	0,317217	-0,387238
0,190000	0,338250	-0,397755
0,200000	0,348766	-0,418789
0,210000	0,369799	-0,429306
0,220000	0,385573	-0,445082
0,230000	0,401348	-0,455599
0,240000	0,417122	-0,476633
0,250000	0,432897	-0,492409
0,260000	0,443413	-0,502926
0,270000	0,459187	-0,518702
0,280000	0,474962	-0,529219
0,290000	0,485478	-0,544995
0,300000	0,501253	-0,555512
0,310000	0,517027	-0,566029
0,320000	0,527543	-0,576546
0,330000	0,538060	-0,592322
0,340000	0,548576	-0,602839
0,350000	0,564351	-0,618614
0,360000	0,574867	-0,623873
0,370000	0,590641	-0,639649
0,380000	0,595900	-0,650166
0,390000	0,606416	-0,655424
0,400000	0,616932	-0,665942
0,410000	0,622190	-0,671200
0,420000	0,632707	-0,681717
0,430000	0,643223	-0,692234
0,440000	0,648481	-0,697493
0,450000	0,653739	-0,702751
0,460000	0,658997	-0,702751
0,470000	0,664256	-0,708010
0,480000	0,669514	-0,713269
0,490000	0,674772	-0,718527
0,500000	0,674772	-0,723786
0,510000	0,680030	-0,729044
0,520000	0,680030	-0,734303
0,530000	0,680030	-0,734303
0,540000	0,685288	-0,734303
0,550000	0,680030	-0,734303
0,560000	0,685288	-0,734303
0,570000	0,680030	-0,734303
0,580000	0,680030	-0,734303
0,590000	0,680030	-0,734303
0,600000	0,680030	-0,734303
0,610000	0,669514	-0,729044
0,620000	0,664256	-0,723786
0,630000	0,658997	-0,718527
0,640000	0,653739	-0,713269
0,650000	0,648481	-0,713269
0,660000	0,643223	-0,702751
0,670000	0,637965	-0,697493
0,680000	0,627448	-0,692234
0,690000	0,616932	-0,676459
0,700000	0,611674	-0,671200
0,710000	0,601158	-0,660683
0,720000	0,590641	-0,655424
0,730000	0,580125	-0,644907
0,740000	0,569609	-0,634390
0,750000	0,553834	-0,623873
0,760000	0,543318	-0,613356
0,770000	0,532802	-0,602839
0,780000	0,522285	-0,592322
0,790000	0,506511	-0,576546
0,800000	0,485478	-0,566029
0,810000	0,474962	-0,550253
0,820000	0,464445	-0,539736
0,830000	0,443413	-0,518702
0,840000	0,432897	-0,508185
0,850000	0,411864	-0,492409
0,860000	0,396089	-0,476633
0,870000	0,380315	-0,466116
0,880000	0,364540	-0,455599
0,890000	0,343508	-0,439823
0,900000	0,327733	-0,424048
0,910000	0,311959	-0,408272
0,920000	0,290926	-0,387238
0,930000	0,275152	-0,376721
0,940000	0,259377	-0,366203
0,950000	0,243603	-0,350428
0,960000	0,222570	-0,334652
0,970000	0,206796	-0,318876
0,980000	0,191021	-0,303101
0,990000	0,180505	-0,287325
1,000000	0,154214	-0,276808
1,010000	0,138439	-0,261032
1,020000	0,127923	-0,245257
1,030000	0,106890	-0,224222
1,040000	0,091116	-0,213705
1,050000	0,075342	-0,197929
1,060000	0,059567	-0,182154
1,070000	0,043793	-0,166378
1,080000	0,028018	-0,155861
1,090000	0,017502	-0,145344
1,100000	-0,003531	-0,129568
1,110000	-0,019305	-0,119051
1,120000	-0,035080	-0,103275
1,130000	-0,045596	-0,092758
1,140000	-0,061371	-0,082241
1,150000	-0,071887	-0,066465
1,160000	-0,082403	-0,055948
1,170000	-0,092920	-0,045431
1,180000	-0,108694	-0,034914
1,190000	-0,113952	-0,029655
1,200000	-0,124469	-0,019138
1,210000	-0,134985	-0,013880
1,220000	-0,145501	-0,003363
1,230000	-0,150759	0,001896
1,240000	-0,161276	0,007154
1,250000	-0,171792	0,017672
1,260000	-0,171792	0,022930
1,270000	-0,182308	0,028189
1,280000	-0,187567	0,033447
1,290000	-0,192825	0,038706
1,300000	-0,198083	0,038706
1,310000	-0,203341	0,043964
1,320000	-0,208599	0,049223
1,330000	-0,208599	0,054482
1,340000	-0,208599	0,054482
1,350000	-0,208599	0,059740
1,360000	-0,208599	0,059740
1,370000	-0,208599	0,059740
1,380000	-0,208599	0,064999
1,390000	-0,208599	0,059740
1,400000	-0,203341	0,059740
1,410000	-0,203341	0,054482
1,420000	-0,198083	0,054482
1,430000	-0,192825	0,049223
1,440000	-0,192825	0,043964
1,450000	-0,187567	0,038706
1,460000	-0,182308	0,033447
1,470000	-0,171792	0,028189
1,480000	-0,166534	0,022930
1,490000	-0,156018	0,017672
1,500000	-0,150759	0,007154
1,510000	-0,140243	0,001896
1,520000	-0,134985	-0,008621
1,530000	-0,124469	-0,019138
1,540000	-0,108694	-0,024397
1,550000	-0,103436	-0,040173
1,560000	-0,092920	-0,050690
1,570000	-0,082403	-0,061207
1,580000	-0,066629	-0,071724
1,590000	-0,056113	-0,082241
1,600000	-0,040338	-0,092758
1,610000	-0,024564	-0,103275
1,620000	-0,019305	-0,119051
1,630000	0,001727	-0,129568
1,640000	0,017502	-0,140085
1,650000	0,033276	-0,155861
1,660000	0,049051	-0,166378
1,670000	0,059567	-0,182154
1,680000	0,080600	-0,197929
1,690000	0,096374	-0,208447
1,700000	0,112149	-0,224222
1,710000	0,127923	-0,239998
1,720000	0,148956	-0,255774
1,730000	0,159472	-0,271549
1,740000	0,185763	-0,287325
1,750000	0,196279	-0,297842
1,760000	0,212054	-0,318876
1,770000	0,233086	-0,339911
1,780000	0,248861	-0,350428
1,790000	0,264635	-0,371462
1,800000	0,280410	-0,387238
1,810000	0,301442	-0,403013
1,820000	0,317217	-0,418789
1,830000	0,332991	-0,434565
1,840000	0,348766	-0,450340
1,850000	0,364540	-0,466116
1,860000	0,380315	-0,481892
1,870000	0,401348	-0,492409
1,880000	0,417122	-0,508185
1,890000	0,432897	-0,523960
1,900000	0,448671	-0,534477
1,910000	0,464445	-0,544995
1,920000	0,474962	-0,560770
1,930000	0,490736	-0,571287
1,940000	0,501253	-0,581805
1,950000	0,517027	-0,597580
1,960000	0,532802	-0,608097
1,970000	0,543318	-0,618614
1,980000	0,553834	-0,623873
1,990000	0,569609	-0,634390
2,000000	0,574867	-0,644907
2,010000	0,590641	-0,650166
2,020000	0,601158	-0,665942
2,030000	0,606416	-0,671200
2,040000	0,616932	-0,681717
2,050000	0,622190	-0,686976
2,060000	0,632707	-0,692234
2,070000	0,643223	-0,702751
2,080000	0,648481	-0,708010
2,090000	0,653739	-0,713269
2,100000	0,664256	-0,718527
2,110000	0,664256	-0,718527
2,120000	0,669514	-0,723786
2,130000	0,674772	-0,729044
2,140000	0,674772	-0,734303
2,150000	0,685288	-0,734303
2,160000	0,685288	-0,739561
2,170000	0,685288	-0,739561
2,180000	0,690546	-0,739561
2,190000	0,685288	-0,739561
2,200000	0,685288	-0,729044
2,210000	0,680030	-0,734303
2,220000	0,680030	-0,729044
2,230000	0,680030	-0,729044
2,240000	0,674772	-0,729044
2,250000	0,669514	-0,723786
2,260000	0,664256	-0,718527
2,270000	0,664256	-0,718527
2,280000	0,658997	-0,713269
2,290000	0,648481	-0,708010
2,300000	0,643223	-0,697493
2,310000	0,632707	-0,692234
2,320000	0,627448	-0,681717
2,330000	0,622190	-0,671200
2,340000	0,611674	-0,660683
2,350000	0,601158	-0,650166
2,360000	0,585383	-0,639649
2,370000	0,574867	-0,629132
2,380000	0,564351	-0,623873
2,390000	0,553834	-0,613356
2,400000	0,538060	-0,597580
2,410000	0,527543	-0,592322
2,420000	0,511769	-0,581805
2,430000	0,495994	-0,566029
2,440000	0,480220	-0,555512
2,450000	0,469704	-0,539736
2,460000	0,453929	-0,529219
2,470000	0,438155	-0,518702
2,480000	0,422380	-0,497668
2,490000	0,406606	-0,487150
2,500000	0,390831	-0,471375
2,510000	0,369799	-0,460858
2,520000	0,354024	-0,445082
2,530000	0,338250	-0,434565
2,540000	0,322475	-0,418789
2,550000	0,306701	-0,403013
2,560000	0,290926	-0,381979
2,570000	0,275152	-0,371462
2,580000	0,254119	-0,355686
2,590000	0,243603	-0,334652
2,600000	0,222570	-0,318876
2,610000	0,206796	-0,303101
2,620000	0,191021	-0,287325
2,630000	0,169988	-0,271549
2,640000	0,154214	-0,255774
2,650000	0,138439	-0,239998
2,660000	0,122665	-0,224222
2,670000	0,106890	-0,213705
2,680000	0,091116	-0,203188
2,690000	0,070083	-0,187412
2,700000	0,054309	-0,176895
2,710000	0,038534	-0,161120
2,720000	0,022760	-0,150602
2,730000	0,012244	-0,134827
2,740000	-0,008789	-0,124310
2,750000	-0,019305	-0,108534
2,760000	-0,035080	-0,098017
2,770000	-0,050854	-0,082241
2,780000	-0,061371	-0,071724
2,790000	-0,077145	-0,061207
2,800000	-0,087661	-0,050690
2,810000	-0,098178	-0,040173
2,820000	-0,108694	-0,029655
2,830000	-0,124469	-0,024397
2,840000	-0,134985	-0,013880
2,850000	-0,140243	-0,003363
2,860000	-0,150759	0,007154
2,870000	-0,161276	0,012413
2,880000	-0,171792	0,022930
2,890000	-0,171792	0,028189
2,900000	-0,182308	0,033447
2,910000	-0,187567	0,038706
2,920000	-0,192825	0,049223
2,930000	-0,198083	0,049223
2,940000	-0,198083	0,054482
2,950000	-0,208599	0,059740
2,960000	-0,208599	0,059740
2,970000	-0,208599	0,064999
2,980000	-0,213857	0,070257
2,990000	-0,213857	0,064999
3,000000	-0,213857	0,064999
3,010000	-0,213857	0,064999
3,020000	-0,213857	0,059740
3,030000	-0,213857	0,059740
3,040000	-0,208599	0,054482
3,050000	-0,203341	0,054482
3,060000	-0,198083	0,049223
3,070000	-0,198083	0,043964
3,080000	-0,192825	0,043964
3,090000	-0,187567	0,038706
3,100000	-0,182308	0,033447
3,110000	-0,177050	0,022930
3,120000	-0,171792	0,017672
3,130000	-0,161276	0,007154
3,140000	-0,150759	-0,003363
3,150000	-0,145501	-0,013880
3,160000	-0,129727	-0,024397
3,170000	-0,119210	-0,029655
3,180000	-0,108694	-0,040173
3,190000	-0,103436	-0,050690
3,200000	-0,092920	-0,061207
3,210000	-0,077145	-0,071724
3,220000	-0,066629	-0,082241
3,230000	-0,050854	-0,098017
3,240000	-0,035080	-0,103275
3,250000	-0,024564	-0,119051
3,260000	-0,008789	-0,134827
3,270000	0,006985	-0,145344
3,280000	0,017502	-0,155861
3,290000	0,033276	-0,171637
3,300000	0,049051	-0,187412
3,310000	0,064825	-0,197929
3,320000	0,085858	-0,213705
3,330000	0,096374	-0,229481
3,340000	0,112149	-0,245257
3,350000	0,127923	-0,261032
3,360000	0,143698	-0,276808
3,370000	0,164730	-0,292584
3,380000	0,180505	-0,308359
3,390000	0,196279	-0,318876
3,400000	0,212054	-0,334652
3,410000	0,233086	-0,355686
3,420000	0,248861	-0,366203
3,430000	0,264635	-0,381979
3,440000	0,280410	-0,392496
3,450000	0,301442	-0,413531
3,460000	0,317217	-0,429306
3,470000	0,332991	-0,445082
3,480000	0,348766	-0,460858
3,490000	0,364540	-0,476633
3,500000	0,380315	-0,492409
3,510000	0,396089	-0,508185
3,520000	0,411864	-0,523960
3,530000	0,427638	-0,539736
3,540000	0,443413	-0,544995
3,550000	0,453929	-0,560770
3,560000	0,469704	-0,576546
3,570000	0,490736	-0,587063
3,580000	0,501253	-0,597580
3,590000	0,511769	-0,608097
3,600000	0,527543	-0,618614
3,610000	0,538060	-0,629132
3,620000	0,553834	-0,639649
3,630000	0,564351	-0,650166
3,640000	0,569609	-0,660683
3,650000	0,585383	-0,671200
3,660000	0,595900	-0,681717
3,670000	0,606416	-0,686976
3,680000	0,611674	-0,692234
3,690000	0,622190	-0,702751
3,700000	0,627448	-0,708010
3,710000	0,637965	-0,718527
3,720000	0,643223	-0,723786
3,730000	0,653739	-0,729044
3,740000	0,653739	-0,734303
3,750000	0,664256	-0,734303
3,760000	0,669514	-0,739561
3,770000	0,669514	-0,739561
3,780000	0,674772	-0,744820
3,790000	0,674772	-0,744820
3,800000	0,674772	-0,744820
3,810000	0,674772	-0,750079
3,820000	0,674772	-0,744820
3,830000	0,680030	-0,744820
3,840000	0,680030	-0,744820
3,850000	0,674772	-0,739561
3,860000	0,674772	-0,734303
3,870000	0,669514	-0,734303
3,880000	0,664256	-0,729044
3,890000	0,664256	-0,729044
3,900000	0,653739	-0,723786
3,910000	0,653739	-0,713269
3,920000	0,648481	-0,708010
3,930000	0,637965	-0,702751
3,940000	0,632707	-0,697493
3,950000	0,627448	-0,692234
3,960000	0,616932	-0,681717
3,970000	0,611674	-0,676459
3,980000	0,601158	-0,665942
3,990000	0,590641	-0,655424
4,000000	0,580125	-0,644907
4,010000	0,564351	-0,634390
4,020000	0,553834	-0,623873
4,030000	0,543318	-0,608097
4,040000	0,532802	-0,597580
4,050000	0,522285	-0,587063
4,060000	0,506511	-0,571287
4,070000	0,490736	-0,560770
4,080000	0,480220	-0,539736
4,090000	0,464445	-0,529219
4,100000	0,448671	-0,513443
4,110000	0,432897	-0,497668
4,120000	0,417122	-0,487150
4,130000	0,401348	-0,471375
4,140000	0,385573	-0,450340
4,150000	0,369799	-0,439823
4,160000	0,348766	-0,424048
4,170000	0,338250	-0,408272
4,180000	0,317217	-0,387238
4,190000	0,301442	-0,376721
4,200000	0,290926	-0,360945
4,210000	0,269894	-0,345169
4,220000	0,248861	-0,329394
4,230000	0,233086	-0,313618
4,240000	0,217312	-0,303101
4,250000	0,201537	-0,287325
4,260000	0,185763	-0,271549
4,270000	0,169988	-0,255774
4,280000	0,154214	-0,245257
4,290000	0,138439	-0,229481
4,300000	0,122665	-0,213705
4,310000	0,106890	-0,203188
4,320000	0,091116	-0,187412
4,330000	0,075342	-0,176895
4,340000	0,059567	-0,161120
4,350000	0,043793	-0,145344
4,360000	0,033276	-0,134827
4,370000	0,017502	-0,119051
4,380000	0,001727	-0,103275
4,390000	-0,014047	-0,098017
4,400000	-0,029822	-0,082241
4,410000	-0,035080	-0,071724
4,420000	-0,050854	-0,061207
4,430000	-0,066629	-0,045431
4,440000	-0,077145	-0,040173
4,450000	-0,092920	-0,029655
4,460000	-0,098178	-0,019138
4,470000	-0,108694	-0,008621
4,480000	-0,119210	0,001896
4,490000	-0,129727	0,012413
4,500000	-0,140243	0,022930
4,510000	-0,145501	0,033447
4,520000	-0,156018	0,043964
4,530000	-0,166534	0,043964
4,540000	-0,166534	0,054482
4,550000	-0,171792	0,054482
4,560000	-0,182308	0,059740
4,570000	-0,187567	0,059740
4,580000	-0,187567	0,064999
4,590000	-0,192825	0,070257
4,600000	-0,192825	0,070257
4,610000	-0,198083	0,070257
4,620000	-0,198083	0,070257
4,630000	-0,198083	0,075516
4,640000	-0,198083	0,070257
4,650000	-0,203341	0,070257
4,660000	-0,198083	0,064999
4,670000	-0,192825	0,064999
4,680000	-0,192825	0,064999
4,690000	-0,187567	0,059740
4,700000	-0,187567	0,054482
4,710000	-0,182308	0,049223
4,720000	-0,182308	0,038706
4,730000	-0,177050	0,033447
4,740000	-0,171792	0,028189
4,750000	-0,161276	0,022930
4,760000	-0,156018	0,012413
4,770000	-0,150759	0,007154
4,780000	-0,140243	-0,003363
4,790000	-0,134985	-0,008621
4,800000	-0,124469	-0,024397
4,810000	-0,113952	-0,034914
4,820000	-0,103436	-0,045431
4,830000	-0,092920	-0,055948
4,840000	-0,082403	-0,066465
4,850000	-0,066629	-0,082241
4,860000	-0,056113	-0,092758
4,870000	-0,040338	-0,103275
4,880000	-0,035080	-0,113792
4,890000	-0,019305	-0,129568
4,900000	-0,003531	-0,140085
4,910000	0,012244	-0,155861
4,920000	0,028018	-0,171637
4,930000	0,038534	-0,187412
4,940000	0,054309	-0,203188
4,950000	0,070083	-0,218964
4,960000	0,085858	-0,234739
4,970000	0,101632	-0,250515
4,980000	0,117407	-0,261032
4,990000	0,133181	-0,276808
5,000000	0,154214	-0,287325
5,010000	0,164730	-0,308359
5,020000	0,185763	-0,318876
5,030000	0,201537	-0,334652
5,040000	0,217312	-0,350428
5,050000	0,233086	-0,366203
5,060000	0,248861	-0,381979
5,070000	0,269894	-0,397755
5,080000	0,285668	-0,413531
5,090000	0,301442	-0,424048
5,100000	0,317217	-0,439823
5,110000	0,332991	-0,450340
5,120000	0,354024	-0,466116
5,130000	0,369799	-0,476633
5,140000	0,385573	-0,492409
5,150000	0,401348	-0,508185
5,160000	0,417122	-0,523960
5,170000	0,432897	-0,534477
5,180000	0,443413	-0,550253
5,190000	0,464445	-0,566029
5,200000	0,474962	-0,581805
5,210000	0,490736	-0,592322
5,220000	0,501253	-0,602839
5,230000	0,517027	-0,618614
5,240000	0,527543	-0,629132
5,250000	0,538060	-0,639649
5,260000	0,548576	-0,655424
5,270000	0,559092	-0,660683
5,280000	0,574867	-0,676459
5,290000	0,580125	-0,681717
5,300000	0,590641	-0,692234
5,310000	0,601158	-0,702751
5,320000	0,606416	-0,713269
5,330000	0,616932	-0,718527
5,340000	0,627448	-0,723786
5,350000	0,632707	-0,734303
5,360000	0,637965	-0,739561
5,370000	0,648481	-0,744820
5,380000	0,653739	-0,744820
5,390000	0,653739	-0,744820
5,400000	0,658997	-0,750079
5,410000	0,664256	-0,750079
5,420000	0,664256	-0,750079
5,430000	0,669514	-0,750079
5,440000	0,669514	-0,750079
5,450000	0,674772	-0,750079
5,460000	0,669514	-0,750079
5,470000	0,674772	-0,744820
5,480000	0,669514	-0,739561
5,490000	0,669514	-0,734303
5,500000	0,664256	-0,734303
5,510000	0,664256	-0,729044
5,520000	0,653739	-0,723786
5,530000	0,653739	-0,718527
5,540000	0,648481	-0,713269
5,550000	0,643223	-0,708010
5,560000	0,637965	-0,702751
5,570000	0,632707	-0,697493
5,580000	0,622190	-0,686976
5,590000	0,616932	-0,681717
5,600000	0,606416	-0,671200
5,610000	0,601158	-0,660683
5,620000	0,590641	-0,650166
5,630000	0,580125	-0,639649
5,640000	0,569609	-0,629132
5,650000	0,559092	-0,618614
5,660000	0,543318	-0,608097
5,670000	0,532802	-0,592322
5,680000	0,522285	-0,587063
5,690000	0,511769	-0,571287
5,700000	0,490736	-0,555512
5,710000	0,480220	-0,539736
5,720000	0,464445	-0,529219
5,730000	0,453929	-0,513443
5,740000	0,443413	-0,497668
5,750000	0,427638	-0,481892
5,760000	0,411864	-0,471375
5,770000	0,396089	-0,455599
5,780000	0,375057	-0,439823
5,790000	0,364540	-0,424048
5,800000	0,343508	-0,413531
5,810000	0,327733	-0,397755
5,820000	0,311959	-0,376721
5,830000	0,296184	-0,360945
5,840000	0,280410	-0,345169
5,850000	0,264635	-0,329394
5,860000	0,248861	-0,313618
5,870000	0,233086	-0,297842
5,880000	0,217312	-0,282066
5,890000	0,201537	-0,261032
5,900000	0,185763	-0,245257
5,910000	0,169988	-0,229481
5,920000	0,154214	-0,213705
5,930000	0,138439	-0,203188
5,940000	0,122665	-0,187412
5,950000	0,106890	-0,171637
5,960000	0,091116	-0,155861
5,970000	0,070083	-0,145344
5,980000	0,059567	-0,129568
5,990000	0,043793	-0,113792
6,000000	0,028018	-0,098017
6,010000	0,012244	-0,087500
6,020000	-0,008789	-0,076983
6,030000	-0,019305	-0,066465
6,040000	-0,029822	-0,050690
6,050000	-0,040338	-0,034914
6,060000	-0,050854	-0,024397
6,070000	-0,066629	-0,013880
6,080000	-0,077145	0,001896
6,090000	-0,087661	0,007154
6,100000	-0,098178	0,017672
6,110000	-0,108694	0,028189
6,120000	-0,119210	0,038706
6,130000	-0,129727	0,043964
6,140000	-0,134985	0,054482
6,150000	-0,140243	0,059740
6,160000	-0,150759	0,064999
6,170000	-0,156018	0,070257
6,180000	-0,161276	0,075516
6,190000	-0,171792	0,080774
6,200000	-0,177050	0,086033
6,210000	-0,177050	0,086033
6,220000	-0,182308	0,091291
6,230000	-0,187567	0,086033
6,240000	-0,187567	0,091291
6,250000	-0,192825	0,091291
6,260000	-0,192825	0,091291
6,270000	-0,192825	0,091291
6,280000	-0,192825	0,086033
6,290000	-0,187567	0,091291
6,300000	-0,192825	0,086033
6,310000	-0,192825	0,086033
6,320000	-0,187567	0,080774
6,330000	-0,182308	0,075516
6,340000	-0,182308	0,070257
6,350000	-0,177050	0,064999
6,360000	-0,171792	0,059740
6,370000	-0,166534	0,054482
6,380000	-0,156018	0,049223
6,390000	-0,150759	0,038706
6,400000	-0,140243	0,028189
6,410000	-0,134985	0,022930
6,420000	-0,124469	0,012413
6,430000	-0,113952	-0,003363
6,440000	-0,103436	-0,019138
6,450000	-0,092920	-0,029655
6,460000	-0,082403	-0,040173
6,470000	-0,071887	-0,050690
6,480000	-0,061371	-0,061207
6,490000	-0,050854	-0,076983
6,500000	-0,040338	-0,092758
6,510000	-0,024564	-0,108534
6,520000	-0,014047	-0,119051
6,530000	0,001727	-0,134827
6,540000	0,017502	-0,150602
6,550000	0,033276	-0,161120
6,560000	0,043793	-0,182154
6,570000	0,059567	-0,197929
6,580000	0,075342	-0,213705
6,590000	0,091116	-0,224222
6,600000	0,106890	-0,239998
6,610000	0,117407	-0,261032
6,620000	0,133181	-0,271549
6,630000	0,148956	-0,292584
6,640000	0,164730	-0,303101
6,650000	0,185763	-0,318876
6,660000	0,201537	-0,339911
6,670000	0,217312	-0,355686
6,680000	0,233086	-0,371462
6,690000	0,248861	-0,387238
6,700000	0,264635	-0,403013
6,710000	0,280410	-0,418789
6,720000	0,296184	-0,439823
6,730000	0,311959	-0,455599
6,740000	0,322475	-0,471375
6,750000	0,343508	-0,487150
6,760000	0,359282	-0,502926
6,770000	0,375057	-0,518702
6,780000	0,385573	-0,529219
6,790000	0,401348	-0,544995
6,800000	0,411864	-0,560770
6,810000	0,427638	-0,566029
6,820000	0,443413	-0,581805
6,830000	0,459187	-0,592322
6,840000	0,474962	-0,608097
6,850000	0,485478	-0,618614
6,860000	0,501253	-0,629132
6,870000	0,511769	-0,644907
6,880000	0,522285	-0,655424
6,890000	0,532802	-0,660683
6,900000	0,548576	-0,671200
6,910000	0,553834	-0,681717
6,920000	0,569609	-0,686976
6,930000	0,574867	-0,692234
6,940000	0,585383	-0,697493
6,950000	0,595900	-0,708010
6,960000	0,601158	-0,713269
6,970000	0,616932	-0,718527
6,980000	0,616932	-0,723786
6,990000	0,622190	-0,734303
7,000000	0,632707	-0,739561
7,010000	0,637965	-0,739561
7,020000	0,637965	-0,744820
7,030000	0,643223	-0,744820
7,040000	0,648481	-0,750079
7,050000	0,648481	-0,750079
7,060000	0,653739	-0,750079
7,070000	0,653739	-0,755337
7,080000	0,653739	-0,755337
7,090000	0,653739	-0,755337
7,100000	0,653739	-0,750079
7,110000	0,653739	-0,750079
7,120000	0,648481	-0,750079
7,130000	0,648481	-0,744820
7,140000	0,648481	-0,739561
7,150000	0,643223	-0,734303
7,160000	0,637965	-0,729044
7,170000	0,632707	-0,729044
7,180000	0,632707	-0,718527
7,190000	0,627448	-0,713269
7,200000	0,616932	-0,708010
7,210000	0,611674	-0,697493
7,220000	0,606416	-0,692234
7,230000	0,595900	-0,681717
7,240000	0,590641	-0,671200
7,250000	0,580125	-0,660683
7,260000	0,574867	-0,655424
7,270000	0,564351	-0,639649
7,280000	0,553834	-0,634390
7,290000	0,543318	-0,618614
7,300000	0,527543	-0,608097
7,310000	0,517027	-0,597580
7,320000	0,506511	-0,581805
7,330000	0,495994	-0,571287
7,340000	0,480220	-0,555512
7,350000	0,464445	-0,544995
7,360000	0,453929	-0,529219
7,370000	0,438155	-0,518702
7,380000	0,422380	-0,497668
7,390000	0,411864	-0,481892
7,400000	0,396089	-0,466116
7,410000	0,380315	-0,450340
7,420000	0,359282	-0,434565
7,430000	0,348766	-0,418789
7,440000	0,332991	-0,403013
7,450000	0,311959	-0,387238
7,460000	0,301442	-0,371462
7,470000	0,280410	-0,355686
7,480000	0,269894	-0,339911
7,490000	0,254119	-0,324135
7,500000	0,238345	-0,308359
7,510000	0,217312	-0,292584
7,520000	0,206796	-0,276808
7,530000	0,191021	-0,261032
7,540000	0,169988	-0,245257
7,550000	0,154214	-0,229481
7,560000	0,143698	-0,213705
7,570000	0,127923	-0,192671
7,580000	0,112149	-0,176895
7,590000	0,096374	-0,161120
7,600000	0,080600	-0,145344
7,610000	0,064825	-0,134827
7,620000	0,049051	-0,119051
7,630000	0,033276	-0,108534
7,640000	0,022760	-0,092758
7,650000	0,006985	-0,076983
7,660000	-0,008789	-0,066465
7,670000	-0,024564	-0,055948
7,680000	-0,035080	-0,040173
7,690000	-0,045596	-0,029655
7,700000	-0,056113	-0,019138
7,710000	-0,071887	-0,008621
7,720000	-0,077145	0,007154
7,730000	-0,087661	0,017672
7,740000	-0,098178	0,028189
7,750000	-0,108694	0,038706
7,760000	-0,119210	0,043964
7,770000	-0,124469	0,049223
7,780000	-0,134985	0,059740
7,790000	-0,140243	0,064999
7,800000	-0,150759	0,070257
7,810000	-0,156018	0,075516
7,820000	-0,156018	0,080774
7,830000	-0,161276	0,086033
7,840000	-0,166534	0,091291
7,850000	-0,171792	0,086033
7,860000	-0,177050	0,096550
7,870000	-0,177050	0,096550
7,880000	-0,177050	0,096550
7,890000	-0,182308	0,096550
7,900000	-0,182308	0,096550
7,910000	-0,177050	0,091291
7,920000	-0,182308	0,086033
7,930000	-0,177050	0,086033
7,940000	-0,177050	0,080774
7,950000	-0,171792	0,080774
7,960000	-0,171792	0,075516
7,970000	-0,166534	0,070257
7,980000	-0,161276	0,059740
7,990000	-0,156018	0,054482
8,000000	-0,156018	0,049223
8,010000	-0,145501	0,038706
8,020000	-0,140243	0,033447
8,030000	-0,134985	0,022930
8,040000	-0,124469	0,017672
8,050000	-0,119210	0,007154
8,060000	-0,108694	0,001896
8,070000	-0,098178	-0,013880
8,080000	-0,092920	-0,019138
8,090000	-0,082403	-0,029655
8,100000	-0,071887	-0,045431
8,110000	-0,056113	-0,055948
8,120000	-0,050854	-0,066465
8,130000	-0,035080	-0,082241
8,140000	-0,019305	-0,092758
8,150000	-0,008789	-0,108534
8,160000	0,006985	-0,124310
8,170000	0,022760	-0,140085
8,180000	0,033276	-0,155861
8,190000	0,049051	-0,171637
8,200000	0,059567	-0,187412
8,210000	0,075342	-0,197929
8,220000	0,091116	-0,218964
8,230000	0,106890	-0,229481
8,240000	0,117407	-0,250515
8,250000	0,138439	-0,261032
8,260000	0,154214	-0,282066
8,270000	0,169988	-0,297842
8,280000	0,185763	-0,313618
8,290000	0,201537	-0,329394
8,300000	0,212054	-0,345169
8,310000	0,233086	-0,366203
8,320000	0,248861	-0,381979
8,330000	0,264635	-0,397755
8,340000	0,285668	-0,408272
8,350000	0,296184	-0,424048
8,360000	0,311959	-0,445082
8,370000	0,322475	-0,460858
8,380000	0,338250	-0,471375
8,390000	0,354024	-0,487150
8,400000	0,369799	-0,502926
8,410000	0,385573	-0,518702
8,420000	0,401348	-0,529219
8,430000	0,411864	-0,544995
8,440000	0,427638	-0,560770
8,450000	0,443413	-0,571287
8,460000	0,459187	-0,587063
8,470000	0,469704	-0,597580
8,480000	0,485478	-0,608097
8,490000	0,495994	-0,618614
8,500000	0,506511	-0,634390
8,510000	0,522285	-0,644907
8,520000	0,532802	-0,655424
8,530000	0,548576	-0,665942
8,540000	0,553834	-0,671200
8,550000	0,564351	-0,686976
8,560000	0,580125	-0,692234
8,570000	0,585383	-0,697493
8,580000	0,590641	-0,708010
8,590000	0,601158	-0,718527
8,600000	0,606416	-0,718527
8,610000	0,616932	-0,729044
8,620000	0,622190	-0,734303
8,630000	0,627448	-0,744820
8,640000	0,632707	-0,750079
8,650000	0,632707	-0,750079
8,660000	0,637965	-0,750079
8,670000	0,643223	-0,755337
8,680000	0,643223	-0,760596
8,690000	0,643223	-0,760596
8,700000	0,643223	-0,755337
8,710000	0,643223	-0,760596
8,720000	0,648481	-0,760596
8,730000	0,643223	-0,755337
8,740000	0,643223	-0,755337
8,750000	0,643223	-0,750079
8,760000	0,643223	-0,755337
8,770000	0,643223	-0,750079
8,780000	0,637965	-0,744820
8,790000	0,632707	-0,739561
8,800000	0,632707	-0,734303
8,810000	0,622190	-0,729044
8,820000	0,616932	-0,723786
8,830000	0,611674	-0,718527
8,840000	0,606416	-0,708010
8,850000	0,601158	-0,708010
8,860000	0,590641	-0,697493
8,870000	0,585383	-0,686976
8,880000	0,569609	-0,676459
8,890000	0,564351	-0,665942
8,900000	0,559092	-0,655424
8,910000	0,543318	-0,650166
8,920000	0,532802	-0,634390
8,930000	0,522285	-0,629132
8,940000	0,506511	-0,613356
8,950000	0,495994	-0,602839
8,960000	0,485478	-0,592322
8,970000	0,469704	-0,576546
8,980000	0,459187	-0,560770
8,990000	0,448671	-0,544995
9,000000	0,432897	-0,529219
9,010000	0,417122	-0,518702
9,020000	0,401348	-0,502926
9,030000	0,385573	-0,487150
9,040000	0,375057	-0,471375
9,050000	0,359282	-0,455599
9,060000	0,343508	-0,439823
9,070000	0,327733	-0,429306
9,080000	0,311959	-0,413531
9,090000	0,296184	-0,397755
9,100000	0,275152	-0,376721
9,110000	0,264635	-0,366203
9,120000	0,248861	-0,350428
9,130000	0,233086	-0,329394
9,140000	0,212054	-0,313618
9,150000	0,201537	-0,297842
9,160000	0,185763	-0,282066
9,170000	0,169988	-0,261032
9,180000	0,154214	-0,245257
9,190000	0,143698	-0,229481
9,200000	0,122665	-0,218964
9,210000	0,112149	-0,203188
9,220000	0,091116	-0,187412
9,230000	0,075342	-0,176895
9,240000	0,064825	-0,155861
9,250000	0,049051	-0,145344
9,260000	0,033276	-0,134827
9,270000	0,022760	-0,124310
9,280000	0,012244	-0,108534
9,290000	-0,003531	-0,092758
9,300000	-0,019305	-0,082241
9,310000	-0,035080	-0,066465
9,320000	-0,045596	-0,050690
9,330000	-0,056113	-0,040173
9,340000	-0,066629	-0,029655
9,350000	-0,082403	-0,019138
9,360000	-0,087661	-0,008621
9,370000	-0,098178	0,001896
9,380000	-0,108694	0,012413
9,390000	-0,119210	0,022930
9,400000	-0,129727	0,033447
9,410000	-0,129727	0,038706
9,420000	-0,140243	0,043964
9,430000	-0,145501	0,049223
9,440000	-0,150759	0,059740
9,450000	-0,156018	0,064999
9,460000	-0,161276	0,064999
9,470000	-0,161276	0,070257
9,480000	-0,166534	0,075516
9,490000	-0,166534	0,075516
9,500000	-0,171792	0,080774
9,510000	-0,171792	0,080774
9,520000	-0,171792	0,080774
9,530000	-0,171792	0,080774
9,540000	-0,171792	0,086033
9,550000	-0,171792	0,086033
9,560000	-0,171792	0,080774
9,570000	-0,171792	0,080774
9,580000	-0,166534	0,075516
9,590000	-0,166534	0,070257
9,600000	-0,161276	0,070257
9,610000	-0,156018	0,064999
9,620000	-0,150759	0,064999
9,630000	-0,145501	0,054482
9,640000	-0,145501	0,049223
9,650000	-0,140243	0,049223
9,660000	-0,129727	0,038706
9,670000	-0,124469	0,033447
9,680000	-0,119210	0,022930
9,690000	-0,103436	0,017672
9,700000	-0,098178	0,007154
9,710000	-0,087661	-0,003363
9,720000	-0,077145	-0,013880
9,730000	-0,066629	-0,024397
9,740000	-0,056113	-0,034914
9,750000	-0,045596	-0,050690
9,760000	-0,029822	-0,061207
9,770000	-0,019305	-0,076983
9,780000	-0,003531	-0,092758
9,790000	0,012244	-0,108534
9,800000	0,028018	-0,124310
9,810000	0,038534	-0,140085
9,820000	0,059567	-0,155861
9,830000	0,070083	-0,171637
9,840000	0,085858	-0,187412
9,850000	0,096374	-0,203188
9,860000	0,112149	-0,218964
9,870000	0,133181	-0,234739
9,880000	0,143698	-0,255774
9,890000	0,159472	-0,271549
9,900000	0,175247	-0,287325
9,910000	0,191021	-0,303101
9,920000	0,201537	-0,318876
9,930000	0,222570	-0,334652
9,940000	0,238345	-0,355686
9,950000	0,248861	-0,371462
9,960000	0,264635	-0,387238
9,970000	0,285668	-0,403013
9,980000	0,301442	-0,418789
9,990000	0,311959	-0,434565
10,000000	0,327733	-0,445082
10,010000	0,343508	-0,460858
10,020000	0,359282	-0,476633
10,030000	0,375057	-0,492409
10,040000	0,390831	-0,502926
10,050000	0,401348	-0,523960
10,060000	0,417122	-0,534477
10,070000	0,427638	-0,544995
10,080000	0,443413	-0,560770
10,090000	0,453929	-0,571287
10,100000	0,469704	-0,587063
10,110000	0,485478	-0,597580
10,120000	0,495994	-0,608097
10,130000	0,506511	-0,618614
10,140000	0,522285	-0,629132
10,150000	0,527543	-0,644907
10,160000	0,543318	-0,655424
10,170000	0,553834	-0,660683
10,180000	0,559092	-0,671200
10,190000	0,569609	-0,681717
10,200000	0,580125	-0,686976
10,210000	0,585383	-0,697493
10,220000	0,595900	-0,708010
10,230000	0,601158	-0,713269
10,240000	0,606416	-0,718527
10,250000	0,616932	-0,723786
10,260000	0,622190	-0,734303
10,270000	0,627448	-0,744820
10,280000	0,627448	-0,744820
10,290000	0,632707	-0,750079
10,300000	0,637965	-0,755337
10,310000	0,637965	-0,755337
10,320000	0,643223	-0,755337
10,330000	0,643223	-0,760596
10,340000	0,643223	-0,760596
10,350000	0,643223	-0,760596
10,360000	0,643223	-0,760596
10,370000	0,643223	-0,760596
10,380000	0,643223	-0,760596
10,390000	0,643223	-0,760596
10,400000	0,637965	-0,755337
10,410000	0,632707	-0,750079
10,420000	0,627448	-0,750079
10,430000	0,622190	-0,744820
10,440000	0,622190	-0,739561
10,450000	0,616932	-0,739561
10,460000	0,611674	-0,729044
10,470000	0,601158	-0,723786
10,480000	0,595900	-0,713269
10,490000	0,590641	-0,702751
10,500000	0,580125	-0,697493
10,510000	0,569609	-0,686976
10,520000	0,559092	-0,676459
10,530000	0,548576	-0,671200
10,540000	0,538060	-0,655424
10,550000	0,527543	-0,644907
10,560000	0,511769	-0,634390
10,570000	0,501253	-0,618614
10,580000	0,485478	-0,608097
10,590000	0,480220	-0,592322
10,600000	0,464445	-0,581805
10,610000	0,448671	-0,566029
10,620000	0,438155	-0,550253
10,630000	0,427638	-0,539736
10,640000	0,411864	-0,523960
10,650000	0,401348	-0,508185
10,660000	0,380315	-0,492409
10,670000	0,364540	-0,481892
10,680000	0,354024	-0,466116
10,690000	0,338250	-0,450340
10,700000	0,322475	-0,434565
10,710000	0,306701	-0,418789
10,720000	0,290926	-0,403013
10,730000	0,269894	-0,387238
10,740000	0,259377	-0,366203
10,750000	0,243603	-0,355686
10,760000	0,222570	-0,339911
10,770000	0,212054	-0,324135
10,780000	0,196279	-0,308359
10,790000	0,180505	-0,292584
10,800000	0,164730	-0,276808
10,810000	0,143698	-0,255774
10,820000	0,133181	-0,239998
10,830000	0,117407	-0,229481
10,840000	0,101632	-0,213705
10,850000	0,085858	-0,197929
10,860000	0,070083	-0,176895
10,870000	0,054309	-0,166378
10,880000	0,043793	-0,150602
10,890000	0,028018	-0,129568
10,900000	0,017502	-0,119051
10,910000	0,001727	-0,103275
10,920000	-0,019305	-0,087500
10,930000	-0,024564	-0,071724
10,940000	-0,040338	-0,061207
10,950000	-0,050854	-0,045431
10,960000	-0,061371	-0,034914
10,970000	-0,071887	-0,019138
10,980000	-0,082403	-0,008621
10,990000	-0,092920	0,001896
11,000000	-0,103436	0,012413
11,010000	-0,113952	0,028189
11,020000	-0,119210	0,033447
11,030000	-0,129727	0,043964
11,040000	-0,134985	0,049223
11,050000	-0,145501	0,054482
11,060000	-0,145501	0,064999
11,070000	-0,156018	0,070257
11,080000	-0,161276	0,075516
11,090000	-0,161276	0,080774
11,100000	-0,166534	0,086033
11,110000	-0,171792	0,086033
11,120000	-0,177050	0,091291
11,130000	-0,177050	0,096550
11,140000	-0,177050	0,096550
11,150000	-0,177050	0,101809
11,160000	-0,177050	0,101809
11,170000	-0,177050	0,101809
11,180000	-0,177050	0,101809
11,190000	-0,171792	0,096550
11,200000	-0,171792	0,096550
11,210000	-0,166534	0,091291
11,220000	-0,166534	0,091291
11,230000	-0,161276	0,086033
11,240000	-0,156018	0,086033
11,250000	-0,156018	0,080774
11,260000	-0,145501	0,075516
11,270000	-0,140243	0,070257
11,280000	-0,134985	0,064999
11,290000	-0,124469	0,054482
11,300000	-0,119210	0,049223
11,310000	-0,113952	0,043964
11,320000	-0,103436	0,033447
11,330000	-0,092920	0,022930
11,340000	-0,082403	0,017672
11,350000	-0,071887	0,007154
11,360000	-0,066629	-0,008621
11,370000	-0,050854	-0,024397
11,380000	-0,035080	-0,034914
11,390000	-0,024564	-0,045431
11,400000	-0,014047	-0,055948
11,410000	0,001727	-0,071724
11,420000	0,017502	-0,087500
11,430000	0,028018	-0,098017
11,440000	0,043793	-0,113792
11,450000	0,059567	-0,129568
11,460000	0,070083	-0,145344
11,470000	0,085858	-0,161120
11,480000	0,101632	-0,171637
11,490000	0,117407	-0,187412
11,500000	0,133181	-0,197929
11,510000	0,148956	-0,218964
11,520000	0,159472	-0,234739
11,530000	0,180505	-0,250515
11,540000	0,191021	-0,266291
11,550000	0,206796	-0,282066
11,560000	0,227828	-0,297842
11,570000	0,243603	-0,313618
11,580000	0,254119	-0,329394
11,590000	0,275152	-0,345169
11,600000	0,290926	-0,360945
11,610000	0,306701	-0,376721
11,620000	0,322475	-0,387238
11,630000	0,338250	-0,403013
11,640000	0,354024	-0,418789
11,650000	0,369799	-0,434565
11,660000	0,385573	-0,450340
11,670000	0,401348	-0,466116
11,680000	0,411864	-0,481892
11,690000	0,427638	-0,497668
11,700000	0,448671	-0,513443
11,710000	0,459187	-0,529219
11,720000	0,469704	-0,544995
11,730000	0,485478	-0,555512
11,740000	0,495994	-0,571287
11,750000	0,511769	-0,581805
11,760000	0,522285	-0,592322
11,770000	0,538060	-0,602839
11,780000	0,543318	-0,613356
11,790000	0,553834	-0,623873
11,800000	0,564351	-0,639649
11,810000	0,574867	-0,644907
11,820000	0,585383	-0,650166
11,830000	0,590641	-0,660683
11,840000	0,595900	-0,665942
11,850000	0,606416	-0,671200
11,860000	0,616932	-0,681717
11,870000	0,622190	-0,686976
11,880000	0,627448	-0,697493
11,890000	0,632707	-0,702751
11,900000	0,637965	-0,708010
11,910000	0,637965	-0,713269
11,920000	0,643223	-0,718527
11,930000	0,643223	-0,723786
11,940000	0,648481	-0,723786
11,950000	0,648481	-0,734303
11,960000	0,653739	-0,734303
11,970000	0,648481	-0,739561
11,980000	0,653739	-0,739561
11,990000	0,653739	-0,744820
12,000000	0,648481	-0,744820
12,010000	0,648481	-0,744820
12,020000	0,643223	-0,744820
12,030000	0,637965	-0,744820
12,040000	0,637965	-0,739561
12,050000	0,632707	-0,739561
12,060000	0,627448	-0,734303
12,070000	0,622190	-0,734303
12,080000	0,616932	-0,723786
12,090000	0,611674	-0,713269
12,100000	0,601158	-0,708010
12,110000	0,595900	-0,702751
12,120000	0,585383	-0,697493
12,130000	0,574867	-0,686976
12,140000	0,569609	-0,676459
12,150000	0,559092	-0,665942
12,160000	0,548576	-0,660683
12,170000	0,538060	-0,650166
12,180000	0,527543	-0,644907
12,190000	0,517027	-0,634390
12,200000	0,501253	-0,623873
12,210000	0,490736	-0,608097
12,220000	0,474962	-0,602839
12,230000	0,469704	-0,587063
12,240000	0,448671	-0,576546
12,250000	0,438155	-0,566029
12,260000	0,422380	-0,550253
12,270000	0,406606	-0,539736
12,280000	0,390831	-0,529219
12,290000	0,375057	-0,513443
12,300000	0,364540	-0,497668
12,310000	0,348766	-0,487150
12,320000	0,327733	-0,471375
12,330000	0,317217	-0,455599
12,340000	0,301442	-0,439823
12,350000	0,285668	-0,429306
12,360000	0,269894	-0,413531
12,370000	0,254119	-0,397755
12,380000	0,238345	-0,381979
12,390000	0,227828	-0,366203
12,400000	0,206796	-0,350428
12,410000	0,191021	-0,334652
12,420000	0,169988	-0,318876
12,430000	0,159472	-0,303101
12,440000	0,138439	-0,287325
12,450000	0,127923	-0,266291
12,460000	0,112149	-0,250515
12,470000	0,096374	-0,239998
12,480000	0,080600	-0,224222
12,490000	0,064825	-0,208447
12,500000	0,049051	-0,192671
12,510000	0,038534	-0,176895
12,520000	0,022760	-0,161120
12,530000	0,006985	-0,145344
12,540000	-0,003531	-0,134827
12,550000	-0,019305	-0,119051
12,560000	-0,029822	-0,103275
12,570000	-0,040338	-0,087500
12,580000	-0,056113	-0,076983
12,590000	-0,066629	-0,066465
12,600000	-0,077145	-0,055948
12,610000	-0,087661	-0,040173
12,620000	-0,098178	-0,034914
12,630000	-0,108694	-0,019138
12,640000	-0,119210	-0,013880
12,650000	-0,124469	-0,003363
12,660000	-0,129727	0,007154
12,670000	-0,145501	0,017672
12,680000	-0,150759	0,022930
12,690000	-0,156018	0,028189
12,700000	-0,161276	0,038706
12,710000	-0,166534	0,043964
12,720000	-0,166534	0,049223
12,730000	-0,171792	0,054482
12,740000	-0,177050	0,064999
12,750000	-0,182308	0,064999
12,760000	-0,182308	0,064999
12,770000	-0,182308	0,070257
12,780000	-0,182308	0,070257
12,790000	-0,182308	0,075516
12,800000	-0,187567	0,080774
12,810000	-0,182308	0,080774
12,820000	-0,177050	0,080774
12,830000	-0,177050	0,080774
12,840000	-0,177050	0,080774
12,850000	-0,171792	0,080774
12,860000	-0,166534	0,080774
12,870000	-0,166534	0,075516
12,880000	-0,156018	0,070257
12,890000	-0,150759	0,070257
12,900000	-0,150759	0,059740
12,910000	-0,140243	0,054482
12,920000	-0,134985	0,049223
12,930000	-0,124469	0,043964
12,940000	-0,119210	0,038706
12,950000	-0,108694	0,028189
12,960000	-0,098178	0,017672
12,970000	-0,092920	0,012413
12,980000	-0,082403	0,001896
12,990000	-0,066629	-0,008621
13,000000	-0,056113	-0,019138
13,010000	-0,045596	-0,029655
13,020000	-0,029822	-0,040173
13,030000	-0,014047	-0,055948
13,040000	-0,008789	-0,066465
13,050000	0,006985	-0,082241
13,060000	0,022760	-0,092758
13,070000	0,038534	-0,108534
13,080000	0,049051	-0,119051
13,090000	0,064825	-0,134827
13,100000	0,080600	-0,150602
13,110000	0,096374	-0,166378
13,120000	0,112149	-0,182154
13,130000	0,122665	-0,197929
13,140000	0,143698	-0,213705
13,150000	0,154214	-0,229481
13,160000	0,169988	-0,245257
13,170000	0,185763	-0,261032
13,180000	0,206796	-0,276808
13,190000	0,222570	-0,292584
13,200000	0,238345	-0,308359
13,210000	0,254119	-0,324135
13,220000	0,269894	-0,339911
13,230000	0,290926	-0,360945
13,240000	0,301442	-0,376721
13,250000	0,322475	-0,392496
13,260000	0,338250	-0,403013
13,270000	0,354024	-0,424048
13,280000	0,369799	-0,439823
13,290000	0,385573	-0,455599
13,300000	0,401348	-0,471375
13,310000	0,417122	-0,481892
13,320000	0,427638	-0,497668
13,330000	0,443413	-0,513443
13,340000	0,459187	-0,529219
13,350000	0,474962	-0,544995
13,360000	0,485478	-0,560770
13,370000	0,495994	-0,571287
13,380000	0,511769	-0,581805
13,390000	0,522285	-0,597580
13,400000	0,532802	-0,608097
13,410000	0,543318	-0,623873
13,420000	0,553834	-0,634390
13,430000	0,569609	-0,644907
13,440000	0,574867	-0,655424
13,450000	0,585383	-0,665942
13,460000	0,595900	-0,676459
13,470000	0,601158	-0,681717
13,480000	0,611674	-0,692234
13,490000	0,622190	-0,702751
13,500000	0,627448	-0,713269
13,510000	0,632707	-0,713269
13,520000	0,637965	-0,723786
13,530000	0,643223	-0,734303
13,540000	0,648481	-0,734303
13,550000	0,653739	-0,739561
13,560000	0,653739	-0,744820
13,570000	0,658997	-0,750079
13,580000	0,658997	-0,750079
13,590000	0,664256	-0,755337
13,600000	0,664256	-0,755337
13,610000	0,658997	-0,755337
13,620000	0,664256	-0,755337
13,630000	0,664256	-0,750079
13,640000	0,658997	-0,750079
13,650000	0,658997	-0,750079
13,660000	0,653739	-0,744820
13,670000	0,648481	-0,744820
13,680000	0,643223	-0,744820
13,690000	0,637965	-0,739561
13,700000	0,632707	-0,734303
13,710000	0,632707	-0,729044
13,720000	0,622190	-0,723786
13,730000	0,616932	-0,718527
13,740000	0,606416	-0,708010
13,750000	0,601158	-0,708010
13,760000	0,590641	-0,697493
13,770000	0,585383	-0,692234
13,780000	0,574867	-0,681717
13,790000	0,559092	-0,671200
13,800000	0,548576	-0,660683
13,810000	0,543318	-0,655424
13,820000	0,527543	-0,644907
13,830000	0,517027	-0,634390
13,840000	0,506511	-0,623873
13,850000	0,490736	-0,613356
13,860000	0,480220	-0,592322
13,870000	0,464445	-0,587063
13,880000	0,453929	-0,571287
13,890000	0,438155	-0,555512
13,900000	0,422380	-0,544995
13,910000	0,406606	-0,529219
13,920000	0,390831	-0,513443
13,930000	0,375057	-0,502926
13,940000	0,359282	-0,487150
13,950000	0,343508	-0,471375
13,960000	0,327733	-0,455599
13,970000	0,311959	-0,439823
13,980000	0,296184	-0,424048
13,990000	0,280410	-0,408272
14,000000	0,259377	-0,392496
14,010000	0,243603	-0,376721
14,020000	0,227828	-0,360945
14,030000	0,212054	-0,345169
14,040000	0,196279	-0,329394
14,050000	0,175247	-0,318876
14,060000	0,159472	-0,297842
14,070000	0,143698	-0,282066
14,080000	0,127923	-0,266291
14,090000	0,112149	-0,250515
14,100000	0,096374	-0,234739
14,110000	0,085858	-0,224222
14,120000	0,064825	-0,208447
14,130000	0,054309	-0,192671
14,140000	0,038534	-0,176895
14,150000	0,028018	-0,166378
14,160000	0,012244	-0,150602
14,170000	-0,003531	-0,134827
14,180000	-0,014047	-0,124310
14,190000	-0,035080	-0,113792
14,200000	-0,045596	-0,098017
14,210000	-0,061371	-0,087500
14,220000	-0,071887	-0,076983
14,230000	-0,082403	-0,061207
14,240000	-0,087661	-0,050690
14,250000	-0,098178	-0,040173
14,260000	-0,113952	-0,034914
14,270000	-0,119210	-0,024397
14,280000	-0,134985	-0,013880
14,290000	-0,140243	-0,003363
14,300000	-0,145501	0,007154
14,310000	-0,161276	0,012413
14,320000	-0,166534	0,022930
14,330000	-0,171792	0,028189
14,340000	-0,177050	0,038706
14,350000	-0,182308	0,043964
14,360000	-0,187567	0,049223
14,370000	-0,192825	0,049223
14,380000	-0,192825	0,059740
14,390000	-0,198083	0,059740
14,400000	-0,198083	0,064999
14,410000	-0,198083	0,064999
14,420000	-0,198083	0,064999
14,430000	-0,198083	0,064999
14,440000	-0,192825	0,064999
14,450000	-0,198083	0,064999
14,460000	-0,192825	0,064999
14,470000	-0,187567	0,064999
14,480000	-0,187567	0,059740
14,490000	-0,182308	0,059740
14,500000	-0,177050	0,054482
14,510000	-0,171792	0,049223
14,520000	-0,166534	0,043964
14,530000	-0,161276	0,033447
14,540000	-0,156018	0,033447
14,550000	-0,145501	0,028189
14,560000	-0,134985	0,022930
14,570000	-0,129727	0,017672
14,580000	-0,119210	0,007154
14,590000	-0,108694	0,007154
14,600000	-0,103436	-0,003363
14,610000	-0,087661	-0,019138
14,620000	-0,077145	-0,029655
14,630000	-0,066629	-0,034914
14,640000	-0,056113	-0,045431
14,650000	-0,045596	-0,055948
14,660000	-0,029822	-0,066465
14,670000	-0,019305	-0,082241
14,680000	-0,003531	-0,092758
14,690000	0,012244	-0,103275
14,700000	0,028018	-0,113792
14,710000	0,038534	-0,129568
14,720000	0,054309	-0,140085
14,730000	0,070083	-0,150602
14,740000	0,085858	-0,166378
14,750000	0,096374	-0,182154
14,760000	0,117407	-0,192671
14,770000	0,133181	-0,208447
14,780000	0,148956	-0,218964
14,790000	0,164730	-0,234739
14,800000	0,185763	-0,250515
14,810000	0,196279	-0,266291
14,820000	0,212054	-0,282066
14,830000	0,233086	-0,297842
14,840000	0,248861	-0,313618
14,850000	0,264635	-0,334652
14,860000	0,280410	-0,345169
14,870000	0,301442	-0,360945
14,880000	0,311959	-0,376721
14,890000	0,332991	-0,392496
14,900000	0,348766	-0,413531
14,910000	0,364540	-0,429306
14,920000	0,380315	-0,445082
14,930000	0,396089	-0,460858
14,940000	0,406606	-0,471375
14,950000	0,422380	-0,487150
14,960000	0,432897	-0,502926
14,970000	0,448671	-0,518702
14,980000	0,464445	-0,529219
14,990000	0,474962	-0,544995
15,000000	0,485478	-0,560770
15,010000	0,501253	-0,576546
15,020000	0,517027	-0,587063
15,030000	0,527543	-0,602839
15,040000	0,538060	-0,608097
15,050000	0,553834	-0,623873
15,060000	0,559092	-0,639649
15,070000	0,569609	-0,644907
15,080000	0,580125	-0,655424
15,090000	0,590641	-0,660683
15,100000	0,595900	-0,671200
15,110000	0,606416	-0,681717
15,120000	0,616932	-0,686976
15,130000	0,622190	-0,692234
15,140000	0,632707	-0,697493
15,150000	0,637965	-0,708010
15,160000	0,643223	-0,708010
15,170000	0,648481	-0,713269
15,180000	0,653739	-0,718527
15,190000	0,658997	-0,729044
15,200000	0,664256	-0,729044
15,210000	0,664256	-0,739561
15,220000	0,664256	-0,739561
15,230000	0,669514	-0,739561
15,240000	0,664256	-0,739561
15,250000	0,669514	-0,744820
15,260000	0,664256	-0,739561
15,270000	0,664256	-0,739561
15,280000	0,664256	-0,739561
15,290000	0,658997	-0,739561
15,300000	0,658997	-0,739561
15,310000	0,653739	-0,739561
15,320000	0,643223	-0,734303
15,330000	0,643223	-0,729044
15,340000	0,637965	-0,723786
15,350000	0,627448	-0,718527
15,360000	0,622190	-0,713269
15,370000	0,616932	-0,708010
15,380000	0,606416	-0,697493
15,390000	0,601158	-0,692234
15,400000	0,590641	-0,686976
15,410000	0,580125	-0,676459
15,420000	0,569609	-0,671200
15,430000	0,559092	-0,660683
15,440000	0,548576	-0,655424
15,450000	0,538060	-0,644907
15,460000	0,527543	-0,634390
15,470000	0,511769	-0,618614
15,480000	0,501253	-0,613356
15,490000	0,485478	-0,597580
15,500000	0,469704	-0,587063
15,510000	0,459187	-0,576546
15,520000	0,443413	-0,566029
15,530000	0,427638	-0,550253
15,540000	0,411864	-0,534477
15,550000	0,401348	-0,518702
15,560000	0,380315	-0,502926
15,570000	0,364540	-0,492409
15,580000	0,348766	-0,476633
15,590000	0,332991	-0,460858
15,600000	0,317217	-0,445082
15,610000	0,301442	-0,434565
15,620000	0,285668	-0,418789
15,630000	0,269894	-0,403013
15,640000	0,248861	-0,381979
15,650000	0,233086	-0,366203
15,660000	0,222570	-0,350428
15,670000	0,201537	-0,334652
15,680000	0,185763	-0,318876
15,690000	0,169988	-0,303101
15,700000	0,154214	-0,287325
15,710000	0,138439	-0,271549
15,720000	0,122665	-0,261032
15,730000	0,106890	-0,245257
15,740000	0,096374	-0,229481
15,750000	0,080600	-0,213705
15,760000	0,064825	-0,197929
15,770000	0,049051	-0,187412
15,780000	0,038534	-0,171637
15,790000	0,017502	-0,155861
15,800000	0,001727	-0,145344
15,810000	-0,008789	-0,129568
15,820000	-0,024564	-0,113792
15,830000	-0,035080	-0,103275
15,840000	-0,045596	-0,087500
15,850000	-0,061371	-0,076983
15,860000	-0,077145	-0,066465
15,870000	-0,087661	-0,055948
15,880000	-0,098178	-0,045431
15,890000	-0,108694	-0,040173
15,900000	-0,113952	-0,029655
15,910000	-0,124469	-0,019138
15,920000	-0,134985	-0,008621
15,930000	-0,145501	0,001896
15,940000	-0,150759	0,007154
15,950000	-0,156018	0,012413
15,960000	-0,166534	0,022930
15,970000	-0,171792	0,028189
15,980000	-0,182308	0,033447
15,990000	-0,187567	0,038706
16,000000	-0,187567	0,043964
16,010000	-0,192825	0,049223
16,020000	-0,192825	0,049223
16,030000	-0,192825	0,054482
16,040000	-0,198083	0,054482
16,050000	-0,198083	0,054482
16,060000	-0,198083	0,059740
16,070000	-0,198083	0,059740
16,080000	-0,198083	0,059740
16,090000	-0,198083	0,059740
16,100000	-0,192825	0,059740
16,110000	-0,192825	0,054482
16,120000	-0,192825	0,049223
16,130000	-0,187567	0,043964
16,140000	-0,177050	0,043964
16,150000	-0,177050	0,038706
16,160000	-0,171792	0,028189
16,170000	-0,166534	0,028189
16,180000	-0,161276	0,017672
16,190000	-0,150759	0,012413
16,200000	-0,140243	0,007154
16,210000	-0,134985	-0,003363
16,220000	-0,119210	-0,013880
16,230000	-0,113952	-0,024397
16,240000	-0,103436	-0,029655
16,250000	-0,087661	-0,045431
16,260000	-0,082403	-0,050690
16,270000	-0,071887	-0,061207
16,280000	-0,061371	-0,071724
16,290000	-0,045596	-0,082241
16,300000	-0,029822	-0,092758
16,310000	-0,019305	-0,108534
16,320000	-0,003531	-0,119051
16,330000	0,012244	-0,129568
16,340000	0,028018	-0,145344
16,350000	0,038534	-0,155861
16,360000	0,054309	-0,166378
16,370000	0,070083	-0,182154
16,380000	0,085858	-0,197929
16,390000	0,101632	-0,213705
16,400000	0,112149	-0,224222
16,410000	0,133181	-0,239998
16,420000	0,148956	-0,255774
16,430000	0,164730	-0,276808
16,440000	0,185763	-0,287325
16,450000	0,196279	-0,303101
16,460000	0,212054	-0,318876
16,470000	0,233086	-0,334652
16,480000	0,248861	-0,345169
16,490000	0,264635	-0,360945
16,500000	0,280410	-0,381979
16,510000	0,301442	-0,392496
16,520000	0,311959	-0,408272
16,530000	0,332991	-0,424048
16,540000	0,348766	-0,439823
16,550000	0,364540	-0,455599
16,560000	0,380315	-0,466116
16,570000	0,401348	-0,481892
16,580000	0,411864	-0,497668
16,590000	0,427638	-0,513443
16,600000	0,443413	-0,523960
16,610000	0,459187	-0,534477
16,620000	0,474962	-0,544995
16,630000	0,490736	-0,555512
16,640000	0,501253	-0,566029
16,650000	0,511769	-0,581805
16,660000	0,527543	-0,592322
16,670000	0,538060	-0,608097
16,680000	0,553834	-0,618614
16,690000	0,564351	-0,629132
16,700000	0,574867	-0,639649
16,710000	0,585383	-0,650166
16,720000	0,595900	-0,660683
16,730000	0,606416	-0,671200
16,740000	0,616932	-0,681717
16,750000	0,622190	-0,692234
16,760000	0,632707	-0,702751
16,770000	0,637965	-0,708010
16,780000	0,643223	-0,718527
16,790000	0,648481	-0,723786
16,800000	0,653739	-0,729044
16,810000	0,658997	-0,729044
16,820000	0,664256	-0,734303
16,830000	0,669514	-0,739561
16,840000	0,674772	-0,744820
16,850000	0,674772	-0,744820
16,860000	0,680030	-0,744820
16,870000	0,680030	-0,750079
16,880000	0,674772	-0,750079
16,890000	0,674772	-0,750079
16,900000	0,674772	-0,744820
16,910000	0,680030	-0,744820
16,920000	0,674772	-0,744820
16,930000	0,674772	-0,739561
16,940000	0,669514	-0,739561
16,950000	0,664256	-0,734303
16,960000	0,658997	-0,729044
16,970000	0,648481	-0,723786
16,980000	0,643223	-0,718527
16,990000	0,637965	-0,713269
17,000000	0,632707	-0,702751
17,010000	0,627448	-0,697493
17,020000	0,611674	-0,686976
17,030000	0,606416	-0,681717
17,040000	0,595900	-0,671200
17,050000	0,585383	-0,660683
17,060000	0,580125	-0,655424
17,070000	0,564351	-0,644907
17,080000	0,559092	-0,639649
17,090000	0,548576	-0,629132
17,100000	0,532802	-0,618614
17,110000	0,517027	-0,608097
17,120000	0,506511	-0,602839
17,130000	0,490736	-0,592322
17,140000	0,474962	-0,576546
17,150000	0,464445	-0,566029
17,160000	0,448671	-0,555512
17,170000	0,438155	-0,539736
17,180000	0,417122	-0,529219
17,190000	0,406606	-0,513443
17,200000	0,385573	-0,502926
17,210000	0,375057	-0,487150
17,220000	0,354024	-0,476633
17,230000	0,338250	-0,460858
17,240000	0,322475	-0,445082
17,250000	0,301442	-0,429306
17,260000	0,285668	-0,413531
17,270000	0,269894	-0,397755
17,280000	0,254119	-0,387238
17,290000	0,233086	-0,371462
17,300000	0,217312	-0,355686
17,310000	0,201537	-0,339911
17,320000	0,180505	-0,324135
17,330000	0,164730	-0,308359
17,340000	0,148956	-0,297842
17,350000	0,133181	-0,276808
17,360000	0,117407	-0,266291
17,370000	0,101632	-0,250515
17,380000	0,085858	-0,234739
17,390000	0,064825	-0,224222
17,400000	0,054309	-0,208447
17,410000	0,038534	-0,192671
17,420000	0,022760	-0,182154
17,430000	0,012244	-0,166378
17,440000	-0,008789	-0,150602
17,450000	-0,019305	-0,140085
17,460000	-0,035080	-0,124310
17,470000	-0,045596	-0,113792
17,480000	-0,061371	-0,098017
17,490000	-0,071887	-0,087500
17,500000	-0,082403	-0,076983
17,510000	-0,092920	-0,066465
17,520000	-0,103436	-0,055948
17,530000	-0,113952	-0,045431
17,540000	-0,124469	-0,034914
17,550000	-0,129727	-0,024397
17,560000	-0,140243	-0,019138
17,570000	-0,150759	-0,008621
17,580000	-0,161276	0,001896
17,590000	-0,166534	0,007154
17,600000	-0,171792	0,012413
17,610000	-0,177050	0,017672
17,620000	-0,182308	0,022930
17,630000	-0,187567	0,028189
17,640000	-0,192825	0,033447
17,650000	-0,198083	0,033447
17,660000	-0,198083	0,038706
17,670000	-0,203341	0,043964
17,680000	-0,198083	0,043964
17,690000	-0,203341	0,043964
17,700000	-0,203341	0,049223
17,710000	-0,203341	0,043964
17,720000	-0,203341	0,043964
17,730000	-0,203341	0,043964
17,740000	-0,198083	0,038706
17,750000	-0,198083	0,038706
17,760000	-0,192825	0,033447
17,770000	-0,187567	0,028189
17,780000	-0,182308	0,028189
17,790000	-0,177050	0,022930
17,800000	-0,177050	0,012413
17,810000	-0,166534	0,007154
17,820000	-0,161276	0,001896
17,830000	-0,150759	-0,008621
17,840000	-0,145501	-0,013880
17,850000	-0,134985	-0,029655
17,860000	-0,119210	-0,034914
17,870000	-0,113952	-0,045431
17,880000	-0,103436	-0,055948
17,890000	-0,098178	-0,066465
17,900000	-0,082403	-0,076983
17,910000	-0,071887	-0,087500
17,920000	-0,061371	-0,098017
17,930000	-0,045596	-0,108534
17,940000	-0,029822	-0,124310
17,950000	-0,019305	-0,134827
17,960000	-0,003531	-0,150602
17,970000	0,012244	-0,161120
17,980000	0,028018	-0,171637
17,990000	0,043793	-0,187412
18,000000	0,059567	-0,203188
18,010000	0,075342	-0,213705
18,020000	0,091116	-0,224222
18,030000	0,101632	-0,239998
18,040000	0,122665	-0,255774
18,050000	0,138439	-0,266291
18,060000	0,154214	-0,276808
18,070000	0,169988	-0,297842
18,080000	0,185763	-0,313618
18,090000	0,201537	-0,329394
18,100000	0,217312	-0,339911
18,110000	0,233086	-0,355686
18,120000	0,248861	-0,371462
18,130000	0,269894	-0,387238
18,140000	0,285668	-0,397755
18,150000	0,301442	-0,413531
18,160000	0,317217	-0,429306
18,170000	0,338250	-0,445082
18,180000	0,348766	-0,460858
18,190000	0,369799	-0,471375
18,200000	0,385573	-0,487150
18,210000	0,401348	-0,502926
18,220000	0,417122	-0,513443
18,230000	0,432897	-0,529219
18,240000	0,448671	-0,539736
18,250000	0,459187	-0,550253
18,260000	0,474962	-0,566029
18,270000	0,490736	-0,581805
18,280000	0,501253	-0,592322
18,290000	0,517027	-0,602839
18,300000	0,527543	-0,613356
18,310000	0,543318	-0,623873
18,320000	0,553834	-0,639649
18,330000	0,564351	-0,650166
18,340000	0,574867	-0,655424
18,350000	0,585383	-0,665942
18,360000	0,595900	-0,676459
18,370000	0,606416	-0,686976
18,380000	0,611674	-0,692234
18,390000	0,622190	-0,702751
18,400000	0,632707	-0,713269
18,410000	0,637965	-0,718527
18,420000	0,643223	-0,723786
18,430000	0,648481	-0,723786
18,440000	0,653739	-0,729044
18,450000	0,658997	-0,734303
18,460000	0,664256	-0,734303
18,470000	0,669514	-0,734303
18,480000	0,669514	-0,739561
18,490000	0,674772	-0,744820
18,500000	0,674772	-0,744820
18,510000	0,674772	-0,744820
18,520000	0,674772	-0,744820
18,530000	0,674772	-0,744820
18,540000	0,669514	-0,744820
18,550000	0,669514	-0,739561
18,560000	0,669514	-0,739561
18,570000	0,664256	-0,734303
18,580000	0,658997	-0,729044
18,590000	0,658997	-0,723786
18,600000	0,653739	-0,718527
18,610000	0,643223	-0,713269
18,620000	0,637965	-0,708010
18,630000	0,632707	-0,708010
18,640000	0,622190	-0,702751
18,650000	0,622190	-0,697493
18,660000	0,611674	-0,686976
18,670000	0,601158	-0,681717
18,680000	0,590641	-0,665942
18,690000	0,580125	-0,660683
18,700000	0,569609	-0,650166
18,710000	0,559092	-0,639649
18,720000	0,548576	-0,629132
18,730000	0,538060	-0,618614
18,740000	0,527543	-0,602839
18,750000	0,511769	-0,592322
18,760000	0,495994	-0,576546
18,770000	0,485478	-0,560770
18,780000	0,469704	-0,550253
18,790000	0,459187	-0,534477
18,800000	0,438155	-0,523960
18,810000	0,427638	-0,508185
18,820000	0,411864	-0,492409
18,830000	0,396089	-0,476633
18,840000	0,380315	-0,466116
18,850000	0,364540	-0,450340
18,860000	0,348766	-0,439823
18,870000	0,332991	-0,424048
18,880000	0,317217	-0,413531
18,890000	0,301442	-0,392496
18,900000	0,280410	-0,376721
18,910000	0,269894	-0,366203
18,920000	0,248861	-0,350428
18,930000	0,233086	-0,329394
18,940000	0,217312	-0,318876
18,950000	0,201537	-0,297842
18,960000	0,185763	-0,282066
18,970000	0,164730	-0,271549
18,980000	0,154214	-0,255774
18,990000	0,133181	-0,234739
19,000000	0,117407	-0,224222
19,010000	0,101632	-0,208447
19,020000	0,085858	-0,192671
19,030000	0,070083	-0,176895
19,040000	0,054309	-0,161120
19,050000	0,038534	-0,145344
19,060000	0,022760	-0,134827
19,070000	0,012244	-0,124310
19,080000	-0,003531	-0,108534
19,090000	-0,024564	-0,098017
19,100000	-0,035080	-0,082241
19,110000	-0,045596	-0,071724
19,120000	-0,056113	-0,061207
19,130000	-0,071887	-0,050690
19,140000	-0,077145	-0,040173
19,150000	-0,098178	-0,029655
19,160000	-0,103436	-0,019138
19,170000	-0,113952	-0,013880
19,180000	-0,124469	0,001896
19,190000	-0,134985	0,007154
19,200000	-0,140243	0,012413
19,210000	-0,150759	0,022930
19,220000	-0,156018	0,022930
19,230000	-0,161276	0,028189
19,240000	-0,166534	0,033447
19,250000	-0,177050	0,043964
19,260000	-0,182308	0,043964
19,270000	-0,182308	0,049223
19,280000	-0,187567	0,054482
19,290000	-0,192825	0,054482
19,300000	-0,192825	0,054482
19,310000	-0,192825	0,059740
19,320000	-0,198083	0,059740
19,330000	-0,198083	0,059740
19,340000	-0,198083	0,059740
19,350000	-0,198083	0,059740
19,360000	-0,198083	0,059740
19,370000	-0,198083	0,059740
19,380000	-0,192825	0,059740
19,390000	-0,187567	0,054482
19,400000	-0,187567	0,054482
19,410000	-0,177050	0,049223
19,420000	-0,171792	0,043964
19,430000	-0,166534	0,038706
19,440000	-0,166534	0,033447
19,450000	-0,156018	0,028189
19,460000	-0,150759	0,017672
19,470000	-0,140243	0,007154
19,480000	-0,129727	-0,003363
19,490000	-0,124469	-0,013880
19,500000	-0,113952	-0,019138
19,510000	-0,108694	-0,034914
19,520000	-0,098178	-0,040173
19,530000	-0,082403	-0,050690
19,540000	-0,071887	-0,061207
19,550000	-0,061371	-0,076983
19,560000	-0,050854	-0,087500
19,570000	-0,040338	-0,098017
19,580000	-0,029822	-0,108534
19,590000	-0,014047	-0,124310
19,600000	0,001727	-0,134827
19,610000	0,017502	-0,155861
19,620000	0,033276	-0,166378
19,630000	0,049051	-0,182154
19,640000	0,064825	-0,192671
19,650000	0,080600	-0,208447
19,660000	0,091116	-0,218964
19,670000	0,106890	-0,239998
19,680000	0,122665	-0,255774
19,690000	0,138439	-0,271549
19,700000	0,154214	-0,287325
19,710000	0,169988	-0,297842
19,720000	0,191021	-0,318876
19,730000	0,206796	-0,329394
19,740000	0,217312	-0,345169
19,750000	0,238345	-0,360945
19,760000	0,248861	-0,376721
19,770000	0,269894	-0,387238
19,780000	0,285668	-0,408272
19,790000	0,301442	-0,424048
19,800000	0,317217	-0,439823
19,810000	0,332991	-0,455599
19,820000	0,348766	-0,466116
19,830000	0,364540	-0,481892
19,840000	0,380315	-0,497668
19,850000	0,401348	-0,513443
19,860000	0,411864	-0,523960
19,870000	0,427638	-0,539736
19,880000	0,443413	-0,550253
19,890000	0,459187	-0,566029
19,900000	0,469704	-0,576546
19,910000	0,485478	-0,587063
19,920000	0,495994	-0,602839
19,930000	0,511769	-0,613356
19,940000	0,527543	-0,618614
19,950000	0,538060	-0,634390
19,960000	0,548576	-0,639649
19,970000	0,564351	-0,650166
19,980000	0,569609	-0,655424
19,990000	0,580125	-0,660683
