t (s)	U1(V)	U2(V)
0,000000	0,164730	-0,292584
0,010000	0,185763	-0,313618
0,020000	0,201537	-0,334652
0,030000	0,222570	-0,350428
0,040000	0,243603	-0,366203
0,050000	0,259377	-0,376721
0,060000	0,275152	-0,397755
0,070000	0,301442	-0,413531
0,080000	0,317217	-0,429306
0,090000	0,338250	-0,450340
0,100000	0,359282	-0,466116
0,110000	0,375057	-0,476633
0,120000	0,390831	-0,497668
0,130000	0,411864	-0,513443
0,140000	0,432897	-0,529219
0,150000	0,453929	-0,544995
0,160000	0,464445	-0,560770
0,170000	0,485478	-0,576546
0,180000	0,506511	-0,592322
0,190000	0,522285	-0,608097
0,200000	0,538060	-0,623873
0,210000	0,553834	-0,639649
0,220000	0,569609	-0,655424
0,230000	0,580125	-0,671200
0,240000	0,595900	-0,681717
0,250000	0,611674	-0,697493
0,260000	0,622190	-0,708010
0,270000	0,632707	-0,718527
0,280000	0,643223	-0,729044
0,290000	0,653739	-0,734303
0,300000	0,669514	-0,744820
0,310000	0,680030	-0,755337
0,320000	0,685288	-0,771113
0,330000	0,695805	-0,776371
0,340000	0,701063	-0,786888
0,350000	0,711579	-0,786888
0,360000	0,716837	-0,792147
0,370000	0,716837	-0,792147
0,380000	0,727354	-0,797406
0,390000	0,732612	-0,802664
0,400000	0,732612	-0,802664
0,410000	0,732612	-0,802664
0,420000	0,737870	-0,802664
0,430000	0,737870	-0,807923
0,440000	0,732612	-0,807923
0,450000	0,732612	-0,807923
0,460000	0,732612	-0,802664
0,470000	0,732612	-0,802664
0,480000	0,727354	-0,797406
0,490000	0,722095	-0,792147
0,500000	0,711579	-0,792147
0,510000	0,706321	-0,786888
0,520000	0,706321	-0,781630
0,530000	0,695805	-0,771113
0,540000	0,690546	-0,771113
0,550000	0,680030	-0,760596
0,560000	0,669514	-0,755337
0,570000	0,658997	-0,744820
0,580000	0,648481	-0,734303
0,590000	0,637965	-0,729044
0,600000	0,622190	-0,718527
0,610000	0,611674	-0,708010
0,620000	0,595900	-0,692234
0,630000	0,585383	-0,681717
0,640000	0,569609	-0,665942
0,650000	0,553834	-0,650166
0,660000	0,538060	-0,639649
0,670000	0,522285	-0,623873
0,680000	0,506511	-0,608097
0,690000	0,485478	-0,592322
0,700000	0,469704	-0,576546
0,710000	0,453929	-0,560770
0,720000	0,438155	-0,539736
0,730000	0,417122	-0,523960
0,740000	0,401348	-0,508185
0,750000	0,380315	-0,492409
0,760000	0,359282	-0,476633
0,770000	0,338250	-0,455599
0,780000	0,322475	-0,439823
0,790000	0,301442	-0,418789
0,800000	0,280410	-0,403013
0,810000	0,264635	-0,387238
0,820000	0,243603	-0,371462
0,830000	0,227828	-0,355686
0,840000	0,206796	-0,334652
0,850000	0,191021	-0,318876
0,860000	0,169988	-0,303101
0,870000	0,154214	-0,292584
0,880000	0,133181	-0,271549
0,890000	0,117407	-0,255774
0,900000	0,101632	-0,245257
0,910000	0,080600	-0,229481
0,920000	0,064825	-0,213705
0,930000	0,043793	-0,197929
0,940000	0,033276	-0,187412
0,950000	0,017502	-0,166378
0,960000	0,001727	-0,161120
0,970000	-0,014047	-0,145344
0,980000	-0,029822	-0,129568
0,990000	-0,045596	-0,113792
1,000000	-0,056113	-0,103275
1,010000	-0,066629	-0,092758
1,020000	-0,082403	-0,082241
1,030000	-0,092920	-0,071724
1,040000	-0,103436	-0,061207
1,050000	-0,113952	-0,050690
1,060000	-0,124469	-0,045431
1,070000	-0,129727	-0,040173
1,080000	-0,134985	-0,034914
1,090000	-0,145501	-0,029655
1,100000	-0,150759	-0,024397
1,110000	-0,156018	-0,019138
1,120000	-0,161276	-0,019138
1,130000	-0,166534	-0,019138
1,140000	-0,166534	-0,019138
1,150000	-0,166534	-0,019138
1,160000	-0,171792	-0,013880
1,170000	-0,171792	-0,013880
1,180000	-0,171792	-0,013880
1,190000	-0,171792	-0,013880
1,200000	-0,171792	-0,019138
1,210000	-0,166534	-0,019138
1,220000	-0,166534	-0,019138
1,230000	-0,161276	-0,024397
1,240000	-0,156018	-0,034914
1,250000	-0,150759	-0,040173
1,260000	-0,145501	-0,045431
1,270000	-0,134985	-0,055948
1,280000	-0,129727	-0,066465
1,290000	-0,119210	-0,071724
1,300000	-0,113952	-0,082241
1,310000	-0,103436	-0,092758
1,320000	-0,092920	-0,103275
1,330000	-0,082403	-0,113792
1,340000	-0,071887	-0,129568
1,350000	-0,056113	-0,140085
1,360000	-0,040338	-0,150602
1,370000	-0,029822	-0,166378
1,380000	-0,014047	-0,182154
1,390000	0,006985	-0,197929
1,400000	0,022760	-0,213705
1,410000	0,033276	-0,229481
1,420000	0,054309	-0,239998
1,430000	0,070083	-0,255774
1,440000	0,085858	-0,271549
1,450000	0,101632	-0,292584
1,460000	0,122665	-0,308359
1,470000	0,138439	-0,324135
1,480000	0,159472	-0,339911
1,490000	0,175247	-0,360945
1,500000	0,196279	-0,376721
1,510000	0,212054	-0,392496
1,520000	0,233086	-0,413531
1,530000	0,254119	-0,429306
1,540000	0,269894	-0,450340
1,550000	0,285668	-0,471375
1,560000	0,306701	-0,487150
1,570000	0,327733	-0,502926
1,580000	0,343508	-0,523960
1,590000	0,364540	-0,539736
1,600000	0,380315	-0,560770
1,610000	0,401348	-0,576546
1,620000	0,417122	-0,592322
1,630000	0,432897	-0,608097
1,640000	0,448671	-0,618614
1,650000	0,469704	-0,634390
1,660000	0,485478	-0,650166
1,670000	0,506511	-0,660683
1,680000	0,517027	-0,671200
1,690000	0,532802	-0,686976
1,700000	0,548576	-0,697493
1,710000	0,564351	-0,708010
1,720000	0,574867	-0,718527
1,730000	0,590641	-0,729044
1,740000	0,606416	-0,739561
1,750000	0,616932	-0,744820
1,760000	0,632707	-0,755337
1,770000	0,643223	-0,760596
1,780000	0,648481	-0,771113
1,790000	0,658997	-0,781630
1,800000	0,669514	-0,786888
1,810000	0,680030	-0,797406
1,820000	0,690546	-0,802664
1,830000	0,695805	-0,807923
1,840000	0,701063	-0,813181
1,850000	0,711579	-0,813181
1,860000	0,711579	-0,818440
1,870000	0,716837	-0,818440
1,880000	0,722095	-0,818440
1,890000	0,722095	-0,818440
1,900000	0,722095	-0,818440
1,910000	0,727354	-0,818440
1,920000	0,727354	-0,818440
1,930000	0,722095	-0,813181
1,940000	0,722095	-0,807923
1,950000	0,722095	-0,807923
1,960000	0,716837	-0,802664
1,970000	0,716837	-0,797406
1,980000	0,706321	-0,792147
1,990000	0,701063	-0,786888
2,000000	0,695805	-0,781630
2,010000	0,685288	-0,771113
2,020000	0,680030	-0,765854
2,030000	0,674772	-0,755337
2,040000	0,664256	-0,744820
2,050000	0,653739	-0,734303
2,060000	0,637965	-0,723786
2,070000	0,627448	-0,713269
2,080000	0,616932	-0,702751
2,090000	0,606416	-0,692234
2,100000	0,590641	-0,676459
2,110000	0,574867	-0,660683
2,120000	0,559092	-0,650166
2,130000	0,548576	-0,634390
2,140000	0,532802	-0,618614
2,150000	0,517027	-0,608097
2,160000	0,501253	-0,592322
2,170000	0,485478	-0,576546
2,180000	0,464445	-0,560770
2,190000	0,453929	-0,539736
2,200000	0,432897	-0,523960
2,210000	0,417122	-0,508185
2,220000	0,396089	-0,481892
2,230000	0,380315	-0,466116
2,240000	0,364540	-0,445082
2,250000	0,343508	-0,429306
2,260000	0,327733	-0,408272
2,270000	0,306701	-0,392496
2,280000	0,290926	-0,376721
2,290000	0,269894	-0,355686
2,300000	0,248861	-0,334652
2,310000	0,233086	-0,318876
2,320000	0,212054	-0,303101
2,330000	0,196279	-0,282066
2,340000	0,180505	-0,266291
2,350000	0,159472	-0,245257
2,360000	0,143698	-0,229481
2,370000	0,127923	-0,213705
2,380000	0,106890	-0,197929
2,390000	0,096374	-0,176895
2,400000	0,075342	-0,166378
2,410000	0,059567	-0,150602
2,420000	0,043793	-0,134827
2,430000	0,033276	-0,124310
2,440000	0,017502	-0,108534
2,450000	0,001727	-0,098017
2,460000	-0,014047	-0,087500
2,470000	-0,029822	-0,071724
2,480000	-0,040338	-0,061207
2,490000	-0,050854	-0,055948
2,500000	-0,061371	-0,045431
2,510000	-0,071887	-0,034914
2,520000	-0,082403	-0,024397
2,530000	-0,087661	-0,024397
2,540000	-0,103436	-0,013880
2,550000	-0,108694	-0,008621
2,560000	-0,119210	0,001896
2,570000	-0,124469	0,007154
2,580000	-0,129727	0,007154
2,590000	-0,134985	0,012413
2,600000	-0,134985	0,017672
2,610000	-0,140243	0,017672
2,620000	-0,140243	0,017672
2,630000	-0,145501	0,017672
2,640000	-0,140243	0,012413
2,650000	-0,145501	0,012413
2,660000	-0,145501	0,007154
2,670000	-0,145501	0,007154
2,680000	-0,140243	0,001896
2,690000	-0,140243	-0,008621
2,700000	-0,134985	-0,013880
2,710000	-0,129727	-0,024397
2,720000	-0,124469	-0,029655
2,730000	-0,113952	-0,040173
2,740000	-0,113952	-0,045431
2,750000	-0,103436	-0,055948
2,760000	-0,092920	-0,066465
2,770000	-0,087661	-0,076983
2,780000	-0,077145	-0,087500
2,790000	-0,071887	-0,098017
2,800000	-0,056113	-0,113792
2,810000	-0,050854	-0,124310
2,820000	-0,035080	-0,134827
2,830000	-0,024564	-0,145344
2,840000	-0,014047	-0,161120
2,850000	0,006985	-0,176895
2,860000	0,017502	-0,187412
2,870000	0,033276	-0,203188
2,880000	0,049051	-0,218964
2,890000	0,064825	-0,234739
2,900000	0,080600	-0,250515
2,910000	0,096374	-0,266291
2,920000	0,112149	-0,282066
2,930000	0,127923	-0,303101
2,940000	0,148956	-0,318876
2,950000	0,164730	-0,334652
2,960000	0,180505	-0,355686
2,970000	0,196279	-0,376721
2,980000	0,217312	-0,392496
2,990000	0,233086	-0,413531
3,000000	0,254119	-0,429306
3,010000	0,269894	-0,445082
3,020000	0,290926	-0,466116
3,030000	0,306701	-0,481892
3,040000	0,322475	-0,497668
3,050000	0,338250	-0,518702
3,060000	0,359282	-0,529219
3,070000	0,375057	-0,550253
3,080000	0,390831	-0,566029
3,090000	0,406606	-0,581805
3,100000	0,427638	-0,597580
3,110000	0,443413	-0,613356
3,120000	0,459187	-0,629132
3,130000	0,474962	-0,644907
3,140000	0,490736	-0,660683
3,150000	0,506511	-0,681717
3,160000	0,522285	-0,697493
3,170000	0,538060	-0,713269
3,180000	0,548576	-0,729044
3,190000	0,564351	-0,739561
3,200000	0,574867	-0,750079
3,210000	0,585383	-0,760596
3,220000	0,601158	-0,771113
3,230000	0,611674	-0,781630
3,240000	0,622190	-0,792147
3,250000	0,632707	-0,802664
3,260000	0,637965	-0,807923
3,270000	0,648481	-0,818440
3,280000	0,653739	-0,823698
3,290000	0,664256	-0,828957
3,300000	0,669514	-0,839474
3,310000	0,674772	-0,844733
3,320000	0,680030	-0,844733
3,330000	0,685288	-0,849991
3,340000	0,685288	-0,849991
3,350000	0,690546	-0,855250
3,360000	0,690546	-0,855250
3,370000	0,695805	-0,860508
3,380000	0,695805	-0,860508
3,390000	0,690546	-0,860508
3,400000	0,690546	-0,860508
3,410000	0,690546	-0,855250
3,420000	0,690546	-0,855250
3,430000	0,680030	-0,844733
3,440000	0,680030	-0,844733
3,450000	0,674772	-0,839474
3,460000	0,664256	-0,828957
3,470000	0,658997	-0,823698
3,480000	0,653739	-0,818440
3,490000	0,643223	-0,807923
3,500000	0,637965	-0,797406
3,510000	0,627448	-0,792147
3,520000	0,616932	-0,776371
3,530000	0,606416	-0,765854
3,540000	0,595900	-0,755337
3,550000	0,585383	-0,739561
3,560000	0,574867	-0,729044
3,570000	0,559092	-0,713269
3,580000	0,543318	-0,697493
3,590000	0,532802	-0,681717
3,600000	0,517027	-0,665942
3,610000	0,506511	-0,650166
3,620000	0,485478	-0,629132
3,630000	0,469704	-0,613356
3,640000	0,459187	-0,592322
3,650000	0,443413	-0,576546
3,660000	0,422380	-0,560770
3,670000	0,406606	-0,539736
3,680000	0,390831	-0,518702
3,690000	0,375057	-0,497668
3,700000	0,354024	-0,481892
3,710000	0,338250	-0,466116
3,720000	0,322475	-0,445082
3,730000	0,301442	-0,429306
3,740000	0,285668	-0,408272
3,750000	0,269894	-0,392496
3,760000	0,248861	-0,376721
3,770000	0,233086	-0,360945
3,780000	0,212054	-0,339911
3,790000	0,201537	-0,329394
3,800000	0,180505	-0,308359
3,810000	0,164730	-0,292584
3,820000	0,148956	-0,276808
3,830000	0,127923	-0,261032
3,840000	0,117407	-0,239998
3,850000	0,101632	-0,229481
3,860000	0,085858	-0,208447
3,870000	0,070083	-0,197929
3,880000	0,054309	-0,176895
3,890000	0,038534	-0,171637
3,900000	0,028018	-0,155861
3,910000	0,012244	-0,140085
3,920000	-0,003531	-0,129568
3,930000	-0,014047	-0,113792
3,940000	-0,029822	-0,103275
3,950000	-0,040338	-0,087500
3,960000	-0,050854	-0,076983
3,970000	-0,061371	-0,066465
3,980000	-0,066629	-0,055948
3,990000	-0,077145	-0,045431
4,000000	-0,087661	-0,040173
4,010000	-0,092920	-0,029655
4,020000	-0,103436	-0,019138
4,030000	-0,108694	-0,013880
4,040000	-0,113952	-0,008621
4,050000	-0,113952	0,001896
4,060000	-0,124469	0,007154
4,070000	-0,124469	0,012413
4,080000	-0,129727	0,012413
4,090000	-0,129727	0,012413
4,100000	-0,134985	0,017672
4,110000	-0,129727	0,017672
4,120000	-0,129727	0,017672
4,130000	-0,129727	0,017672
4,140000	-0,129727	0,017672
4,150000	-0,124469	0,012413
4,160000	-0,119210	0,012413
4,170000	-0,113952	0,007154
4,180000	-0,108694	0,001896
4,190000	-0,103436	-0,008621
4,200000	-0,098178	-0,013880
4,210000	-0,092920	-0,019138
4,220000	-0,082403	-0,029655
4,230000	-0,077145	-0,040173
4,240000	-0,071887	-0,050690
4,250000	-0,056113	-0,061207
4,260000	-0,045596	-0,066465
4,270000	-0,035080	-0,076983
4,280000	-0,024564	-0,092758
4,290000	-0,014047	-0,103275
4,300000	0,001727	-0,113792
4,310000	0,017502	-0,129568
4,320000	0,028018	-0,145344
4,330000	0,043793	-0,161120
4,340000	0,054309	-0,171637
4,350000	0,070083	-0,192671
4,360000	0,091116	-0,208447
4,370000	0,101632	-0,229481
4,380000	0,117407	-0,245257
4,390000	0,138439	-0,261032
4,400000	0,154214	-0,276808
4,410000	0,169988	-0,292584
4,420000	0,185763	-0,313618
4,430000	0,206796	-0,329394
4,440000	0,222570	-0,350428
4,450000	0,243603	-0,366203
4,460000	0,259377	-0,387238
4,470000	0,275152	-0,403013
4,480000	0,296184	-0,413531
4,490000	0,311959	-0,429306
4,500000	0,332991	-0,445082
4,510000	0,348766	-0,460858
4,520000	0,364540	-0,481892
4,530000	0,385573	-0,497668
4,540000	0,401348	-0,513443
4,550000	0,417122	-0,534477
4,560000	0,432897	-0,550253
4,570000	0,448671	-0,566029
4,580000	0,464445	-0,587063
4,590000	0,480220	-0,602839
4,600000	0,495994	-0,618614
4,610000	0,511769	-0,639649
4,620000	0,522285	-0,650166
4,630000	0,538060	-0,665942
4,640000	0,553834	-0,676459
4,650000	0,569609	-0,692234
4,660000	0,574867	-0,708010
4,670000	0,590641	-0,718527
4,680000	0,601158	-0,729044
4,690000	0,611674	-0,744820
4,700000	0,622190	-0,755337
4,710000	0,632707	-0,765854
4,720000	0,637965	-0,776371
4,730000	0,648481	-0,786888
4,740000	0,653739	-0,797406
4,750000	0,664256	-0,802664
4,760000	0,664256	-0,813181
4,770000	0,674772	-0,818440
4,780000	0,674772	-0,823698
4,790000	0,680030	-0,834216
4,800000	0,685288	-0,834216
4,810000	0,690546	-0,839474
4,820000	0,690546	-0,844733
4,830000	0,690546	-0,844733
4,840000	0,685288	-0,849991
4,850000	0,690546	-0,849991
4,860000	0,685288	-0,849991
4,870000	0,685288	-0,849991
4,880000	0,680030	-0,844733
4,890000	0,674772	-0,844733
4,900000	0,674772	-0,839474
4,910000	0,664256	-0,839474
4,920000	0,658997	-0,834216
4,930000	0,653739	-0,823698
4,940000	0,648481	-0,818440
4,950000	0,643223	-0,813181
4,960000	0,632707	-0,807923
4,970000	0,622190	-0,797406
4,980000	0,611674	-0,786888
4,990000	0,606416	-0,776371
5,000000	0,590641	-0,765854
5,010000	0,580125	-0,750079
5,020000	0,564351	-0,739561
5,030000	0,553834	-0,723786
5,040000	0,543318	-0,713269
5,050000	0,527543	-0,702751
5,060000	0,511769	-0,686976
5,070000	0,495994	-0,671200
5,080000	0,485478	-0,655424
5,090000	0,464445	-0,639649
5,100000	0,453929	-0,623873
5,110000	0,432897	-0,608097
5,120000	0,417122	-0,592322
5,130000	0,401348	-0,576546
5,140000	0,385573	-0,555512
5,150000	0,369799	-0,539736
5,160000	0,348766	-0,523960
5,170000	0,332991	-0,502926
5,180000	0,311959	-0,481892
5,190000	0,296184	-0,466116
5,200000	0,280410	-0,445082
5,210000	0,264635	-0,429306
5,220000	0,243603	-0,413531
5,230000	0,227828	-0,392496
5,240000	0,212054	-0,371462
5,250000	0,191021	-0,355686
5,260000	0,175247	-0,334652
5,270000	0,159472	-0,318876
5,280000	0,138439	-0,297842
5,290000	0,122665	-0,282066
5,300000	0,106890	-0,266291
5,310000	0,091116	-0,245257
5,320000	0,075342	-0,229481
5,330000	0,059567	-0,213705
5,340000	0,043793	-0,197929
5,350000	0,028018	-0,182154
5,360000	0,017502	-0,166378
5,370000	0,001727	-0,150602
5,380000	-0,014047	-0,134827
5,390000	-0,024564	-0,119051
5,400000	-0,040338	-0,108534
5,410000	-0,050854	-0,092758
5,420000	-0,061371	-0,082241
5,430000	-0,071887	-0,071724
5,440000	-0,082403	-0,061207
5,450000	-0,092920	-0,050690
5,460000	-0,098178	-0,040173
5,470000	-0,108694	-0,029655
5,480000	-0,113952	-0,029655
5,490000	-0,119210	-0,019138
5,500000	-0,124469	-0,008621
5,510000	-0,129727	-0,008621
5,520000	-0,129727	0,001896
5,530000	-0,134985	0,001896
5,540000	-0,140243	0,007154
5,550000	-0,140243	0,007154
5,560000	-0,145501	0,007154
5,570000	-0,145501	0,007154
5,580000	-0,140243	0,007154
5,590000	-0,140243	0,007154
5,600000	-0,140243	0,007154
5,610000	-0,134985	0,007154
5,620000	-0,129727	0,001896
5,630000	-0,129727	0,001896
5,640000	-0,119210	-0,008621
5,650000	-0,113952	-0,013880
5,660000	-0,108694	-0,019138
5,670000	-0,098178	-0,029655
5,680000	-0,092920	-0,034914
5,690000	-0,082403	-0,040173
5,700000	-0,077145	-0,050690
5,710000	-0,066629	-0,061207
5,720000	-0,050854	-0,066465
5,730000	-0,040338	-0,076983
5,740000	-0,029822	-0,087500
5,750000	-0,014047	-0,098017
5,760000	-0,003531	-0,108534
5,770000	0,012244	-0,124310
5,780000	0,022760	-0,134827
5,790000	0,038534	-0,150602
5,800000	0,054309	-0,161120
5,810000	0,070083	-0,176895
5,820000	0,085858	-0,187412
5,830000	0,101632	-0,208447
5,840000	0,117407	-0,224222
5,850000	0,133181	-0,239998
5,860000	0,148956	-0,261032
5,870000	0,169988	-0,271549
5,880000	0,185763	-0,292584
5,890000	0,201537	-0,303101
5,900000	0,222570	-0,318876
5,910000	0,238345	-0,334652
5,920000	0,254119	-0,350428
5,930000	0,275152	-0,371462
5,940000	0,296184	-0,392496
5,950000	0,311959	-0,408272
5,960000	0,332991	-0,424048
5,970000	0,348766	-0,445082
5,980000	0,369799	-0,460858
5,990000	0,385573	-0,476633
6,000000	0,401348	-0,492409
6,010000	0,417122	-0,508185
6,020000	0,438155	-0,529219
6,030000	0,453929	-0,544995
6,040000	0,469704	-0,560770
6,050000	0,485478	-0,576546
6,060000	0,506511	-0,592322
6,070000	0,522285	-0,608097
6,080000	0,538060	-0,623873
6,090000	0,548576	-0,639649
6,100000	0,559092	-0,650166
6,110000	0,569609	-0,665942
6,120000	0,590641	-0,681717
6,130000	0,601158	-0,697493
6,140000	0,616932	-0,702751
6,150000	0,622190	-0,718527
6,160000	0,632707	-0,729044
6,170000	0,643223	-0,739561
6,180000	0,653739	-0,755337
6,190000	0,664256	-0,760596
6,200000	0,674772	-0,771113
6,210000	0,680030	-0,781630
6,220000	0,690546	-0,792147
6,230000	0,695805	-0,797406
6,240000	0,701063	-0,807923
6,250000	0,706321	-0,813181
6,260000	0,706321	-0,813181
6,270000	0,711579	-0,823698
6,280000	0,716837	-0,828957
6,290000	0,716837	-0,828957
6,300000	0,711579	-0,828957
6,310000	0,716837	-0,834216
6,320000	0,711579	-0,834216
6,330000	0,706321	-0,834216
6,340000	0,706321	-0,834216
6,350000	0,706321	-0,834216
6,360000	0,701063	-0,828957
6,370000	0,695805	-0,828957
6,380000	0,690546	-0,828957
6,390000	0,680030	-0,818440
6,400000	0,674772	-0,813181
6,410000	0,664256	-0,807923
6,420000	0,653739	-0,802664
6,430000	0,648481	-0,792147
6,440000	0,637965	-0,786888
6,450000	0,627448	-0,776371
6,460000	0,611674	-0,765854
6,470000	0,601158	-0,750079
6,480000	0,590641	-0,744820
6,490000	0,574867	-0,734303
6,500000	0,564351	-0,718527
6,510000	0,548576	-0,702751
6,520000	0,532802	-0,692234
6,530000	0,517027	-0,676459
6,540000	0,501253	-0,665942
6,550000	0,485478	-0,650166
6,560000	0,469704	-0,639649
6,570000	0,453929	-0,623873
6,580000	0,438155	-0,608097
6,590000	0,422380	-0,597580
6,600000	0,401348	-0,576546
6,610000	0,385573	-0,560770
6,620000	0,369799	-0,544995
6,630000	0,354024	-0,529219
6,640000	0,332991	-0,508185
6,650000	0,317217	-0,497668
6,660000	0,296184	-0,481892
6,670000	0,280410	-0,460858
6,680000	0,259377	-0,445082
6,690000	0,238345	-0,429306
6,700000	0,217312	-0,413531
6,710000	0,201537	-0,392496
6,720000	0,180505	-0,381979
6,730000	0,169988	-0,366203
6,740000	0,143698	-0,345169
6,750000	0,127923	-0,334652
6,760000	0,112149	-0,313618
6,770000	0,096374	-0,297842
6,780000	0,080600	-0,282066
6,790000	0,064825	-0,266291
6,800000	0,049051	-0,250515
6,810000	0,033276	-0,229481
6,820000	0,017502	-0,218964
6,830000	0,001727	-0,208447
6,840000	-0,014047	-0,192671
6,850000	-0,029822	-0,176895
6,860000	-0,045596	-0,166378
6,870000	-0,050854	-0,150602
6,880000	-0,066629	-0,140085
6,890000	-0,077145	-0,124310
6,900000	-0,087661	-0,113792
6,910000	-0,103436	-0,103275
6,920000	-0,113952	-0,092758
6,930000	-0,119210	-0,087500
6,940000	-0,124469	-0,082241
6,950000	-0,134985	-0,071724
6,960000	-0,140243	-0,061207
6,970000	-0,145501	-0,055948
6,980000	-0,150759	-0,050690
6,990000	-0,156018	-0,040173
7,000000	-0,156018	-0,034914
7,010000	-0,161276	-0,034914
7,020000	-0,161276	-0,029655
7,030000	-0,166534	-0,029655
7,040000	-0,166534	-0,029655
7,050000	-0,161276	-0,029655
7,060000	-0,166534	-0,024397
7,070000	-0,166534	-0,024397
7,080000	-0,161276	-0,024397
7,090000	-0,161276	-0,024397
7,100000	-0,150759	-0,029655
7,110000	-0,150759	-0,029655
7,120000	-0,145501	-0,034914
7,130000	-0,134985	-0,040173
7,140000	-0,129727	-0,045431
7,150000	-0,124469	-0,050690
7,160000	-0,113952	-0,055948
7,170000	-0,103436	-0,066465
7,180000	-0,092920	-0,071724
7,190000	-0,082403	-0,082241
7,200000	-0,071887	-0,092758
7,210000	-0,056113	-0,103275
7,220000	-0,045596	-0,108534
7,230000	-0,035080	-0,124310
7,240000	-0,019305	-0,134827
7,250000	0,001727	-0,150602
7,260000	0,012244	-0,161120
7,270000	0,033276	-0,176895
7,280000	0,049051	-0,187412
7,290000	0,059567	-0,203188
7,300000	0,080600	-0,213705
7,310000	0,096374	-0,229481
7,320000	0,117407	-0,250515
7,330000	0,133181	-0,266291
7,340000	0,148956	-0,282066
7,350000	0,164730	-0,297842
7,360000	0,185763	-0,313618
7,370000	0,201537	-0,329394
7,380000	0,222570	-0,345169
7,390000	0,238345	-0,366203
7,400000	0,259377	-0,376721
7,410000	0,285668	-0,397755
7,420000	0,301442	-0,413531
7,430000	0,317217	-0,424048
7,440000	0,343508	-0,439823
7,450000	0,359282	-0,460858
7,460000	0,375057	-0,476633
7,470000	0,390831	-0,492409
7,480000	0,411864	-0,508185
7,490000	0,432897	-0,523960
7,500000	0,453929	-0,534477
7,510000	0,469704	-0,555512
7,520000	0,480220	-0,566029
7,530000	0,501253	-0,581805
7,540000	0,517027	-0,597580
7,550000	0,532802	-0,613356
7,560000	0,548576	-0,629132
7,570000	0,559092	-0,639649
7,580000	0,574867	-0,650166
7,590000	0,585383	-0,665942
7,600000	0,601158	-0,681717
7,610000	0,616932	-0,697493
7,620000	0,627448	-0,708010
7,630000	0,637965	-0,718527
7,640000	0,648481	-0,729044
7,650000	0,658997	-0,739561
7,660000	0,669514	-0,750079
7,670000	0,680030	-0,760596
7,680000	0,690546	-0,771113
7,690000	0,695805	-0,776371
7,700000	0,706321	-0,781630
7,710000	0,711579	-0,792147
7,720000	0,716837	-0,792147
7,730000	0,722095	-0,792147
7,740000	0,722095	-0,797406
7,750000	0,727354	-0,802664
7,760000	0,727354	-0,802664
7,770000	0,727354	-0,802664
7,780000	0,732612	-0,802664
7,790000	0,732612	-0,802664
7,800000	0,732612	-0,797406
7,810000	0,727354	-0,802664
7,820000	0,727354	-0,797406
7,830000	0,722095	-0,797406
7,840000	0,716837	-0,792147
7,850000	0,711579	-0,792147
7,860000	0,706321	-0,786888
7,870000	0,695805	-0,781630
7,880000	0,690546	-0,776371
7,890000	0,685288	-0,771113
7,900000	0,674772	-0,760596
7,910000	0,664256	-0,750079
7,920000	0,653739	-0,744820
7,930000	0,643223	-0,739561
7,940000	0,632707	-0,729044
7,950000	0,622190	-0,718527
7,960000	0,611674	-0,708010
7,970000	0,595900	-0,697493
7,980000	0,580125	-0,686976
7,990000	0,564351	-0,676459
8,000000	0,553834	-0,665942
8,010000	0,538060	-0,650166
8,020000	0,522285	-0,639649
8,030000	0,501253	-0,618614
8,040000	0,485478	-0,608097
8,050000	0,474962	-0,592322
8,060000	0,453929	-0,576546
8,070000	0,432897	-0,560770
8,080000	0,417122	-0,544995
8,090000	0,401348	-0,529219
8,100000	0,385573	-0,513443
8,110000	0,359282	-0,492409
8,120000	0,343508	-0,481892
8,130000	0,322475	-0,466116
8,140000	0,306701	-0,450340
8,150000	0,290926	-0,434565
8,160000	0,269894	-0,418789
8,170000	0,248861	-0,403013
8,180000	0,227828	-0,381979
8,190000	0,212054	-0,366203
8,200000	0,191021	-0,350428
8,210000	0,175247	-0,334652
8,220000	0,154214	-0,318876
8,230000	0,133181	-0,297842
8,240000	0,117407	-0,282066
8,250000	0,101632	-0,266291
8,260000	0,080600	-0,250515
8,270000	0,064825	-0,234739
8,280000	0,049051	-0,218964
8,290000	0,028018	-0,203188
8,300000	0,017502	-0,187412
8,310000	0,001727	-0,176895
8,320000	-0,014047	-0,161120
8,330000	-0,029822	-0,150602
8,340000	-0,045596	-0,134827
8,350000	-0,056113	-0,124310
8,360000	-0,071887	-0,113792
8,370000	-0,082403	-0,103275
8,380000	-0,087661	-0,092758
8,390000	-0,098178	-0,087500
8,400000	-0,113952	-0,076983
8,410000	-0,119210	-0,066465
8,420000	-0,129727	-0,061207
8,430000	-0,134985	-0,061207
8,440000	-0,145501	-0,055948
8,450000	-0,150759	-0,045431
8,460000	-0,156018	-0,040173
8,470000	-0,156018	-0,040173
8,480000	-0,161276	-0,034914
8,490000	-0,166534	-0,034914
8,500000	-0,171792	-0,034914
8,510000	-0,171792	-0,034914
8,520000	-0,171792	-0,029655
8,530000	-0,166534	-0,034914
8,540000	-0,171792	-0,034914
8,550000	-0,166534	-0,034914
8,560000	-0,166534	-0,040173
8,570000	-0,161276	-0,040173
8,580000	-0,161276	-0,045431
8,590000	-0,150759	-0,045431
8,600000	-0,150759	-0,055948
8,610000	-0,134985	-0,061207
8,620000	-0,134985	-0,061207
8,630000	-0,124469	-0,071724
8,640000	-0,113952	-0,076983
8,650000	-0,103436	-0,087500
8,660000	-0,098178	-0,098017
8,670000	-0,087661	-0,108534
8,680000	-0,077145	-0,113792
8,690000	-0,061371	-0,129568
8,700000	-0,050854	-0,140085
8,710000	-0,035080	-0,155861
8,720000	-0,024564	-0,166378
8,730000	-0,008789	-0,182154
8,740000	0,006985	-0,192671
8,750000	0,022760	-0,208447
8,760000	0,038534	-0,224222
8,770000	0,054309	-0,239998
8,780000	0,070083	-0,255774
8,790000	0,091116	-0,271549
8,800000	0,106890	-0,287325
8,810000	0,127923	-0,303101
8,820000	0,143698	-0,324135
8,830000	0,164730	-0,339911
8,840000	0,180505	-0,355686
8,850000	0,196279	-0,371462
8,860000	0,217312	-0,392496
8,870000	0,238345	-0,408272
8,880000	0,254119	-0,424048
8,890000	0,275152	-0,439823
8,900000	0,296184	-0,460858
8,910000	0,311959	-0,476633
8,920000	0,327733	-0,497668
8,930000	0,348766	-0,513443
8,940000	0,369799	-0,529219
8,950000	0,390831	-0,544995
8,960000	0,406606	-0,566029
8,970000	0,422380	-0,581805
8,980000	0,443413	-0,597580
8,990000	0,459187	-0,613356
9,000000	0,474962	-0,629132
9,010000	0,490736	-0,644907
9,020000	0,506511	-0,660683
9,030000	0,522285	-0,676459
9,040000	0,538060	-0,686976
9,050000	0,553834	-0,702751
9,060000	0,569609	-0,713269
9,070000	0,585383	-0,723786
9,080000	0,595900	-0,739561
9,090000	0,611674	-0,750079
9,100000	0,616932	-0,755337
9,110000	0,632707	-0,765854
9,120000	0,643223	-0,771113
9,130000	0,653739	-0,781630
9,140000	0,664256	-0,786888
9,150000	0,674772	-0,792147
9,160000	0,680030	-0,797406
9,170000	0,685288	-0,802664
9,180000	0,695805	-0,807923
9,190000	0,701063	-0,813181
9,200000	0,706321	-0,813181
9,210000	0,706321	-0,818440
9,220000	0,711579	-0,818440
9,230000	0,716837	-0,818440
9,240000	0,716837	-0,818440
9,250000	0,722095	-0,818440
9,260000	0,716837	-0,818440
9,270000	0,716837	-0,813181
9,280000	0,711579	-0,813181
9,290000	0,711579	-0,807923
9,300000	0,711579	-0,807923
9,310000	0,711579	-0,797406
9,320000	0,706321	-0,797406
9,330000	0,701063	-0,792147
9,340000	0,695805	-0,781630
9,350000	0,690546	-0,776371
9,360000	0,680030	-0,771113
9,370000	0,674772	-0,760596
9,380000	0,664256	-0,750079
9,390000	0,658997	-0,739561
9,400000	0,648481	-0,734303
9,410000	0,632707	-0,718527
9,420000	0,622190	-0,708010
9,430000	0,616932	-0,692234
9,440000	0,601158	-0,681717
9,450000	0,590641	-0,665942
9,460000	0,574867	-0,655424
9,470000	0,559092	-0,639649
9,480000	0,543318	-0,623873
9,490000	0,532802	-0,608097
9,500000	0,517027	-0,592322
9,510000	0,501253	-0,576546
9,520000	0,480220	-0,566029
9,530000	0,464445	-0,550253
9,540000	0,448671	-0,529219
9,550000	0,432897	-0,518702
9,560000	0,411864	-0,497668
9,570000	0,390831	-0,481892
9,580000	0,375057	-0,466116
9,590000	0,359282	-0,445082
9,600000	0,338250	-0,429306
9,610000	0,322475	-0,413531
9,620000	0,306701	-0,397755
9,630000	0,285668	-0,376721
9,640000	0,269894	-0,360945
9,650000	0,248861	-0,345169
9,660000	0,227828	-0,329394
9,670000	0,212054	-0,313618
9,680000	0,191021	-0,292584
9,690000	0,175247	-0,282066
9,700000	0,154214	-0,266291
9,710000	0,138439	-0,250515
9,720000	0,122665	-0,234739
9,730000	0,106890	-0,224222
9,740000	0,085858	-0,208447
9,750000	0,075342	-0,197929
9,760000	0,054309	-0,182154
9,770000	0,038534	-0,166378
9,780000	0,022760	-0,150602
9,790000	0,012244	-0,140085
9,800000	-0,008789	-0,124310
9,810000	-0,019305	-0,113792
9,820000	-0,035080	-0,103275
9,830000	-0,045596	-0,092758
9,840000	-0,056113	-0,082241
9,850000	-0,066629	-0,071724
9,860000	-0,077145	-0,066465
9,870000	-0,087661	-0,055948
9,880000	-0,092920	-0,050690
9,890000	-0,103436	-0,045431
9,900000	-0,113952	-0,034914
9,910000	-0,119210	-0,029655
9,920000	-0,129727	-0,024397
9,930000	-0,129727	-0,024397
9,940000	-0,140243	-0,019138
9,950000	-0,145501	-0,013880
9,960000	-0,145501	-0,013880
9,970000	-0,150759	-0,013880
9,980000	-0,150759	-0,013880
9,990000	-0,150759	-0,013880
10,000000	-0,156018	-0,013880
10,010000	-0,150759	-0,019138
10,020000	-0,150759	-0,019138
10,030000	-0,150759	-0,024397
10,040000	-0,145501	-0,024397
10,050000	-0,140243	-0,029655
10,060000	-0,134985	-0,034914
10,070000	-0,129727	-0,040173
10,080000	-0,124469	-0,050690
10,090000	-0,119210	-0,055948
10,100000	-0,108694	-0,066465
10,110000	-0,103436	-0,076983
10,120000	-0,092920	-0,087500
10,130000	-0,082403	-0,103275
10,140000	-0,071887	-0,108534
10,150000	-0,061371	-0,119051
10,160000	-0,050854	-0,134827
10,170000	-0,035080	-0,145344
10,180000	-0,024564	-0,161120
10,190000	-0,008789	-0,176895
10,200000	0,006985	-0,187412
10,210000	0,017502	-0,203188
10,220000	0,028018	-0,218964
10,230000	0,043793	-0,234739
10,240000	0,059567	-0,250515
10,250000	0,080600	-0,261032
10,260000	0,091116	-0,276808
10,270000	0,112149	-0,292584
10,280000	0,122665	-0,308359
10,290000	0,143698	-0,329394
10,300000	0,159472	-0,345169
10,310000	0,180505	-0,366203
10,320000	0,196279	-0,381979
10,330000	0,212054	-0,403013
10,340000	0,233086	-0,413531
10,350000	0,254119	-0,439823
10,360000	0,269894	-0,455599
10,370000	0,285668	-0,476633
10,380000	0,306701	-0,492409
10,390000	0,322475	-0,513443
10,400000	0,338250	-0,529219
10,410000	0,359282	-0,544995
10,420000	0,375057	-0,566029
10,430000	0,390831	-0,581805
10,440000	0,406606	-0,597580
10,450000	0,422380	-0,618614
10,460000	0,438155	-0,634390
10,470000	0,453929	-0,650166
10,480000	0,474962	-0,660683
10,490000	0,485478	-0,676459
10,500000	0,501253	-0,692234
10,510000	0,522285	-0,708010
10,520000	0,532802	-0,718527
10,530000	0,543318	-0,734303
10,540000	0,559092	-0,744820
10,550000	0,569609	-0,755337
10,560000	0,585383	-0,765854
10,570000	0,595900	-0,781630
10,580000	0,606416	-0,786888
10,590000	0,616932	-0,792147
10,600000	0,627448	-0,797406
10,610000	0,637965	-0,802664
10,620000	0,648481	-0,813181
10,630000	0,648481	-0,818440
10,640000	0,658997	-0,823698
10,650000	0,669514	-0,828957
10,660000	0,674772	-0,834216
10,670000	0,680030	-0,834216
10,680000	0,680030	-0,839474
10,690000	0,685288	-0,839474
10,700000	0,690546	-0,839474
10,710000	0,690546	-0,844733
10,720000	0,690546	-0,844733
10,730000	0,695805	-0,839474
10,740000	0,690546	-0,834216
10,750000	0,690546	-0,839474
10,760000	0,690546	-0,834216
10,770000	0,685288	-0,834216
10,780000	0,685288	-0,828957
10,790000	0,680030	-0,823698
10,800000	0,674772	-0,818440
10,810000	0,669514	-0,813181
10,820000	0,664256	-0,802664
10,830000	0,658997	-0,797406
10,840000	0,653739	-0,792147
10,850000	0,643223	-0,781630
10,860000	0,632707	-0,776371
10,870000	0,627448	-0,760596
10,880000	0,611674	-0,744820
10,890000	0,601158	-0,734303
10,900000	0,590641	-0,723786
10,910000	0,580125	-0,708010
10,920000	0,569609	-0,692234
10,930000	0,553834	-0,681717
10,940000	0,543318	-0,665942
10,950000	0,527543	-0,650166
10,960000	0,511769	-0,634390
10,970000	0,495994	-0,618614
10,980000	0,480220	-0,602839
10,990000	0,464445	-0,587063
11,000000	0,448671	-0,571287
11,010000	0,438155	-0,550253
11,020000	0,417122	-0,534477
11,030000	0,401348	-0,513443
11,040000	0,385573	-0,492409
11,050000	0,369799	-0,476633
11,060000	0,354024	-0,460858
11,070000	0,332991	-0,439823
11,080000	0,317217	-0,424048
11,090000	0,301442	-0,403013
11,100000	0,280410	-0,387238
11,110000	0,264635	-0,366203
11,120000	0,243603	-0,350428
11,130000	0,227828	-0,334652
11,140000	0,212054	-0,313618
11,150000	0,191021	-0,292584
11,160000	0,175247	-0,276808
11,170000	0,154214	-0,261032
11,180000	0,143698	-0,239998
11,190000	0,127923	-0,229481
11,200000	0,112149	-0,213705
11,210000	0,096374	-0,197929
11,220000	0,080600	-0,182154
11,230000	0,064825	-0,161120
11,240000	0,049051	-0,145344
11,250000	0,038534	-0,134827
11,260000	0,022760	-0,119051
11,270000	0,012244	-0,103275
11,280000	0,001727	-0,087500
11,290000	-0,014047	-0,071724
11,300000	-0,029822	-0,066465
11,310000	-0,040338	-0,061207
11,320000	-0,050854	-0,050690
11,330000	-0,061371	-0,040173
11,340000	-0,066629	-0,029655
11,350000	-0,077145	-0,019138
11,360000	-0,087661	-0,013880
11,370000	-0,087661	-0,003363
11,380000	-0,098178	0,001896
11,390000	-0,103436	0,007154
11,400000	-0,108694	0,012413
11,410000	-0,113952	0,012413
11,420000	-0,119210	0,017672
11,430000	-0,119210	0,017672
11,440000	-0,119210	0,022930
11,450000	-0,124469	0,022930
11,460000	-0,124469	0,022930
11,470000	-0,124469	0,022930
11,480000	-0,129727	0,022930
11,490000	-0,129727	0,017672
11,500000	-0,124469	0,017672
11,510000	-0,119210	0,017672
11,520000	-0,119210	0,012413
11,530000	-0,113952	0,007154
11,540000	-0,103436	-0,003363
11,550000	-0,098178	-0,013880
11,560000	-0,092920	-0,019138
11,570000	-0,087661	-0,024397
11,580000	-0,082403	-0,034914
11,590000	-0,071887	-0,050690
11,600000	-0,061371	-0,061207
11,610000	-0,050854	-0,071724
11,620000	-0,035080	-0,082241
11,630000	-0,029822	-0,092758
11,640000	-0,014047	-0,103275
11,650000	0,001727	-0,124310
11,660000	0,012244	-0,134827
11,670000	0,028018	-0,145344
11,680000	0,043793	-0,166378
11,690000	0,054309	-0,176895
11,700000	0,070083	-0,192671
11,710000	0,085858	-0,208447
11,720000	0,101632	-0,229481
11,730000	0,117407	-0,239998
11,740000	0,133181	-0,261032
11,750000	0,148956	-0,282066
11,760000	0,164730	-0,297842
11,770000	0,180505	-0,313618
11,780000	0,201537	-0,329394
11,790000	0,217312	-0,350428
11,800000	0,233086	-0,371462
11,810000	0,248861	-0,392496
11,820000	0,269894	-0,408272
11,830000	0,285668	-0,429306
11,840000	0,306701	-0,445082
11,850000	0,322475	-0,466116
11,860000	0,338250	-0,476633
11,870000	0,354024	-0,492409
11,880000	0,369799	-0,513443
11,890000	0,390831	-0,534477
11,900000	0,406606	-0,550253
11,910000	0,422380	-0,566029
11,920000	0,438155	-0,581805
11,930000	0,453929	-0,597580
11,940000	0,469704	-0,613356
11,950000	0,485478	-0,629132
11,960000	0,501253	-0,644907
11,970000	0,517027	-0,660683
11,980000	0,527543	-0,671200
11,990000	0,543318	-0,686976
12,000000	0,553834	-0,702751
12,010000	0,569609	-0,718527
12,020000	0,580125	-0,729044
12,030000	0,590641	-0,739561
12,040000	0,606416	-0,755337
12,050000	0,616932	-0,760596
12,060000	0,622190	-0,776371
12,070000	0,632707	-0,781630
12,080000	0,637965	-0,792147
12,090000	0,648481	-0,797406
12,100000	0,653739	-0,807923
12,110000	0,664256	-0,813181
12,120000	0,669514	-0,818440
12,130000	0,674772	-0,823698
12,140000	0,674772	-0,828957
12,150000	0,680030	-0,828957
12,160000	0,680030	-0,834216
12,170000	0,680030	-0,834216
12,180000	0,680030	-0,839474
12,190000	0,685288	-0,839474
12,200000	0,685288	-0,839474
12,210000	0,685288	-0,839474
12,220000	0,685288	-0,834216
12,230000	0,680030	-0,834216
12,240000	0,674772	-0,828957
12,250000	0,674772	-0,828957
12,260000	0,664256	-0,823698
12,270000	0,658997	-0,818440
12,280000	0,653739	-0,813181
12,290000	0,648481	-0,807923
12,300000	0,643223	-0,802664
12,310000	0,632707	-0,792147
12,320000	0,622190	-0,786888
12,330000	0,611674	-0,776371
12,340000	0,601158	-0,771113
12,350000	0,590641	-0,755337
12,360000	0,580125	-0,744820
12,370000	0,564351	-0,734303
12,380000	0,553834	-0,723786
12,390000	0,543318	-0,708010
12,400000	0,527543	-0,697493
12,410000	0,517027	-0,686976
12,420000	0,501253	-0,665942
12,430000	0,485478	-0,655424
12,440000	0,469704	-0,639649
12,450000	0,453929	-0,623873
12,460000	0,438155	-0,608097
12,470000	0,422380	-0,592322
12,480000	0,406606	-0,576546
12,490000	0,390831	-0,560770
12,500000	0,369799	-0,539736
12,510000	0,354024	-0,518702
12,520000	0,338250	-0,502926
12,530000	0,317217	-0,487150
12,540000	0,301442	-0,466116
12,550000	0,280410	-0,445082
12,560000	0,264635	-0,429306
12,570000	0,248861	-0,408272
12,580000	0,233086	-0,392496
12,590000	0,212054	-0,371462
12,600000	0,196279	-0,355686
12,610000	0,180505	-0,334652
12,620000	0,164730	-0,318876
12,630000	0,143698	-0,292584
12,640000	0,127923	-0,276808
12,650000	0,112149	-0,255774
12,660000	0,096374	-0,234739
12,670000	0,080600	-0,218964
12,680000	0,064825	-0,203188
12,690000	0,049051	-0,187412
12,700000	0,033276	-0,171637
12,710000	0,017502	-0,155861
12,720000	0,012244	-0,145344
12,730000	-0,008789	-0,129568
12,740000	-0,019305	-0,119051
12,750000	-0,029822	-0,108534
12,760000	-0,045596	-0,098017
12,770000	-0,056113	-0,087500
12,780000	-0,061371	-0,076983
12,790000	-0,071887	-0,066465
12,800000	-0,082403	-0,055948
12,810000	-0,092920	-0,045431
12,820000	-0,098178	-0,040173
12,830000	-0,108694	-0,029655
12,840000	-0,108694	-0,024397
12,850000	-0,113952	-0,013880
12,860000	-0,119210	-0,013880
12,870000	-0,129727	-0,003363
12,880000	-0,129727	0,001896
12,890000	-0,134985	0,007154
12,900000	-0,134985	0,012413
12,910000	-0,134985	0,012413
12,920000	-0,140243	0,012413
12,930000	-0,140243	0,017672
12,940000	-0,134985	0,017672
12,950000	-0,134985	0,017672
12,960000	-0,129727	0,017672
12,970000	-0,129727	0,017672
12,980000	-0,124469	0,012413
12,990000	-0,119210	0,012413
13,000000	-0,113952	0,007154
13,010000	-0,103436	-0,003363
13,020000	-0,103436	-0,008621
13,030000	-0,092920	-0,019138
13,040000	-0,082403	-0,029655
13,050000	-0,077145	-0,034914
13,060000	-0,061371	-0,045431
13,070000	-0,050854	-0,050690
13,080000	-0,040338	-0,061207
13,090000	-0,029822	-0,076983
13,100000	-0,019305	-0,087500
13,110000	-0,003531	-0,098017
13,120000	0,012244	-0,103275
13,130000	0,022760	-0,124310
13,140000	0,038534	-0,129568
13,150000	0,054309	-0,145344
13,160000	0,070083	-0,161120
13,170000	0,085858	-0,176895
13,180000	0,101632	-0,192671
13,190000	0,117407	-0,203188
13,200000	0,133181	-0,224222
13,210000	0,148956	-0,239998
13,220000	0,169988	-0,255774
13,230000	0,185763	-0,271549
13,240000	0,201537	-0,292584
13,250000	0,217312	-0,313618
13,260000	0,238345	-0,329394
13,270000	0,254119	-0,345169
13,280000	0,269894	-0,360945
13,290000	0,285668	-0,376721
13,300000	0,311959	-0,397755
13,310000	0,327733	-0,418789
13,320000	0,343508	-0,434565
13,330000	0,359282	-0,455599
13,340000	0,380315	-0,471375
13,350000	0,396089	-0,492409
13,360000	0,417122	-0,508185
13,370000	0,432897	-0,523960
13,380000	0,448671	-0,539736
13,390000	0,464445	-0,560770
13,400000	0,480220	-0,576546
13,410000	0,495994	-0,587063
13,420000	0,511769	-0,608097
13,430000	0,522285	-0,623873
13,440000	0,538060	-0,639649
13,450000	0,553834	-0,655424
13,460000	0,564351	-0,671200
13,470000	0,580125	-0,681717
13,480000	0,590641	-0,692234
13,490000	0,601158	-0,708010
13,500000	0,616932	-0,718527
13,510000	0,627448	-0,729044
13,520000	0,637965	-0,734303
13,530000	0,648481	-0,744820
13,540000	0,653739	-0,755337
13,550000	0,658997	-0,765854
13,560000	0,674772	-0,771113
13,570000	0,674772	-0,776371
13,580000	0,685288	-0,786888
13,590000	0,685288	-0,792147
13,600000	0,690546	-0,797406
13,610000	0,695805	-0,797406
13,620000	0,695805	-0,807923
13,630000	0,701063	-0,807923
13,640000	0,701063	-0,807923
13,650000	0,706321	-0,813181
13,660000	0,706321	-0,813181
13,670000	0,701063	-0,813181
13,680000	0,701063	-0,813181
13,690000	0,701063	-0,813181
13,700000	0,701063	-0,813181
13,710000	0,695805	-0,813181
13,720000	0,690546	-0,813181
13,730000	0,680030	-0,807923
13,740000	0,674772	-0,802664
13,750000	0,669514	-0,797406
13,760000	0,664256	-0,792147
13,770000	0,653739	-0,786888
13,780000	0,643223	-0,776371
13,790000	0,632707	-0,771113
13,800000	0,622190	-0,765854
13,810000	0,611674	-0,755337
13,820000	0,601158	-0,744820
13,830000	0,590641	-0,734303
13,840000	0,574867	-0,723786
13,850000	0,564351	-0,708010
13,860000	0,548576	-0,702751
13,870000	0,532802	-0,686976
13,880000	0,522285	-0,676459
13,890000	0,501253	-0,660683
13,900000	0,490736	-0,650166
13,910000	0,474962	-0,634390
13,920000	0,453929	-0,618614
13,930000	0,432897	-0,608097
13,940000	0,422380	-0,587063
13,950000	0,401348	-0,571287
13,960000	0,385573	-0,555512
13,970000	0,369799	-0,539736
13,980000	0,348766	-0,523960
13,990000	0,332991	-0,508185
14,000000	0,311959	-0,492409
14,010000	0,296184	-0,471375
14,020000	0,275152	-0,455599
14,030000	0,259377	-0,445082
14,040000	0,238345	-0,429306
14,050000	0,222570	-0,408272
14,060000	0,201537	-0,392496
14,070000	0,185763	-0,376721
14,080000	0,169988	-0,360945
14,090000	0,154214	-0,345169
14,100000	0,138439	-0,329394
14,110000	0,117407	-0,308359
14,120000	0,101632	-0,292584
14,130000	0,080600	-0,271549
14,140000	0,070083	-0,261032
14,150000	0,054309	-0,239998
14,160000	0,033276	-0,229481
14,170000	0,022760	-0,213705
14,180000	0,006985	-0,203188
14,190000	-0,008789	-0,187412
14,200000	-0,019305	-0,171637
14,210000	-0,035080	-0,161120
14,220000	-0,050854	-0,145344
14,230000	-0,061371	-0,134827
14,240000	-0,071887	-0,124310
14,250000	-0,082403	-0,113792
14,260000	-0,092920	-0,103275
14,270000	-0,103436	-0,092758
14,280000	-0,113952	-0,082241
14,290000	-0,119210	-0,076983
14,300000	-0,124469	-0,066465
14,310000	-0,134985	-0,061207
14,320000	-0,140243	-0,050690
14,330000	-0,145501	-0,050690
14,340000	-0,150759	-0,034914
14,350000	-0,156018	-0,034914
14,360000	-0,156018	-0,029655
14,370000	-0,161276	-0,024397
14,380000	-0,161276	-0,024397
14,390000	-0,161276	-0,019138
14,400000	-0,156018	-0,019138
14,410000	-0,156018	-0,019138
14,420000	-0,156018	-0,013880
14,430000	-0,150759	-0,019138
14,440000	-0,150759	-0,024397
14,450000	-0,145501	-0,024397
14,460000	-0,140243	-0,024397
14,470000	-0,134985	-0,034914
14,480000	-0,134985	-0,034914
14,490000	-0,119210	-0,040173
14,500000	-0,113952	-0,050690
14,510000	-0,103436	-0,055948
14,520000	-0,098178	-0,066465
14,530000	-0,082403	-0,071724
14,540000	-0,071887	-0,082241
14,550000	-0,061371	-0,092758
14,560000	-0,050854	-0,103275
14,570000	-0,035080	-0,108534
14,580000	-0,024564	-0,124310
14,590000	-0,014047	-0,134827
14,600000	0,006985	-0,150602
14,610000	0,022760	-0,166378
14,620000	0,033276	-0,176895
14,630000	0,054309	-0,187412
14,640000	0,070083	-0,208447
14,650000	0,085858	-0,218964
14,660000	0,106890	-0,234739
14,670000	0,122665	-0,250515
14,680000	0,138439	-0,266291
14,690000	0,154214	-0,282066
14,700000	0,175247	-0,292584
14,710000	0,191021	-0,313618
14,720000	0,212054	-0,329394
14,730000	0,227828	-0,345169
14,740000	0,248861	-0,366203
14,750000	0,269894	-0,381979
14,760000	0,285668	-0,392496
14,770000	0,306701	-0,413531
14,780000	0,322475	-0,434565
14,790000	0,338250	-0,445082
14,800000	0,359282	-0,466116
14,810000	0,375057	-0,487150
14,820000	0,396089	-0,497668
14,830000	0,417122	-0,518702
14,840000	0,427638	-0,529219
14,850000	0,448671	-0,544995
14,860000	0,469704	-0,560770
14,870000	0,485478	-0,576546
14,880000	0,495994	-0,597580
14,890000	0,517027	-0,613356
14,900000	0,527543	-0,623873
14,910000	0,548576	-0,639649
14,920000	0,564351	-0,655424
14,930000	0,574867	-0,665942
14,940000	0,590641	-0,676459
14,950000	0,601158	-0,686976
14,960000	0,616932	-0,702751
14,970000	0,627448	-0,713269
14,980000	0,637965	-0,718527
14,990000	0,648481	-0,734303
15,000000	0,658997	-0,744820
15,010000	0,674772	-0,750079
15,020000	0,680030	-0,760596
15,030000	0,685288	-0,765854
15,040000	0,695805	-0,776371
15,050000	0,701063	-0,786888
15,060000	0,706321	-0,792147
15,070000	0,711579	-0,797406
15,080000	0,716837	-0,807923
15,090000	0,722095	-0,813181
15,100000	0,722095	-0,818440
15,110000	0,727354	-0,818440
15,120000	0,727354	-0,818440
15,130000	0,727354	-0,818440
15,140000	0,727354	-0,818440
15,150000	0,727354	-0,818440
15,160000	0,722095	-0,813181
15,170000	0,722095	-0,813181
15,180000	0,716837	-0,807923
15,190000	0,711579	-0,807923
15,200000	0,706321	-0,802664
15,210000	0,701063	-0,797406
15,220000	0,690546	-0,792147
15,230000	0,685288	-0,786888
15,240000	0,680030	-0,781630
15,250000	0,669514	-0,776371
15,260000	0,658997	-0,765854
15,270000	0,648481	-0,760596
15,280000	0,637965	-0,750079
15,290000	0,622190	-0,739561
15,300000	0,606416	-0,723786
15,310000	0,601158	-0,713269
15,320000	0,585383	-0,697493
15,330000	0,569609	-0,686976
15,340000	0,559092	-0,671200
15,350000	0,543318	-0,660683
15,360000	0,527543	-0,644907
15,370000	0,511769	-0,629132
15,380000	0,495994	-0,613356
15,390000	0,480220	-0,597580
15,400000	0,464445	-0,581805
15,410000	0,448671	-0,571287
15,420000	0,427638	-0,555512
15,430000	0,411864	-0,539736
15,440000	0,390831	-0,529219
15,450000	0,375057	-0,513443
15,460000	0,354024	-0,492409
15,470000	0,338250	-0,481892
15,480000	0,317217	-0,460858
15,490000	0,296184	-0,445082
15,500000	0,280410	-0,429306
15,510000	0,259377	-0,408272
15,520000	0,243603	-0,392496
15,530000	0,222570	-0,371462
15,540000	0,201537	-0,355686
15,550000	0,185763	-0,339911
15,560000	0,164730	-0,324135
15,570000	0,148956	-0,308359
15,580000	0,133181	-0,297842
15,590000	0,117407	-0,276808
15,600000	0,096374	-0,261032
15,610000	0,080600	-0,250515
15,620000	0,064825	-0,234739
15,630000	0,049051	-0,218964
15,640000	0,033276	-0,203188
15,650000	0,017502	-0,192671
15,660000	0,001727	-0,176895
15,670000	-0,014047	-0,166378
15,680000	-0,029822	-0,155861
15,690000	-0,045596	-0,140085
15,700000	-0,056113	-0,129568
15,710000	-0,071887	-0,113792
15,720000	-0,082403	-0,103275
15,730000	-0,092920	-0,098017
15,740000	-0,098178	-0,092758
15,750000	-0,108694	-0,082241
15,760000	-0,119210	-0,071724
15,770000	-0,124469	-0,066465
15,780000	-0,134985	-0,061207
15,790000	-0,140243	-0,055948
15,800000	-0,145501	-0,050690
15,810000	-0,150759	-0,045431
15,820000	-0,156018	-0,040173
15,830000	-0,156018	-0,034914
15,840000	-0,161276	-0,034914
15,850000	-0,161276	-0,029655
15,860000	-0,166534	-0,029655
15,870000	-0,166534	-0,029655
15,880000	-0,166534	-0,029655
15,890000	-0,161276	-0,029655
15,900000	-0,161276	-0,029655
15,910000	-0,161276	-0,034914
15,920000	-0,156018	-0,040173
15,930000	-0,156018	-0,045431
15,940000	-0,150759	-0,045431
15,950000	-0,145501	-0,050690
15,960000	-0,134985	-0,055948
15,970000	-0,129727	-0,066465
15,980000	-0,124469	-0,076983
15,990000	-0,113952	-0,087500
16,000000	-0,103436	-0,092758
16,010000	-0,092920	-0,103275
16,020000	-0,082403	-0,113792
16,030000	-0,066629	-0,124310
16,040000	-0,056113	-0,134827
16,050000	-0,045596	-0,150602
16,060000	-0,029822	-0,161120
16,070000	-0,019305	-0,171637
16,080000	0,001727	-0,187412
16,090000	0,012244	-0,203188
16,100000	0,028018	-0,213705
16,110000	0,043793	-0,229481
16,120000	0,064825	-0,245257
16,130000	0,075342	-0,261032
16,140000	0,091116	-0,276808
16,150000	0,112149	-0,292584
16,160000	0,133181	-0,308359
16,170000	0,148956	-0,324135
16,180000	0,164730	-0,339911
16,190000	0,180505	-0,355686
16,200000	0,201537	-0,371462
16,210000	0,217312	-0,387238
16,220000	0,238345	-0,403013
16,230000	0,259377	-0,418789
16,240000	0,275152	-0,434565
16,250000	0,296184	-0,450340
16,260000	0,311959	-0,466116
16,270000	0,332991	-0,481892
16,280000	0,348766	-0,497668
16,290000	0,369799	-0,513443
16,300000	0,385573	-0,529219
16,310000	0,406606	-0,544995
16,320000	0,422380	-0,560770
16,330000	0,438155	-0,576546
16,340000	0,459187	-0,592322
16,350000	0,474962	-0,608097
16,360000	0,485478	-0,623873
16,370000	0,506511	-0,639649
16,380000	0,522285	-0,655424
16,390000	0,538060	-0,671200
16,400000	0,553834	-0,681717
16,410000	0,569609	-0,697493
16,420000	0,580125	-0,713269
16,430000	0,590641	-0,723786
16,440000	0,606416	-0,729044
16,450000	0,622190	-0,739561
16,460000	0,627448	-0,750079
16,470000	0,637965	-0,760596
16,480000	0,653739	-0,765854
16,490000	0,658997	-0,776371
16,500000	0,674772	-0,781630
16,510000	0,680030	-0,786888
16,520000	0,690546	-0,792147
16,530000	0,695805	-0,792147
16,540000	0,701063	-0,797406
16,550000	0,701063	-0,797406
16,560000	0,706321	-0,802664
16,570000	0,711579	-0,807923
16,580000	0,716837	-0,807923
16,590000	0,716837	-0,807923
16,600000	0,716837	-0,807923
16,610000	0,716837	-0,813181
16,620000	0,716837	-0,813181
16,630000	0,716837	-0,813181
16,640000	0,716837	-0,802664
16,650000	0,711579	-0,802664
16,660000	0,711579	-0,797406
16,670000	0,706321	-0,792147
16,680000	0,695805	-0,786888
16,690000	0,695805	-0,781630
16,700000	0,685288	-0,776371
16,710000	0,680030	-0,765854
16,720000	0,674772	-0,755337
16,730000	0,664256	-0,744820
16,740000	0,653739	-0,734303
16,750000	0,648481	-0,723786
16,760000	0,637965	-0,708010
16,770000	0,622190	-0,702751
16,780000	0,611674	-0,692234
16,790000	0,601158	-0,676459
16,800000	0,585383	-0,665942
16,810000	0,574867	-0,650166
16,820000	0,553834	-0,639649
16,830000	0,543318	-0,623873
16,840000	0,527543	-0,613356
16,850000	0,511769	-0,592322
16,860000	0,495994	-0,576546
16,870000	0,480220	-0,560770
16,880000	0,464445	-0,550253
16,890000	0,448671	-0,529219
16,900000	0,427638	-0,513443
16,910000	0,411864	-0,497668
16,920000	0,396089	-0,481892
16,930000	0,375057	-0,460858
16,940000	0,354024	-0,450340
16,950000	0,338250	-0,429306
16,960000	0,317217	-0,413531
16,970000	0,301442	-0,397755
16,980000	0,285668	-0,381979
16,990000	0,269894	-0,366203
17,000000	0,248861	-0,345169
17,010000	0,227828	-0,329394
17,020000	0,212054	-0,313618
17,030000	0,196279	-0,303101
17,040000	0,175247	-0,282066
17,050000	0,159472	-0,271549
17,060000	0,143698	-0,250515
17,070000	0,122665	-0,234739
17,080000	0,106890	-0,224222
17,090000	0,091116	-0,208447
17,100000	0,075342	-0,197929
17,110000	0,059567	-0,182154
17,120000	0,043793	-0,161120
17,130000	0,028018	-0,150602
17,140000	0,012244	-0,134827
17,150000	-0,003531	-0,119051
17,160000	-0,019305	-0,108534
17,170000	-0,024564	-0,098017
17,180000	-0,040338	-0,087500
17,190000	-0,056113	-0,076983
17,200000	-0,066629	-0,066465
17,210000	-0,077145	-0,055948
17,220000	-0,087661	-0,055948
17,230000	-0,092920	-0,045431
17,240000	-0,108694	-0,045431
17,250000	-0,113952	-0,034914
17,260000	-0,119210	-0,029655
17,270000	-0,124469	-0,024397
17,280000	-0,129727	-0,024397
17,290000	-0,134985	-0,019138
17,300000	-0,145501	-0,013880
17,310000	-0,145501	-0,013880
17,320000	-0,150759	-0,019138
17,330000	-0,150759	-0,008621
17,340000	-0,156018	-0,008621
17,350000	-0,150759	-0,013880
17,360000	-0,150759	-0,013880
17,370000	-0,145501	-0,013880
17,380000	-0,145501	-0,013880
17,390000	-0,145501	-0,019138
17,400000	-0,140243	-0,024397
17,410000	-0,134985	-0,024397
17,420000	-0,129727	-0,034914
17,430000	-0,124469	-0,034914
17,440000	-0,119210	-0,045431
17,450000	-0,108694	-0,050690
17,460000	-0,103436	-0,061207
17,470000	-0,092920	-0,071724
17,480000	-0,082403	-0,082241
17,490000	-0,071887	-0,098017
17,500000	-0,061371	-0,108534
17,510000	-0,050854	-0,119051
17,520000	-0,040338	-0,129568
17,530000	-0,024564	-0,145344
17,540000	-0,014047	-0,161120
17,550000	0,001727	-0,171637
17,560000	0,017502	-0,187412
17,570000	0,033276	-0,203188
17,580000	0,043793	-0,218964
17,590000	0,059567	-0,234739
17,600000	0,075342	-0,250515
17,610000	0,091116	-0,266291
17,620000	0,106890	-0,282066
17,630000	0,122665	-0,297842
17,640000	0,138439	-0,318876
17,650000	0,159472	-0,334652
17,660000	0,175247	-0,350428
17,670000	0,191021	-0,371462
17,680000	0,206796	-0,392496
17,690000	0,227828	-0,403013
17,700000	0,248861	-0,424048
17,710000	0,264635	-0,439823
17,720000	0,280410	-0,455599
17,730000	0,301442	-0,471375
17,740000	0,317217	-0,487150
17,750000	0,338250	-0,508185
17,760000	0,354024	-0,529219
17,770000	0,369799	-0,539736
17,780000	0,390831	-0,560770
17,790000	0,401348	-0,571287
17,800000	0,417122	-0,587063
17,810000	0,438155	-0,602839
17,820000	0,453929	-0,618614
17,830000	0,469704	-0,634390
17,840000	0,485478	-0,644907
17,850000	0,501253	-0,660683
17,860000	0,517027	-0,671200
17,870000	0,532802	-0,681717
17,880000	0,543318	-0,697493
17,890000	0,559092	-0,708010
17,900000	0,569609	-0,718527
17,910000	0,585383	-0,734303
17,920000	0,595900	-0,739561
17,930000	0,606416	-0,750079
17,940000	0,616932	-0,760596
17,950000	0,627448	-0,765854
17,960000	0,637965	-0,776371
17,970000	0,643223	-0,781630
17,980000	0,653739	-0,786888
17,990000	0,658997	-0,786888
18,000000	0,669514	-0,797406
18,010000	0,674772	-0,802664
18,020000	0,680030	-0,807923
18,030000	0,685288	-0,813181
18,040000	0,685288	-0,818440
18,050000	0,685288	-0,818440
18,060000	0,690546	-0,818440
18,070000	0,690546	-0,818440
18,080000	0,695805	-0,818440
18,090000	0,695805	-0,818440
18,100000	0,695805	-0,813181
18,110000	0,690546	-0,813181
18,120000	0,690546	-0,807923
18,130000	0,690546	-0,807923
18,140000	0,685288	-0,807923
18,150000	0,680030	-0,802664
18,160000	0,674772	-0,797406
18,170000	0,664256	-0,792147
18,180000	0,658997	-0,781630
18,190000	0,653739	-0,771113
18,200000	0,643223	-0,765854
18,210000	0,632707	-0,760596
18,220000	0,627448	-0,750079
18,230000	0,616932	-0,739561
18,240000	0,606416	-0,729044
18,250000	0,595900	-0,718527
18,260000	0,580125	-0,708010
18,270000	0,569609	-0,692234
18,280000	0,548576	-0,681717
18,290000	0,543318	-0,665942
18,300000	0,527543	-0,650166
18,310000	0,511769	-0,634390
18,320000	0,495994	-0,618614
18,330000	0,485478	-0,597580
18,340000	0,464445	-0,581805
18,350000	0,453929	-0,566029
18,360000	0,432897	-0,550253
18,370000	0,417122	-0,529219
18,380000	0,401348	-0,508185
18,390000	0,385573	-0,492409
18,400000	0,369799	-0,476633
18,410000	0,354024	-0,455599
18,420000	0,332991	-0,439823
18,430000	0,317217	-0,424048
18,440000	0,301442	-0,403013
18,450000	0,280410	-0,387238
18,460000	0,269894	-0,371462
18,470000	0,248861	-0,355686
18,480000	0,233086	-0,339911
18,490000	0,217312	-0,318876
18,500000	0,201537	-0,303101
18,510000	0,180505	-0,282066
18,520000	0,159472	-0,266291
18,530000	0,148956	-0,245257
18,540000	0,127923	-0,229481
18,550000	0,112149	-0,213705
18,560000	0,096374	-0,203188
18,570000	0,080600	-0,187412
18,580000	0,064825	-0,171637
18,590000	0,049051	-0,155861
18,600000	0,038534	-0,140085
18,610000	0,028018	-0,129568
18,620000	0,012244	-0,113792
18,630000	0,001727	-0,098017
18,640000	-0,014047	-0,087500
18,650000	-0,024564	-0,076983
18,660000	-0,040338	-0,066465
18,670000	-0,045596	-0,061207
18,680000	-0,056113	-0,050690
18,690000	-0,066629	-0,040173
18,700000	-0,077145	-0,034914
18,710000	-0,087661	-0,024397
18,720000	-0,092920	-0,019138
18,730000	-0,098178	-0,013880
18,740000	-0,103436	-0,003363
18,750000	-0,108694	0,001896
18,760000	-0,113952	0,007154
18,770000	-0,119210	0,007154
18,780000	-0,124469	0,007154
18,790000	-0,124469	0,012413
18,800000	-0,124469	0,007154
18,810000	-0,124469	0,007154
18,820000	-0,124469	0,001896
18,830000	-0,124469	-0,003363
18,840000	-0,124469	-0,008621
18,850000	-0,119210	-0,008621
18,860000	-0,119210	-0,013880
18,870000	-0,113952	-0,024397
18,880000	-0,108694	-0,029655
18,890000	-0,103436	-0,040173
18,900000	-0,098178	-0,045431
18,910000	-0,092920	-0,055948
18,920000	-0,087661	-0,061207
18,930000	-0,077145	-0,076983
18,940000	-0,066629	-0,082241
18,950000	-0,056113	-0,092758
18,960000	-0,050854	-0,103275
18,970000	-0,035080	-0,119051
18,980000	-0,024564	-0,129568
18,990000	-0,014047	-0,140085
19,000000	0,001727	-0,155861
19,010000	0,017502	-0,166378
19,020000	0,028018	-0,176895
19,030000	0,043793	-0,192671
19,040000	0,054309	-0,208447
19,050000	0,070083	-0,218964
19,060000	0,085858	-0,234739
19,070000	0,101632	-0,245257
19,080000	0,112149	-0,261032
19,090000	0,133181	-0,282066
19,100000	0,143698	-0,292584
19,110000	0,159472	-0,313618
19,120000	0,180505	-0,329394
19,130000	0,196279	-0,350428
19,140000	0,217312	-0,371462
19,150000	0,233086	-0,387238
19,160000	0,248861	-0,403013
19,170000	0,269894	-0,418789
19,180000	0,285668	-0,439823
19,190000	0,301442	-0,460858
19,200000	0,317217	-0,481892
19,210000	0,332991	-0,497668
19,220000	0,354024	-0,513443
19,230000	0,369799	-0,534477
19,240000	0,390831	-0,550253
19,250000	0,401348	-0,566029
19,260000	0,417122	-0,587063
19,270000	0,432897	-0,597580
19,280000	0,453929	-0,618614
19,290000	0,464445	-0,634390
19,300000	0,480220	-0,650166
19,310000	0,495994	-0,665942
19,320000	0,506511	-0,681717
19,330000	0,527543	-0,697493
19,340000	0,532802	-0,708010
19,350000	0,548576	-0,723786
19,360000	0,564351	-0,729044
19,370000	0,574867	-0,744820
19,380000	0,585383	-0,760596
19,390000	0,595900	-0,765854
19,400000	0,606416	-0,776371
19,410000	0,611674	-0,786888
19,420000	0,622190	-0,797406
19,430000	0,632707	-0,807923
19,440000	0,643223	-0,813181
19,450000	0,648481	-0,823698
19,460000	0,653739	-0,828957
19,470000	0,658997	-0,834216
19,480000	0,664256	-0,839474
19,490000	0,669514	-0,839474
19,500000	0,674772	-0,844733
19,510000	0,674772	-0,844733
19,520000	0,680030	-0,844733
19,530000	0,680030	-0,844733
19,540000	0,680030	-0,844733
19,550000	0,680030	-0,844733
19,560000	0,680030	-0,844733
19,570000	0,680030	-0,839474
19,580000	0,674772	-0,839474
19,590000	0,674772	-0,828957
19,600000	0,669514	-0,828957
19,610000	0,664256	-0,818440
19,620000	0,653739	-0,813181
19,630000	0,653739	-0,807923
19,640000	0,643223	-0,802664
19,650000	0,637965	-0,797406
19,660000	0,632707	-0,786888
19,670000	0,622190	-0,776371
19,680000	0,611674	-0,765854
19,690000	0,601158	-0,760596
19,700000	0,595900	-0,744820
19,710000	0,580125	-0,734303
19,720000	0,569609	-0,723786
19,730000	0,559092	-0,708010
19,740000	0,543318	-0,692234
19,750000	0,532802	-0,681717
19,760000	0,522285	-0,671200
19,770000	0,506511	-0,655424
19,780000	0,490736	-0,639649
19,790000	0,474962	-0,623873
19,800000	0,459187	-0,613356
19,810000	0,443413	-0,597580
19,820000	0,427638	-0,576546
19,830000	0,411864	-0,560770
19,840000	0,390831	-0,544995
19,850000	0,375057	-0,534477
19,860000	0,359282	-0,513443
19,870000	0,343508	-0,497668
19,880000	0,327733	-0,476633
19,890000	0,311959	-0,460858
19,900000	0,296184	-0,445082
19,910000	0,275152	-0,429306
19,920000	0,259377	-0,408272
19,930000	0,243603	-0,392496
19,940000	0,227828	-0,376721
19,950000	0,212054	-0,360945
19,960000	0,191021	-0,339911
19,970000	0,175247	-0,324135
19,980000	0,159472	-0,303101
19,990000	0,138439	-0,287325
