t (s)	U1(V)	U2(V)
0,000000	0,012244	-0,197929
0,010000	0,038534	-0,203188
0,020000	0,059567	-0,208447
0,030000	0,085858	-0,208447
0,040000	0,112149	-0,218964
0,050000	0,138439	-0,218964
0,060000	0,159472	-0,224222
0,070000	0,185763	-0,229481
0,080000	0,212054	-0,234739
0,090000	0,238345	-0,239998
0,100000	0,264635	-0,239998
0,110000	0,285668	-0,245257
0,120000	0,311959	-0,245257
0,130000	0,338250	-0,250515
0,140000	0,364540	-0,255774
0,150000	0,385573	-0,255774
0,160000	0,411864	-0,261032
0,170000	0,432897	-0,261032
0,180000	0,459187	-0,266291
0,190000	0,480220	-0,266291
0,200000	0,501253	-0,276808
0,210000	0,522285	-0,276808
0,220000	0,543318	-0,276808
0,230000	0,564351	-0,282066
0,240000	0,590641	-0,282066
0,250000	0,606416	-0,282066
0,260000	0,622190	-0,282066
0,270000	0,643223	-0,282066
0,280000	0,664256	-0,282066
0,290000	0,680030	-0,287325
0,300000	0,701063	-0,287325
0,310000	0,716837	-0,287325
0,320000	0,727354	-0,287325
0,330000	0,743128	-0,287325
0,340000	0,753644	-0,287325
0,350000	0,769419	-0,287325
0,360000	0,785193	-0,287325
0,370000	0,790451	-0,287325
0,380000	0,806226	-0,282066
0,390000	0,816742	-0,282066
0,400000	0,822000	-0,282066
0,410000	0,832517	-0,276808
0,420000	0,837775	-0,276808
0,430000	0,848291	-0,276808
0,440000	0,853549	-0,271549
0,450000	0,858808	-0,271549
0,460000	0,864066	-0,271549
0,470000	0,864066	-0,271549
0,480000	0,869324	-0,266291
0,490000	0,869324	-0,266291
0,500000	0,864066	-0,266291
0,510000	0,869324	-0,261032
0,520000	0,864066	-0,261032
0,530000	0,864066	-0,261032
0,540000	0,858808	-0,255774
0,550000	0,853549	-0,255774
0,560000	0,853549	-0,250515
0,570000	0,843033	-0,250515
0,580000	0,832517	-0,245257
0,590000	0,827259	-0,239998
0,600000	0,822000	-0,234739
0,610000	0,811484	-0,234739
0,620000	0,800968	-0,229481
0,630000	0,790451	-0,224222
0,640000	0,779935	-0,229481
0,650000	0,769419	-0,224222
0,660000	0,748386	-0,218964
0,670000	0,743128	-0,213705
0,680000	0,722095	-0,208447
0,690000	0,706321	-0,203188
0,700000	0,690546	-0,197929
0,710000	0,674772	-0,192671
0,720000	0,658997	-0,192671
0,730000	0,643223	-0,187412
0,740000	0,622190	-0,182154
0,750000	0,601158	-0,176895
0,760000	0,585383	-0,171637
0,770000	0,559092	-0,166378
0,780000	0,543318	-0,161120
0,790000	0,517027	-0,155861
0,800000	0,495994	-0,155861
0,810000	0,469704	-0,145344
0,820000	0,448671	-0,145344
0,830000	0,427638	-0,140085
0,840000	0,401348	-0,134827
0,850000	0,380315	-0,129568
0,860000	0,354024	-0,124310
0,870000	0,332991	-0,119051
0,880000	0,306701	-0,113792
0,890000	0,280410	-0,108534
0,900000	0,259377	-0,103275
0,910000	0,233086	-0,103275
0,920000	0,212054	-0,098017
0,930000	0,185763	-0,092758
0,940000	0,159472	-0,087500
0,950000	0,133181	-0,082241
0,960000	0,106890	-0,082241
0,970000	0,080600	-0,082241
0,980000	0,054309	-0,076983
0,990000	0,028018	-0,076983
1,000000	0,006985	-0,071724
1,010000	-0,024564	-0,066465
1,020000	-0,045596	-0,066465
1,030000	-0,066629	-0,061207
1,040000	-0,092920	-0,066465
1,050000	-0,119210	-0,055948
1,060000	-0,140243	-0,055948
1,070000	-0,166534	-0,055948
1,080000	-0,187567	-0,050690
1,090000	-0,208599	-0,045431
1,100000	-0,229632	-0,045431
1,110000	-0,250664	-0,045431
1,120000	-0,271697	-0,040173
1,130000	-0,292730	-0,034914
1,140000	-0,313762	-0,034914
1,150000	-0,334795	-0,029655
1,160000	-0,350570	-0,029655
1,170000	-0,366344	-0,024397
1,180000	-0,387377	-0,024397
1,190000	-0,403151	-0,024397
1,200000	-0,424184	-0,024397
1,210000	-0,439958	-0,024397
1,220000	-0,450475	-0,029655
1,230000	-0,471507	-0,029655
1,240000	-0,482024	-0,029655
1,250000	-0,492540	-0,034914
1,260000	-0,508314	-0,034914
1,270000	-0,518831	-0,034914
1,280000	-0,524089	-0,040173
1,290000	-0,534605	-0,040173
1,300000	-0,545122	-0,045431
1,310000	-0,550380	-0,045431
1,320000	-0,560896	-0,045431
1,330000	-0,571412	-0,045431
1,340000	-0,571412	-0,050690
1,350000	-0,576671	-0,055948
1,360000	-0,581929	-0,055948
1,370000	-0,581929	-0,061207
1,380000	-0,587187	-0,055948
1,390000	-0,587187	-0,061207
1,400000	-0,587187	-0,066465
1,410000	-0,587187	-0,066465
1,420000	-0,581929	-0,071724
1,430000	-0,581929	-0,076983
1,440000	-0,576671	-0,082241
1,450000	-0,576671	-0,082241
1,460000	-0,571412	-0,087500
1,470000	-0,566154	-0,092758
1,480000	-0,555638	-0,098017
1,490000	-0,550380	-0,103275
1,500000	-0,545122	-0,103275
1,510000	-0,529347	-0,108534
1,520000	-0,524089	-0,113792
1,530000	-0,513573	-0,113792
1,540000	-0,503056	-0,113792
1,550000	-0,487282	-0,119051
1,560000	-0,476765	-0,129568
1,570000	-0,460991	-0,129568
1,580000	-0,445216	-0,140085
1,590000	-0,434700	-0,145344
1,600000	-0,418926	-0,150602
1,610000	-0,397893	-0,161120
1,620000	-0,382119	-0,161120
1,630000	-0,361086	-0,176895
1,640000	-0,345311	-0,176895
1,650000	-0,324279	-0,182154
1,660000	-0,308504	-0,187412
1,670000	-0,287472	-0,192671
1,680000	-0,266439	-0,197929
1,690000	-0,245406	-0,197929
1,700000	-0,224374	-0,208447
1,710000	-0,198083	-0,213705
1,720000	-0,177050	-0,213705
1,730000	-0,156018	-0,218964
1,740000	-0,134985	-0,224222
1,750000	-0,108694	-0,229481
1,760000	-0,082403	-0,234739
1,770000	-0,061371	-0,234739
1,780000	-0,035080	-0,245257
1,790000	-0,014047	-0,245257
1,800000	0,017502	-0,250515
1,810000	0,043793	-0,255774
1,820000	0,064825	-0,261032
1,830000	0,091116	-0,266291
1,840000	0,117407	-0,271549
1,850000	0,143698	-0,276808
1,860000	0,164730	-0,282066
1,870000	0,191021	-0,282066
1,880000	0,217312	-0,287325
1,890000	0,238345	-0,292584
1,900000	0,269894	-0,292584
1,910000	0,290926	-0,297842
1,920000	0,317217	-0,303101
1,930000	0,338250	-0,303101
1,940000	0,359282	-0,308359
1,950000	0,385573	-0,313618
1,960000	0,411864	-0,313618
1,970000	0,432897	-0,313618
1,980000	0,453929	-0,313618
1,990000	0,480220	-0,318876
2,000000	0,501253	-0,318876
2,010000	0,522285	-0,318876
2,020000	0,543318	-0,318876
2,030000	0,564351	-0,318876
2,040000	0,585383	-0,324135
2,050000	0,606416	-0,318876
2,060000	0,627448	-0,324135
2,070000	0,643223	-0,324135
2,080000	0,658997	-0,324135
2,090000	0,680030	-0,324135
2,100000	0,695805	-0,318876
2,110000	0,711579	-0,318876
2,120000	0,727354	-0,318876
2,130000	0,737870	-0,313618
2,140000	0,753644	-0,313618
2,150000	0,769419	-0,313618
2,160000	0,774677	-0,313618
2,170000	0,790451	-0,308359
2,180000	0,800968	-0,303101
2,190000	0,811484	-0,303101
2,200000	0,822000	-0,297842
2,210000	0,827259	-0,297842
2,220000	0,837775	-0,297842
2,230000	0,843033	-0,292584
2,240000	0,848291	-0,292584
2,250000	0,853549	-0,287325
2,260000	0,858808	-0,282066
2,270000	0,858808	-0,282066
2,280000	0,858808	-0,276808
2,290000	0,858808	-0,271549
2,300000	0,864066	-0,266291
2,310000	0,864066	-0,266291
2,320000	0,858808	-0,261032
2,330000	0,858808	-0,255774
2,340000	0,858808	-0,255774
2,350000	0,848291	-0,250515
2,360000	0,848291	-0,250515
2,370000	0,843033	-0,245257
2,380000	0,832517	-0,239998
2,390000	0,827259	-0,234739
2,400000	0,816742	-0,229481
2,410000	0,806226	-0,224222
2,420000	0,795710	-0,218964
2,430000	0,785193	-0,213705
2,440000	0,774677	-0,203188
2,450000	0,758903	-0,197929
2,460000	0,748386	-0,197929
2,470000	0,732612	-0,187412
2,480000	0,722095	-0,182154
2,490000	0,701063	-0,171637
2,500000	0,685288	-0,166378
2,510000	0,669514	-0,161120
2,520000	0,648481	-0,150602
2,530000	0,632707	-0,150602
2,540000	0,611674	-0,140085
2,550000	0,595900	-0,134827
2,560000	0,574867	-0,129568
2,570000	0,553834	-0,124310
2,580000	0,532802	-0,119051
2,590000	0,511769	-0,113792
2,600000	0,485478	-0,108534
2,610000	0,464445	-0,098017
2,620000	0,443413	-0,098017
2,630000	0,422380	-0,092758
2,640000	0,396089	-0,087500
2,650000	0,375057	-0,082241
2,660000	0,348766	-0,076983
2,670000	0,322475	-0,071724
2,680000	0,301442	-0,071724
2,690000	0,275152	-0,061207
2,700000	0,248861	-0,055948
2,710000	0,227828	-0,050690
2,720000	0,201537	-0,045431
2,730000	0,175247	-0,040173
2,740000	0,148956	-0,034914
2,750000	0,122665	-0,029655
2,760000	0,101632	-0,024397
2,770000	0,075342	-0,019138
2,780000	0,049051	-0,013880
2,790000	0,022760	-0,008621
2,800000	0,001727	-0,008621
2,810000	-0,024564	0,001896
2,820000	-0,050854	0,001896
2,830000	-0,071887	0,007154
2,840000	-0,098178	0,012413
2,850000	-0,124469	0,012413
2,860000	-0,145501	0,017672
2,870000	-0,166534	0,017672
2,880000	-0,187567	0,017672
2,890000	-0,208599	0,022930
2,900000	-0,234890	0,022930
2,910000	-0,255923	0,022930
2,920000	-0,271697	0,022930
2,930000	-0,292730	0,022930
2,940000	-0,313762	0,022930
2,950000	-0,334795	0,022930
2,960000	-0,350570	0,022930
2,970000	-0,366344	0,017672
2,980000	-0,387377	0,017672
2,990000	-0,397893	0,012413
3,000000	-0,418926	0,012413
3,010000	-0,434700	0,012413
3,020000	-0,450475	0,012413
3,030000	-0,460991	0,007154
3,040000	-0,476765	0,007154
3,050000	-0,487282	0,001896
3,060000	-0,497798	0,001896
3,070000	-0,508314	0,001896
3,080000	-0,518831	-0,003363
3,090000	-0,529347	-0,008621
3,100000	-0,539863	-0,013880
3,110000	-0,545122	-0,013880
3,120000	-0,555638	-0,019138
3,130000	-0,555638	-0,024397
3,140000	-0,560896	-0,024397
3,150000	-0,566154	-0,029655
3,160000	-0,571412	-0,034914
3,170000	-0,576671	-0,034914
3,180000	-0,576671	-0,040173
3,190000	-0,576671	-0,050690
3,200000	-0,581929	-0,055948
3,210000	-0,576671	-0,055948
3,220000	-0,581929	-0,066465
3,230000	-0,576671	-0,071724
3,240000	-0,571412	-0,082241
3,250000	-0,566154	-0,082241
3,260000	-0,560896	-0,087500
3,270000	-0,555638	-0,092758
3,280000	-0,545122	-0,103275
3,290000	-0,539863	-0,108534
3,300000	-0,534605	-0,113792
3,310000	-0,524089	-0,119051
3,320000	-0,508314	-0,124310
3,330000	-0,503056	-0,129568
3,340000	-0,487282	-0,134827
3,350000	-0,476765	-0,145344
3,360000	-0,460991	-0,145344
3,370000	-0,450475	-0,155861
3,380000	-0,434700	-0,161120
3,390000	-0,418926	-0,166378
3,400000	-0,403151	-0,171637
3,410000	-0,387377	-0,182154
3,420000	-0,376860	-0,187412
3,430000	-0,355828	-0,192671
3,440000	-0,340053	-0,197929
3,450000	-0,319021	-0,208447
3,460000	-0,297988	-0,213705
3,470000	-0,276955	-0,218964
3,480000	-0,255923	-0,229481
3,490000	-0,240148	-0,234739
3,500000	-0,219116	-0,234739
3,510000	-0,198083	-0,239998
3,520000	-0,177050	-0,250515
3,530000	-0,150759	-0,255774
3,540000	-0,124469	-0,255774
3,550000	-0,103436	-0,266291
3,560000	-0,082403	-0,271549
3,570000	-0,056113	-0,276808
3,580000	-0,035080	-0,287325
3,590000	-0,008789	-0,287325
3,600000	0,017502	-0,297842
3,610000	0,043793	-0,297842
3,620000	0,070083	-0,303101
3,630000	0,096374	-0,308359
3,640000	0,117407	-0,313618
3,650000	0,143698	-0,318876
3,660000	0,169988	-0,318876
3,670000	0,196279	-0,324135
3,680000	0,222570	-0,329394
3,690000	0,248861	-0,329394
3,700000	0,269894	-0,329394
3,710000	0,301442	-0,334652
3,720000	0,317217	-0,334652
3,730000	0,338250	-0,334652
3,740000	0,364540	-0,339911
3,750000	0,385573	-0,339911
3,760000	0,406606	-0,345169
3,770000	0,432897	-0,345169
3,780000	0,453929	-0,345169
3,790000	0,474962	-0,339911
3,800000	0,501253	-0,339911
3,810000	0,517027	-0,345169
3,820000	0,543318	-0,345169
3,830000	0,559092	-0,339911
3,840000	0,580125	-0,339911
3,850000	0,601158	-0,339911
3,860000	0,616932	-0,339911
3,870000	0,637965	-0,339911
3,880000	0,653739	-0,339911
3,890000	0,669514	-0,339911
3,900000	0,685288	-0,339911
3,910000	0,701063	-0,334652
3,920000	0,716837	-0,334652
3,930000	0,727354	-0,334652
3,940000	0,743128	-0,329394
3,950000	0,753644	-0,329394
3,960000	0,769419	-0,324135
3,970000	0,779935	-0,318876
3,980000	0,790451	-0,318876
3,990000	0,800968	-0,313618
4,000000	0,806226	-0,308359
4,010000	0,816742	-0,303101
4,020000	0,822000	-0,303101
4,030000	0,827259	-0,297842
4,040000	0,832517	-0,292584
4,050000	0,837775	-0,287325
4,060000	0,843033	-0,276808
4,070000	0,843033	-0,276808
4,080000	0,843033	-0,271549
4,090000	0,843033	-0,266291
4,100000	0,843033	-0,261032
4,110000	0,843033	-0,250515
4,120000	0,843033	-0,245257
4,130000	0,837775	-0,239998
4,140000	0,837775	-0,234739
4,150000	0,832517	-0,229481
4,160000	0,827259	-0,224222
4,170000	0,822000	-0,218964
4,180000	0,816742	-0,213705
4,190000	0,811484	-0,203188
4,200000	0,800968	-0,197929
4,210000	0,790451	-0,187412
4,220000	0,779935	-0,176895
4,230000	0,774677	-0,171637
4,240000	0,758903	-0,166378
4,250000	0,748386	-0,161120
4,260000	0,732612	-0,150602
4,270000	0,722095	-0,145344
4,280000	0,706321	-0,140085
4,290000	0,690546	-0,129568
4,300000	0,674772	-0,124310
4,310000	0,658997	-0,119051
4,320000	0,637965	-0,113792
4,330000	0,622190	-0,103275
4,340000	0,606416	-0,098017
4,350000	0,585383	-0,092758
4,360000	0,569609	-0,087500
4,370000	0,548576	-0,082241
4,380000	0,522285	-0,071724
4,390000	0,501253	-0,066465
4,400000	0,485478	-0,061207
4,410000	0,459187	-0,055948
4,420000	0,438155	-0,050690
4,430000	0,411864	-0,045431
4,440000	0,390831	-0,040173
4,450000	0,364540	-0,029655
4,460000	0,343508	-0,029655
4,470000	0,317217	-0,019138
4,480000	0,296184	-0,019138
4,490000	0,269894	-0,008621
4,500000	0,248861	-0,008621
4,510000	0,222570	0,001896
4,520000	0,201537	0,012413
4,530000	0,175247	0,012413
4,540000	0,148956	0,012413
4,550000	0,127923	0,017672
4,560000	0,101632	0,022930
4,570000	0,075342	0,028189
4,580000	0,049051	0,028189
4,590000	0,028018	0,033447
4,600000	0,001727	0,038706
4,610000	-0,024564	0,038706
4,620000	-0,050854	0,043964
4,630000	-0,077145	0,049223
4,640000	-0,092920	0,049223
4,650000	-0,119210	0,054482
4,660000	-0,140243	0,054482
4,670000	-0,161276	0,054482
4,680000	-0,182308	0,054482
4,690000	-0,208599	0,054482
4,700000	-0,229632	0,054482
4,710000	-0,245406	0,054482
4,720000	-0,271697	0,054482
4,730000	-0,287472	0,049223
4,740000	-0,308504	0,049223
4,750000	-0,329537	0,049223
4,760000	-0,345311	0,049223
4,770000	-0,366344	0,049223
4,780000	-0,376860	0,049223
4,790000	-0,397893	0,043964
4,800000	-0,413668	0,043964
4,810000	-0,429442	0,038706
4,820000	-0,445216	0,038706
4,830000	-0,455733	0,033447
4,840000	-0,471507	0,028189
4,850000	-0,482024	0,028189
4,860000	-0,492540	0,022930
4,870000	-0,497798	0,022930
4,880000	-0,508314	0,012413
4,890000	-0,518831	0,012413
4,900000	-0,529347	0,007154
4,910000	-0,534605	0,001896
4,920000	-0,545122	-0,008621
4,930000	-0,550380	-0,008621
4,940000	-0,550380	-0,013880
4,950000	-0,555638	-0,019138
4,960000	-0,555638	-0,024397
4,970000	-0,560896	-0,029655
4,980000	-0,560896	-0,034914
4,990000	-0,560896	-0,040173
5,000000	-0,566154	-0,050690
5,010000	-0,560896	-0,055948
5,020000	-0,560896	-0,061207
5,030000	-0,555638	-0,066465
5,040000	-0,555638	-0,071724
5,050000	-0,550380	-0,082241
5,060000	-0,545122	-0,087500
5,070000	-0,539863	-0,092758
5,080000	-0,534605	-0,103275
5,090000	-0,524089	-0,108534
5,100000	-0,518831	-0,119051
5,110000	-0,508314	-0,124310
5,120000	-0,497798	-0,129568
5,130000	-0,487282	-0,140085
5,140000	-0,476765	-0,145344
5,150000	-0,460991	-0,155861
5,160000	-0,445216	-0,161120
5,170000	-0,434700	-0,171637
5,180000	-0,424184	-0,176895
5,190000	-0,403151	-0,176895
5,200000	-0,392635	-0,187412
5,210000	-0,371602	-0,192671
5,220000	-0,355828	-0,203188
5,230000	-0,340053	-0,208447
5,240000	-0,319021	-0,213705
5,250000	-0,308504	-0,218964
5,260000	-0,287472	-0,229481
5,270000	-0,266439	-0,234739
5,280000	-0,245406	-0,239998
5,290000	-0,224374	-0,245257
5,300000	-0,203341	-0,255774
5,310000	-0,182308	-0,261032
5,320000	-0,161276	-0,266291
5,330000	-0,140243	-0,271549
5,340000	-0,113952	-0,276808
5,350000	-0,092920	-0,282066
5,360000	-0,071887	-0,292584
5,370000	-0,045596	-0,292584
5,380000	-0,024564	-0,297842
5,390000	0,001727	-0,308359
5,400000	0,028018	-0,308359
5,410000	0,049051	-0,313618
5,420000	0,075342	-0,318876
5,430000	0,101632	-0,324135
5,440000	0,122665	-0,329394
5,450000	0,148956	-0,334652
5,460000	0,175247	-0,339911
5,470000	0,196279	-0,339911
5,480000	0,222570	-0,345169
5,490000	0,248861	-0,350428
5,500000	0,269894	-0,355686
5,510000	0,296184	-0,355686
5,520000	0,317217	-0,360945
5,530000	0,338250	-0,360945
5,540000	0,364540	-0,366203
5,550000	0,385573	-0,366203
5,560000	0,411864	-0,371462
5,570000	0,432897	-0,366203
5,580000	0,453929	-0,366203
5,590000	0,474962	-0,371462
5,600000	0,495994	-0,371462
5,610000	0,517027	-0,371462
5,620000	0,532802	-0,371462
5,630000	0,559092	-0,376721
5,640000	0,574867	-0,376721
5,650000	0,595900	-0,376721
5,660000	0,611674	-0,376721
5,670000	0,632707	-0,376721
5,680000	0,648481	-0,376721
5,690000	0,664256	-0,371462
5,700000	0,680030	-0,371462
5,710000	0,695805	-0,366203
5,720000	0,711579	-0,366203
5,730000	0,727354	-0,355686
5,740000	0,737870	-0,355686
5,750000	0,753644	-0,345169
5,760000	0,764161	-0,345169
5,770000	0,774677	-0,334652
5,780000	0,785193	-0,334652
5,790000	0,790451	-0,324135
5,800000	0,800968	-0,324135
5,810000	0,811484	-0,318876
5,820000	0,816742	-0,308359
5,830000	0,822000	-0,303101
5,840000	0,827259	-0,297842
5,850000	0,827259	-0,292584
5,860000	0,832517	-0,287325
5,870000	0,832517	-0,282066
5,880000	0,837775	-0,271549
5,890000	0,837775	-0,266291
5,900000	0,837775	-0,261032
5,910000	0,837775	-0,250515
5,920000	0,837775	-0,239998
5,930000	0,832517	-0,234739
5,940000	0,827259	-0,229481
5,950000	0,822000	-0,218964
5,960000	0,816742	-0,213705
5,970000	0,811484	-0,203188
5,980000	0,800968	-0,197929
5,990000	0,795710	-0,187412
6,000000	0,785193	-0,176895
6,010000	0,779935	-0,171637
6,020000	0,769419	-0,161120
6,030000	0,758903	-0,155861
6,040000	0,743128	-0,145344
6,050000	0,732612	-0,134827
6,060000	0,722095	-0,124310
6,070000	0,706321	-0,113792
6,080000	0,695805	-0,108534
6,090000	0,674772	-0,103275
6,100000	0,658997	-0,092758
6,110000	0,643223	-0,087500
6,120000	0,627448	-0,082241
6,130000	0,611674	-0,071724
6,140000	0,590641	-0,061207
6,150000	0,569609	-0,055948
6,160000	0,553834	-0,045431
6,170000	0,532802	-0,034914
6,180000	0,511769	-0,029655
6,190000	0,490736	-0,019138
6,200000	0,469704	-0,013880
6,210000	0,453929	-0,008621
6,220000	0,427638	0,001896
6,230000	0,406606	0,012413
6,240000	0,385573	0,012413
6,250000	0,359282	0,022930
6,260000	0,338250	0,028189
6,270000	0,311959	0,038706
6,280000	0,290926	0,043964
6,290000	0,264635	0,049223
6,300000	0,238345	0,054482
6,310000	0,217312	0,059740
6,320000	0,191021	0,059740
6,330000	0,169988	0,064999
6,340000	0,143698	0,070257
6,350000	0,122665	0,075516
6,360000	0,096374	0,075516
6,370000	0,075342	0,075516
6,380000	0,054309	0,080774
6,390000	0,028018	0,080774
6,400000	0,001727	0,086033
6,410000	-0,024564	0,086033
6,420000	-0,045596	0,091291
6,430000	-0,071887	0,091291
6,440000	-0,092920	0,096550
6,450000	-0,113952	0,096550
6,460000	-0,140243	0,096550
6,470000	-0,161276	0,096550
6,480000	-0,182308	0,096550
6,490000	-0,203341	0,096550
6,500000	-0,224374	0,096550
6,510000	-0,240148	0,091291
6,520000	-0,261181	0,091291
6,530000	-0,282213	0,086033
6,540000	-0,303246	0,086033
6,550000	-0,324279	0,086033
6,560000	-0,340053	0,086033
6,570000	-0,355828	0,086033
6,580000	-0,371602	0,080774
6,590000	-0,387377	0,075516
6,600000	-0,403151	0,075516
6,610000	-0,418926	0,070257
6,620000	-0,429442	0,070257
6,630000	-0,439958	0,064999
6,640000	-0,455733	0,059740
6,650000	-0,466249	0,054482
6,660000	-0,476765	0,049223
6,670000	-0,487282	0,043964
6,680000	-0,492540	0,033447
6,690000	-0,508314	0,028189
6,700000	-0,513573	0,022930
6,710000	-0,518831	0,017672
6,720000	-0,529347	0,012413
6,730000	-0,529347	0,007154
6,740000	-0,534605	0,001896
6,750000	-0,539863	-0,008621
6,760000	-0,545122	-0,013880
6,770000	-0,550380	-0,024397
6,780000	-0,550380	-0,029655
6,790000	-0,550380	-0,040173
6,800000	-0,550380	-0,050690
6,810000	-0,550380	-0,061207
6,820000	-0,550380	-0,071724
6,830000	-0,545122	-0,082241
6,840000	-0,539863	-0,092758
6,850000	-0,534605	-0,103275
6,860000	-0,534605	-0,113792
6,870000	-0,529347	-0,124310
6,880000	-0,518831	-0,129568
6,890000	-0,513573	-0,140085
6,900000	-0,503056	-0,145344
6,910000	-0,492540	-0,155861
6,920000	-0,487282	-0,161120
6,930000	-0,471507	-0,171637
6,940000	-0,460991	-0,182154
6,950000	-0,450475	-0,187412
6,960000	-0,434700	-0,197929
6,970000	-0,424184	-0,208447
6,980000	-0,408409	-0,218964
6,990000	-0,392635	-0,224222
7,000000	-0,376860	-0,234739
7,010000	-0,361086	-0,239998
7,020000	-0,340053	-0,245257
7,030000	-0,324279	-0,255774
7,040000	-0,308504	-0,261032
7,050000	-0,287472	-0,271549
7,060000	-0,271697	-0,276808
7,070000	-0,250664	-0,282066
7,080000	-0,229632	-0,292584
7,090000	-0,213857	-0,297842
7,100000	-0,192825	-0,303101
7,110000	-0,171792	-0,313618
7,120000	-0,150759	-0,318876
7,130000	-0,129727	-0,329394
7,140000	-0,103436	-0,334652
7,150000	-0,082403	-0,345169
7,160000	-0,061371	-0,350428
7,170000	-0,035080	-0,355686
7,180000	-0,014047	-0,360945
7,190000	0,012244	-0,366203
7,200000	0,038534	-0,371462
7,210000	0,059567	-0,376721
7,220000	0,085858	-0,376721
7,230000	0,106890	-0,381979
7,240000	0,133181	-0,387238
7,250000	0,154214	-0,387238
7,260000	0,180505	-0,392496
7,270000	0,201537	-0,392496
7,280000	0,227828	-0,397755
7,290000	0,248861	-0,403013
7,300000	0,275152	-0,408272
7,310000	0,296184	-0,413531
7,320000	0,322475	-0,413531
7,330000	0,343508	-0,418789
7,340000	0,364540	-0,418789
7,350000	0,385573	-0,418789
7,360000	0,411864	-0,418789
7,370000	0,427638	-0,418789
7,380000	0,448671	-0,418789
7,390000	0,474962	-0,418789
7,400000	0,495994	-0,413531
7,410000	0,517027	-0,413531
7,420000	0,532802	-0,408272
7,430000	0,553834	-0,403013
7,440000	0,569609	-0,397755
7,450000	0,590641	-0,397755
7,460000	0,606416	-0,392496
7,470000	0,622190	-0,392496
7,480000	0,637965	-0,387238
7,490000	0,658997	-0,387238
7,500000	0,674772	-0,381979
7,510000	0,690546	-0,376721
7,520000	0,701063	-0,376721
7,530000	0,711579	-0,371462
7,540000	0,727354	-0,366203
7,550000	0,743128	-0,355686
7,560000	0,748386	-0,355686
7,570000	0,764161	-0,345169
7,580000	0,769419	-0,339911
7,590000	0,779935	-0,334652
7,600000	0,790451	-0,329394
7,610000	0,790451	-0,324135
7,620000	0,800968	-0,318876
7,630000	0,806226	-0,308359
7,640000	0,811484	-0,303101
7,650000	0,816742	-0,292584
7,660000	0,816742	-0,282066
7,670000	0,816742	-0,276808
7,680000	0,822000	-0,271549
7,690000	0,822000	-0,266291
7,700000	0,822000	-0,255774
7,710000	0,816742	-0,250515
7,720000	0,816742	-0,239998
7,730000	0,811484	-0,234739
7,740000	0,811484	-0,224222
7,750000	0,811484	-0,213705
7,760000	0,800968	-0,208447
7,770000	0,790451	-0,192671
7,780000	0,785193	-0,187412
7,790000	0,779935	-0,176895
7,800000	0,769419	-0,171637
7,810000	0,764161	-0,161120
7,820000	0,753644	-0,150602
7,830000	0,737870	-0,140085
7,840000	0,727354	-0,134827
7,850000	0,716837	-0,124310
7,860000	0,706321	-0,113792
7,870000	0,690546	-0,103275
7,880000	0,680030	-0,092758
7,890000	0,664256	-0,082241
7,900000	0,643223	-0,071724
7,910000	0,627448	-0,061207
7,920000	0,611674	-0,055948
7,930000	0,595900	-0,045431
7,940000	0,580125	-0,040173
7,950000	0,559092	-0,029655
7,960000	0,543318	-0,019138
7,970000	0,522285	-0,013880
7,980000	0,501253	-0,003363
7,990000	0,480220	0,001896
8,000000	0,464445	0,012413
8,010000	0,443413	0,017672
8,020000	0,417122	0,028189
8,030000	0,396089	0,033447
8,040000	0,375057	0,038706
8,050000	0,348766	0,043964
8,060000	0,327733	0,054482
8,070000	0,306701	0,054482
8,080000	0,280410	0,064999
8,090000	0,259377	0,070257
8,100000	0,238345	0,080774
8,110000	0,212054	0,080774
8,120000	0,185763	0,086033
8,130000	0,159472	0,091291
8,140000	0,138439	0,091291
8,150000	0,117407	0,096550
8,160000	0,091116	0,101809
8,170000	0,070083	0,107067
8,180000	0,049051	0,107067
8,190000	0,017502	0,112326
8,200000	-0,008789	0,117584
8,210000	-0,029822	0,117584
8,220000	-0,056113	0,117584
8,230000	-0,071887	0,122843
8,240000	-0,098178	0,122843
8,250000	-0,119210	0,122843
8,260000	-0,140243	0,128101
8,270000	-0,161276	0,122843
8,280000	-0,182308	0,128101
8,290000	-0,203341	0,128101
8,300000	-0,224374	0,122843
8,310000	-0,245406	0,122843
8,320000	-0,261181	0,122843
8,330000	-0,282213	0,122843
8,340000	-0,297988	0,117584
8,350000	-0,313762	0,117584
8,360000	-0,334795	0,107067
8,370000	-0,345311	0,112326
8,380000	-0,366344	0,107067
8,390000	-0,382119	0,101809
8,400000	-0,397893	0,091291
8,410000	-0,408409	0,091291
8,420000	-0,418926	0,086033
8,430000	-0,434700	0,075516
8,440000	-0,445216	0,070257
8,450000	-0,460991	0,064999
8,460000	-0,466249	0,054482
8,470000	-0,476765	0,049223
8,480000	-0,487282	0,043964
8,490000	-0,492540	0,033447
8,500000	-0,508314	0,033447
8,510000	-0,513573	0,022930
8,520000	-0,518831	0,017672
8,530000	-0,524089	0,007154
8,540000	-0,529347	0,001896
8,550000	-0,534605	-0,008621
8,560000	-0,534605	-0,019138
8,570000	-0,539863	-0,024397
8,580000	-0,539863	-0,034914
8,590000	-0,539863	-0,045431
8,600000	-0,539863	-0,055948
8,610000	-0,534605	-0,066465
8,620000	-0,529347	-0,071724
8,630000	-0,529347	-0,082241
8,640000	-0,529347	-0,087500
8,650000	-0,518831	-0,098017
8,660000	-0,518831	-0,113792
8,670000	-0,508314	-0,119051
8,680000	-0,503056	-0,129568
8,690000	-0,492540	-0,140085
8,700000	-0,487282	-0,150602
8,710000	-0,476765	-0,161120
8,720000	-0,466249	-0,166378
8,730000	-0,460991	-0,182154
8,740000	-0,450475	-0,192671
8,750000	-0,434700	-0,203188
8,760000	-0,424184	-0,218964
8,770000	-0,413668	-0,224222
8,780000	-0,397893	-0,234739
8,790000	-0,382119	-0,245257
8,800000	-0,366344	-0,255774
8,810000	-0,350570	-0,266291
8,820000	-0,334795	-0,271549
8,830000	-0,313762	-0,282066
8,840000	-0,297988	-0,292584
8,850000	-0,276955	-0,303101
8,860000	-0,261181	-0,313618
8,870000	-0,240148	-0,329394
8,880000	-0,219116	-0,334652
8,890000	-0,198083	-0,345169
8,900000	-0,182308	-0,350428
8,910000	-0,161276	-0,360945
8,920000	-0,140243	-0,371462
8,930000	-0,119210	-0,376721
8,940000	-0,092920	-0,387238
8,950000	-0,071887	-0,392496
8,960000	-0,050854	-0,397755
8,970000	-0,024564	-0,403013
8,980000	-0,008789	-0,408272
8,990000	0,017502	-0,413531
9,000000	0,043793	-0,424048
9,010000	0,064825	-0,429306
9,020000	0,091116	-0,434565
9,030000	0,112149	-0,439823
9,040000	0,133181	-0,445082
9,050000	0,159472	-0,450340
9,060000	0,180505	-0,450340
9,070000	0,201537	-0,455599
9,080000	0,227828	-0,460858
9,090000	0,248861	-0,460858
9,100000	0,269894	-0,460858
9,110000	0,290926	-0,466116
9,120000	0,317217	-0,466116
9,130000	0,338250	-0,466116
9,140000	0,359282	-0,466116
9,150000	0,385573	-0,460858
9,160000	0,401348	-0,466116
9,170000	0,427638	-0,466116
9,180000	0,448671	-0,466116
9,190000	0,469704	-0,466116
9,200000	0,485478	-0,460858
9,210000	0,506511	-0,460858
9,220000	0,522285	-0,460858
9,230000	0,543318	-0,455599
9,240000	0,564351	-0,455599
9,250000	0,580125	-0,450340
9,260000	0,601158	-0,445082
9,270000	0,611674	-0,439823
9,280000	0,632707	-0,439823
9,290000	0,648481	-0,434565
9,300000	0,658997	-0,429306
9,310000	0,669514	-0,424048
9,320000	0,685288	-0,418789
9,330000	0,695805	-0,413531
9,340000	0,711579	-0,408272
9,350000	0,716837	-0,403013
9,360000	0,727354	-0,392496
9,370000	0,737870	-0,387238
9,380000	0,748386	-0,376721
9,390000	0,758903	-0,371462
9,400000	0,764161	-0,360945
9,410000	0,774677	-0,355686
9,420000	0,774677	-0,345169
9,430000	0,785193	-0,339911
9,440000	0,785193	-0,329394
9,450000	0,790451	-0,318876
9,460000	0,790451	-0,308359
9,470000	0,795710	-0,297842
9,480000	0,795710	-0,287325
9,490000	0,800968	-0,276808
9,500000	0,800968	-0,266291
9,510000	0,795710	-0,261032
9,520000	0,795710	-0,245257
9,530000	0,790451	-0,234739
9,540000	0,785193	-0,229481
9,550000	0,785193	-0,213705
9,560000	0,779935	-0,203188
9,570000	0,769419	-0,192671
9,580000	0,764161	-0,182154
9,590000	0,753644	-0,171637
9,600000	0,748386	-0,155861
9,610000	0,737870	-0,145344
9,620000	0,727354	-0,129568
9,630000	0,716837	-0,119051
9,640000	0,706321	-0,108534
9,650000	0,695805	-0,098017
9,660000	0,680030	-0,087500
9,670000	0,669514	-0,076983
9,680000	0,653739	-0,066465
9,690000	0,637965	-0,050690
9,700000	0,622190	-0,045431
9,710000	0,606416	-0,034914
9,720000	0,595900	-0,024397
9,730000	0,574867	-0,019138
9,740000	0,559092	-0,008621
9,750000	0,538060	0,007154
9,760000	0,522285	0,012413
9,770000	0,501253	0,022930
9,780000	0,485478	0,028189
9,790000	0,464445	0,038706
9,800000	0,443413	0,049223
9,810000	0,422380	0,059740
9,820000	0,401348	0,064999
9,830000	0,385573	0,070257
9,840000	0,359282	0,080774
9,850000	0,338250	0,086033
9,860000	0,317217	0,091291
9,870000	0,296184	0,096550
9,880000	0,269894	0,112326
9,890000	0,248861	0,117584
9,900000	0,222570	0,122843
9,910000	0,201537	0,128101
9,920000	0,180505	0,133360
9,930000	0,154214	0,143877
9,940000	0,133181	0,149136
9,950000	0,112149	0,149136
9,960000	0,091116	0,149136
9,970000	0,064825	0,154394
9,980000	0,043793	0,154394
9,990000	0,022760	0,159653
10,000000	-0,003531	0,159653
10,010000	-0,029822	0,159653
10,020000	-0,050854	0,164911
10,030000	-0,071887	0,164911
10,040000	-0,087661	0,164911
10,050000	-0,108694	0,164911
10,060000	-0,134985	0,164911
10,070000	-0,156018	0,164911
10,080000	-0,177050	0,164911
10,090000	-0,198083	0,164911
10,100000	-0,213857	0,159653
10,110000	-0,234890	0,159653
10,120000	-0,250664	0,154394
10,130000	-0,266439	0,154394
10,140000	-0,287472	0,149136
10,150000	-0,303246	0,149136
10,160000	-0,319021	0,143877
10,170000	-0,340053	0,133360
10,180000	-0,355828	0,133360
10,190000	-0,371602	0,128101
10,200000	-0,382119	0,122843
10,210000	-0,397893	0,117584
10,220000	-0,408409	0,117584
10,230000	-0,418926	0,107067
10,240000	-0,429442	0,096550
10,250000	-0,445216	0,091291
10,260000	-0,455733	0,086033
10,270000	-0,466249	0,075516
10,280000	-0,471507	0,070257
10,290000	-0,482024	0,059740
10,300000	-0,487282	0,054482
10,310000	-0,497798	0,049223
10,320000	-0,497798	0,038706
10,330000	-0,503056	0,028189
10,340000	-0,508314	0,017672
10,350000	-0,513573	0,007154
10,360000	-0,513573	0,001896
10,370000	-0,518831	-0,013880
10,380000	-0,513573	-0,024397
10,390000	-0,518831	-0,040173
10,400000	-0,518831	-0,045431
10,410000	-0,513573	-0,061207
10,420000	-0,513573	-0,066465
10,430000	-0,508314	-0,082241
10,440000	-0,503056	-0,092758
10,450000	-0,497798	-0,103275
10,460000	-0,492540	-0,113792
10,470000	-0,487282	-0,124310
10,480000	-0,482024	-0,134827
10,490000	-0,476765	-0,145344
10,500000	-0,466249	-0,161120
10,510000	-0,455733	-0,171637
10,520000	-0,445216	-0,182154
10,530000	-0,439958	-0,192671
10,540000	-0,429442	-0,203188
10,550000	-0,413668	-0,213705
10,560000	-0,403151	-0,224222
10,570000	-0,387377	-0,239998
10,580000	-0,376860	-0,250515
10,590000	-0,361086	-0,261032
10,600000	-0,345311	-0,271549
10,610000	-0,329537	-0,276808
10,620000	-0,313762	-0,292584
10,630000	-0,297988	-0,303101
10,640000	-0,282213	-0,313618
10,650000	-0,261181	-0,324135
10,660000	-0,245406	-0,334652
10,670000	-0,224374	-0,339911
10,680000	-0,208599	-0,345169
10,690000	-0,187567	-0,355686
10,700000	-0,166534	-0,366203
10,710000	-0,150759	-0,371462
10,720000	-0,129727	-0,381979
10,730000	-0,108694	-0,387238
10,740000	-0,087661	-0,392496
10,750000	-0,061371	-0,403013
10,760000	-0,040338	-0,408272
10,770000	-0,019305	-0,413531
10,780000	0,006985	-0,424048
10,790000	0,028018	-0,429306
10,800000	0,049051	-0,434565
10,810000	0,070083	-0,439823
10,820000	0,091116	-0,445082
10,830000	0,117407	-0,450340
10,840000	0,138439	-0,450340
10,850000	0,159472	-0,455599
10,860000	0,185763	-0,460858
10,870000	0,206796	-0,466116
10,880000	0,227828	-0,466116
10,890000	0,254119	-0,471375
10,900000	0,269894	-0,471375
10,910000	0,296184	-0,471375
10,920000	0,317217	-0,476633
10,930000	0,338250	-0,476633
10,940000	0,359282	-0,476633
10,950000	0,385573	-0,476633
10,960000	0,401348	-0,476633
10,970000	0,427638	-0,476633
10,980000	0,443413	-0,476633
10,990000	0,464445	-0,476633
11,000000	0,485478	-0,476633
11,010000	0,506511	-0,476633
11,020000	0,522285	-0,471375
11,030000	0,538060	-0,466116
11,040000	0,553834	-0,460858
11,050000	0,569609	-0,455599
11,060000	0,585383	-0,455599
11,070000	0,601158	-0,450340
11,080000	0,616932	-0,445082
11,090000	0,627448	-0,439823
11,100000	0,648481	-0,434565
11,110000	0,658997	-0,424048
11,120000	0,664256	-0,418789
11,130000	0,680030	-0,413531
11,140000	0,690546	-0,403013
11,150000	0,706321	-0,397755
11,160000	0,716837	-0,392496
11,170000	0,722095	-0,381979
11,180000	0,732612	-0,376721
11,190000	0,737870	-0,366203
11,200000	0,748386	-0,360945
11,210000	0,753644	-0,350428
11,220000	0,758903	-0,339911
11,230000	0,764161	-0,329394
11,240000	0,769419	-0,318876
11,250000	0,774677	-0,308359
11,260000	0,774677	-0,297842
11,270000	0,774677	-0,287325
11,280000	0,774677	-0,271549
11,290000	0,779935	-0,261032
11,300000	0,774677	-0,250515
11,310000	0,774677	-0,239998
11,320000	0,769419	-0,234739
11,330000	0,769419	-0,213705
11,340000	0,764161	-0,208447
11,350000	0,758903	-0,192671
11,360000	0,753644	-0,182154
11,370000	0,748386	-0,171637
11,380000	0,743128	-0,161120
11,390000	0,732612	-0,145344
11,400000	0,727354	-0,134827
11,410000	0,716837	-0,124310
11,420000	0,706321	-0,108534
11,430000	0,695805	-0,098017
11,440000	0,685288	-0,087500
11,450000	0,674772	-0,076983
11,460000	0,658997	-0,061207
11,470000	0,648481	-0,055948
11,480000	0,637965	-0,045431
11,490000	0,622190	-0,029655
11,500000	0,606416	-0,019138
11,510000	0,590641	-0,008621
11,520000	0,574867	0,001896
11,530000	0,559092	0,012413
11,540000	0,538060	0,022930
11,550000	0,522285	0,033447
11,560000	0,506511	0,043964
11,570000	0,485478	0,054482
11,580000	0,464445	0,070257
11,590000	0,448671	0,080774
11,600000	0,427638	0,086033
11,610000	0,411864	0,101809
11,620000	0,385573	0,107067
11,630000	0,369799	0,117584
11,640000	0,348766	0,122843
11,650000	0,327733	0,133360
11,660000	0,301442	0,138619
11,670000	0,280410	0,143877
11,680000	0,259377	0,149136
11,690000	0,238345	0,159653
11,700000	0,212054	0,164911
11,710000	0,196279	0,170170
11,720000	0,169988	0,175428
11,730000	0,154214	0,180687
11,740000	0,127923	0,185946
11,750000	0,106890	0,191204
11,760000	0,085858	0,196463
11,770000	0,064825	0,201721
11,780000	0,038534	0,201721
11,790000	0,017502	0,201721
11,800000	-0,008789	0,206980
11,810000	-0,024564	0,206980
11,820000	-0,045596	0,212238
11,830000	-0,071887	0,212238
11,840000	-0,087661	0,206980
11,850000	-0,108694	0,206980
11,860000	-0,134985	0,206980
11,870000	-0,156018	0,206980
11,880000	-0,171792	0,201721
11,890000	-0,192825	0,201721
11,900000	-0,208599	0,196463
11,910000	-0,229632	0,191204
11,920000	-0,245406	0,185946
11,930000	-0,266439	0,180687
11,940000	-0,282213	0,175428
11,950000	-0,297988	0,175428
11,960000	-0,308504	0,170170
11,970000	-0,324279	0,164911
11,980000	-0,340053	0,159653
11,990000	-0,355828	0,159653
12,000000	-0,366344	0,149136
12,010000	-0,382119	0,143877
12,020000	-0,392635	0,133360
12,030000	-0,403151	0,128101
12,040000	-0,413668	0,117584
12,050000	-0,424184	0,112326
12,060000	-0,434700	0,107067
12,070000	-0,445216	0,091291
12,080000	-0,450475	0,080774
12,090000	-0,455733	0,075516
12,100000	-0,466249	0,064999
12,110000	-0,471507	0,054482
12,120000	-0,476765	0,049223
12,130000	-0,482024	0,033447
12,140000	-0,487282	0,022930
12,150000	-0,487282	0,012413
12,160000	-0,487282	0,001896
12,170000	-0,492540	-0,013880
12,180000	-0,492540	-0,024397
12,190000	-0,492540	-0,040173
12,200000	-0,492540	-0,055948
12,210000	-0,492540	-0,071724
12,220000	-0,487282	-0,082241
12,230000	-0,482024	-0,092758
12,240000	-0,482024	-0,108534
12,250000	-0,476765	-0,124310
12,260000	-0,471507	-0,134827
12,270000	-0,466249	-0,150602
12,280000	-0,460991	-0,161120
12,290000	-0,450475	-0,176895
12,300000	-0,445216	-0,187412
12,310000	-0,434700	-0,197929
12,320000	-0,429442	-0,208447
12,330000	-0,413668	-0,224222
12,340000	-0,403151	-0,234739
12,350000	-0,392635	-0,245257
12,360000	-0,376860	-0,255774
12,370000	-0,366344	-0,271549
12,380000	-0,350570	-0,282066
12,390000	-0,340053	-0,287325
12,400000	-0,324279	-0,303101
12,410000	-0,308504	-0,313618
12,420000	-0,292730	-0,324135
12,430000	-0,276955	-0,334652
12,440000	-0,261181	-0,345169
12,450000	-0,245406	-0,360945
12,460000	-0,224374	-0,366203
12,470000	-0,208599	-0,381979
12,480000	-0,187567	-0,387238
12,490000	-0,166534	-0,397755
12,500000	-0,150759	-0,408272
12,510000	-0,129727	-0,418789
12,520000	-0,108694	-0,429306
12,530000	-0,092920	-0,434565
12,540000	-0,066629	-0,445082
12,550000	-0,050854	-0,455599
12,560000	-0,029822	-0,466116
12,570000	-0,003531	-0,471375
12,580000	0,017502	-0,481892
12,590000	0,038534	-0,481892
12,600000	0,064825	-0,492409
12,610000	0,091116	-0,497668
12,620000	0,106890	-0,502926
12,630000	0,127923	-0,508185
12,640000	0,148956	-0,513443
12,650000	0,169988	-0,518702
12,660000	0,191021	-0,518702
12,670000	0,212054	-0,523960
12,680000	0,238345	-0,529219
12,690000	0,259377	-0,529219
12,700000	0,275152	-0,534477
12,710000	0,296184	-0,534477
12,720000	0,317217	-0,539736
12,730000	0,338250	-0,539736
12,740000	0,359282	-0,539736
12,750000	0,375057	-0,534477
12,760000	0,396089	-0,534477
12,770000	0,417122	-0,529219
12,780000	0,438155	-0,523960
12,790000	0,453929	-0,529219
12,800000	0,474962	-0,523960
12,810000	0,490736	-0,523960
12,820000	0,506511	-0,518702
12,830000	0,527543	-0,513443
12,840000	0,538060	-0,508185
12,850000	0,553834	-0,502926
12,860000	0,574867	-0,497668
12,870000	0,585383	-0,492409
12,880000	0,601158	-0,487150
12,890000	0,616932	-0,481892
12,900000	0,627448	-0,471375
12,910000	0,637965	-0,466116
12,920000	0,653739	-0,460858
12,930000	0,664256	-0,450340
12,940000	0,674772	-0,445082
12,950000	0,685288	-0,434565
12,960000	0,695805	-0,424048
12,970000	0,701063	-0,413531
12,980000	0,711579	-0,403013
12,990000	0,722095	-0,392496
13,000000	0,727354	-0,381979
13,010000	0,737870	-0,371462
13,020000	0,737870	-0,360945
13,030000	0,743128	-0,345169
13,040000	0,743128	-0,334652
13,050000	0,748386	-0,329394
13,060000	0,748386	-0,313618
13,070000	0,748386	-0,303101
13,080000	0,753644	-0,292584
13,090000	0,753644	-0,282066
13,100000	0,753644	-0,271549
13,110000	0,753644	-0,255774
13,120000	0,748386	-0,245257
13,130000	0,743128	-0,229481
13,140000	0,743128	-0,218964
13,150000	0,737870	-0,203188
13,160000	0,732612	-0,192671
13,170000	0,722095	-0,176895
13,180000	0,716837	-0,161120
13,190000	0,711579	-0,150602
13,200000	0,701063	-0,134827
13,210000	0,690546	-0,119051
13,220000	0,685288	-0,103275
13,230000	0,674772	-0,087500
13,240000	0,664256	-0,076983
13,250000	0,653739	-0,066465
13,260000	0,643223	-0,050690
13,270000	0,627448	-0,034914
13,280000	0,611674	-0,024397
13,290000	0,601158	-0,013880
13,300000	0,585383	0,001896
13,310000	0,564351	0,007154
13,320000	0,548576	0,017672
13,330000	0,532802	0,033447
13,340000	0,517027	0,043964
13,350000	0,501253	0,054482
13,360000	0,480220	0,059740
13,370000	0,464445	0,075516
13,380000	0,443413	0,086033
13,390000	0,427638	0,096550
13,400000	0,406606	0,107067
13,410000	0,385573	0,122843
13,420000	0,369799	0,128101
13,430000	0,343508	0,138619
13,440000	0,327733	0,149136
13,450000	0,311959	0,154394
13,460000	0,285668	0,164911
13,470000	0,264635	0,175428
13,480000	0,243603	0,185946
13,490000	0,222570	0,191204
13,500000	0,206796	0,196463
13,510000	0,185763	0,201721
13,520000	0,164730	0,206980
13,530000	0,143698	0,212238
13,540000	0,122665	0,217497
13,550000	0,101632	0,222756
13,560000	0,080600	0,228014
13,570000	0,054309	0,228014
13,580000	0,033276	0,233273
13,590000	0,012244	0,233273
13,600000	-0,008789	0,238531
13,610000	-0,024564	0,243790
13,620000	-0,045596	0,238531
13,630000	-0,066629	0,238531
13,640000	-0,087661	0,243790
13,650000	-0,108694	0,243790
13,660000	-0,129727	0,243790
13,670000	-0,145501	0,238531
13,680000	-0,166534	0,238531
13,690000	-0,182308	0,238531
13,700000	-0,198083	0,233273
13,710000	-0,219116	0,233273
13,720000	-0,234890	0,228014
13,730000	-0,250664	0,222756
13,740000	-0,271697	0,217497
13,750000	-0,282213	0,206980
13,760000	-0,303246	0,201721
13,770000	-0,313762	0,196463
13,780000	-0,329537	0,185946
13,790000	-0,340053	0,175428
13,800000	-0,355828	0,170170
13,810000	-0,366344	0,164911
13,820000	-0,382119	0,154394
13,830000	-0,387377	0,143877
13,840000	-0,397893	0,133360
13,850000	-0,408409	0,128101
13,860000	-0,418926	0,117584
13,870000	-0,424184	0,107067
13,880000	-0,434700	0,096550
13,890000	-0,439958	0,086033
13,900000	-0,445216	0,075516
13,910000	-0,450475	0,064999
13,920000	-0,455733	0,054482
13,930000	-0,455733	0,043964
13,940000	-0,460991	0,033447
13,950000	-0,460991	0,022930
13,960000	-0,466249	0,007154
13,970000	-0,460991	-0,008621
13,980000	-0,466249	-0,024397
13,990000	-0,460991	-0,040173
14,000000	-0,460991	-0,050690
14,010000	-0,460991	-0,066465
14,020000	-0,455733	-0,082241
14,030000	-0,455733	-0,098017
14,040000	-0,450475	-0,113792
14,050000	-0,445216	-0,124310
14,060000	-0,439958	-0,140085
14,070000	-0,434700	-0,155861
14,080000	-0,429442	-0,166378
14,090000	-0,418926	-0,176895
14,100000	-0,413668	-0,192671
14,110000	-0,403151	-0,203188
14,120000	-0,392635	-0,218964
14,130000	-0,382119	-0,229481
14,140000	-0,371602	-0,245257
14,150000	-0,366344	-0,261032
14,160000	-0,355828	-0,271549
14,170000	-0,340053	-0,282066
14,180000	-0,324279	-0,303101
14,190000	-0,313762	-0,313618
14,200000	-0,297988	-0,324135
14,210000	-0,282213	-0,339911
14,220000	-0,266439	-0,355686
14,230000	-0,250664	-0,371462
14,240000	-0,234890	-0,381979
14,250000	-0,219116	-0,392496
14,260000	-0,203341	-0,403013
14,270000	-0,187567	-0,413531
14,280000	-0,166534	-0,429306
14,290000	-0,150759	-0,439823
14,300000	-0,129727	-0,450340
14,310000	-0,113952	-0,460858
14,320000	-0,092920	-0,471375
14,330000	-0,071887	-0,481892
14,340000	-0,050854	-0,487150
14,350000	-0,035080	-0,492409
14,360000	-0,008789	-0,502926
14,370000	0,006985	-0,513443
14,380000	0,033276	-0,518702
14,390000	0,049051	-0,529219
14,400000	0,075342	-0,534477
14,410000	0,096374	-0,539736
14,420000	0,112149	-0,550253
14,430000	0,133181	-0,555512
14,440000	0,154214	-0,560770
14,450000	0,180505	-0,566029
14,460000	0,196279	-0,566029
14,470000	0,217312	-0,571287
14,480000	0,238345	-0,571287
14,490000	0,259377	-0,576546
14,500000	0,275152	-0,571287
14,510000	0,296184	-0,576546
14,520000	0,317217	-0,576546
14,530000	0,332991	-0,576546
14,540000	0,354024	-0,576546
14,550000	0,375057	-0,571287
14,560000	0,390831	-0,571287
14,570000	0,411864	-0,571287
14,580000	0,427638	-0,571287
14,590000	0,448671	-0,571287
14,600000	0,464445	-0,566029
14,610000	0,485478	-0,560770
14,620000	0,501253	-0,555512
14,630000	0,517027	-0,550253
14,640000	0,532802	-0,544995
14,650000	0,548576	-0,539736
14,660000	0,564351	-0,534477
14,670000	0,580125	-0,523960
14,680000	0,590641	-0,518702
14,690000	0,601158	-0,513443
14,700000	0,611674	-0,502926
14,710000	0,622190	-0,492409
14,720000	0,637965	-0,487150
14,730000	0,648481	-0,476633
14,740000	0,664256	-0,466116
14,750000	0,664256	-0,455599
14,760000	0,674772	-0,445082
14,770000	0,680030	-0,434565
14,780000	0,690546	-0,424048
14,790000	0,701063	-0,408272
14,800000	0,706321	-0,392496
14,810000	0,706321	-0,381979
14,820000	0,711579	-0,371462
14,830000	0,716837	-0,360945
14,840000	0,716837	-0,345169
14,850000	0,722095	-0,334652
14,860000	0,727354	-0,318876
14,870000	0,727354	-0,308359
14,880000	0,727354	-0,297842
14,890000	0,722095	-0,282066
14,900000	0,722095	-0,266291
14,910000	0,722095	-0,250515
14,920000	0,716837	-0,239998
14,930000	0,716837	-0,224222
14,940000	0,711579	-0,208447
14,950000	0,706321	-0,192671
14,960000	0,701063	-0,187412
14,970000	0,695805	-0,161120
14,980000	0,685288	-0,150602
14,990000	0,680030	-0,134827
15,000000	0,669514	-0,124310
15,010000	0,664256	-0,103275
15,020000	0,653739	-0,092758
15,030000	0,643223	-0,082241
15,040000	0,627448	-0,066465
15,050000	0,616932	-0,050690
15,060000	0,606416	-0,040173
15,070000	0,595900	-0,029655
15,080000	0,580125	-0,019138
15,090000	0,569609	-0,003363
15,100000	0,548576	0,012413
15,110000	0,532802	0,022930
15,120000	0,522285	0,038706
15,130000	0,506511	0,049223
15,140000	0,490736	0,064999
15,150000	0,474962	0,075516
15,160000	0,459187	0,091291
15,170000	0,443413	0,107067
15,180000	0,422380	0,117584
15,190000	0,406606	0,128101
15,200000	0,385573	0,138619
15,210000	0,369799	0,149136
15,220000	0,348766	0,159653
15,230000	0,327733	0,170170
15,240000	0,311959	0,180687
15,250000	0,290926	0,191204
15,260000	0,275152	0,196463
15,270000	0,254119	0,206980
15,280000	0,233086	0,212238
15,290000	0,212054	0,222756
15,300000	0,196279	0,233273
15,310000	0,175247	0,233273
15,320000	0,154214	0,243790
15,330000	0,133181	0,249048
15,340000	0,112149	0,249048
15,350000	0,091116	0,254307
15,360000	0,070083	0,259565
15,370000	0,054309	0,259565
15,380000	0,033276	0,259565
15,390000	0,012244	0,264824
15,400000	-0,014047	0,264824
15,410000	-0,029822	0,270083
15,420000	-0,050854	0,270083
15,430000	-0,071887	0,264824
15,440000	-0,087661	0,264824
15,450000	-0,103436	0,264824
15,460000	-0,124469	0,264824
15,470000	-0,140243	0,259565
15,480000	-0,161276	0,259565
15,490000	-0,177050	0,249048
15,500000	-0,192825	0,249048
15,510000	-0,208599	0,249048
15,520000	-0,224374	0,238531
15,530000	-0,240148	0,233273
15,540000	-0,255923	0,222756
15,550000	-0,271697	0,217497
15,560000	-0,287472	0,212238
15,570000	-0,297988	0,201721
15,580000	-0,313762	0,196463
15,590000	-0,329537	0,185946
15,600000	-0,340053	0,175428
15,610000	-0,350570	0,170170
15,620000	-0,366344	0,159653
15,630000	-0,371602	0,154394
15,640000	-0,376860	0,143877
15,650000	-0,392635	0,128101
15,660000	-0,397893	0,117584
15,670000	-0,408409	0,112326
15,680000	-0,418926	0,096550
15,690000	-0,418926	0,086033
15,700000	-0,424184	0,075516
15,710000	-0,429442	0,064999
15,720000	-0,434700	0,049223
15,730000	-0,434700	0,038706
15,740000	-0,439958	0,022930
15,750000	-0,439958	0,007154
15,760000	-0,439958	-0,008621
15,770000	-0,439958	-0,024397
15,780000	-0,439958	-0,034914
15,790000	-0,439958	-0,050690
15,800000	-0,439958	-0,066465
15,810000	-0,434700	-0,082241
15,820000	-0,434700	-0,098017
15,830000	-0,434700	-0,113792
15,840000	-0,424184	-0,124310
15,850000	-0,424184	-0,140085
15,860000	-0,418926	-0,161120
15,870000	-0,413668	-0,176895
15,880000	-0,403151	-0,192671
15,890000	-0,397893	-0,208447
15,900000	-0,387377	-0,224222
15,910000	-0,376860	-0,239998
15,920000	-0,371602	-0,255774
15,930000	-0,361086	-0,271549
15,940000	-0,350570	-0,282066
15,950000	-0,334795	-0,297842
15,960000	-0,329537	-0,313618
15,970000	-0,313762	-0,324135
15,980000	-0,303246	-0,339911
15,990000	-0,287472	-0,355686
16,000000	-0,276955	-0,366203
16,010000	-0,261181	-0,387238
16,020000	-0,245406	-0,397755
16,030000	-0,229632	-0,413531
16,040000	-0,208599	-0,424048
16,050000	-0,198083	-0,439823
16,060000	-0,182308	-0,450340
16,070000	-0,161276	-0,460858
16,080000	-0,145501	-0,471375
16,090000	-0,129727	-0,487150
16,100000	-0,108694	-0,497668
16,110000	-0,092920	-0,508185
16,120000	-0,071887	-0,513443
16,130000	-0,056113	-0,529219
16,140000	-0,040338	-0,534477
16,150000	-0,019305	-0,544995
16,160000	0,006985	-0,555512
16,170000	0,022760	-0,566029
16,180000	0,043793	-0,571287
16,190000	0,064825	-0,581805
16,200000	0,080600	-0,581805
16,210000	0,101632	-0,592322
16,220000	0,122665	-0,597580
16,230000	0,143698	-0,597580
16,240000	0,159472	-0,602839
16,250000	0,180505	-0,608097
16,260000	0,201537	-0,613356
16,270000	0,217312	-0,618614
16,280000	0,238345	-0,623873
16,290000	0,259377	-0,623873
16,300000	0,275152	-0,623873
16,310000	0,296184	-0,629132
16,320000	0,317217	-0,629132
16,330000	0,332991	-0,623873
16,340000	0,348766	-0,618614
16,350000	0,369799	-0,618614
16,360000	0,390831	-0,618614
16,370000	0,406606	-0,618614
16,380000	0,422380	-0,613356
16,390000	0,438155	-0,608097
16,400000	0,453929	-0,608097
16,410000	0,474962	-0,597580
16,420000	0,485478	-0,592322
16,430000	0,506511	-0,592322
16,440000	0,517027	-0,587063
16,450000	0,527543	-0,581805
16,460000	0,543318	-0,571287
16,470000	0,559092	-0,566029
16,480000	0,569609	-0,555512
16,490000	0,580125	-0,544995
16,500000	0,595900	-0,534477
16,510000	0,606416	-0,529219
16,520000	0,611674	-0,518702
16,530000	0,627448	-0,502926
16,540000	0,637965	-0,497668
16,550000	0,643223	-0,481892
16,560000	0,653739	-0,476633
16,570000	0,664256	-0,460858
16,580000	0,669514	-0,450340
16,590000	0,674772	-0,439823
16,600000	0,680030	-0,429306
16,610000	0,685288	-0,413531
16,620000	0,690546	-0,403013
16,630000	0,690546	-0,387238
16,640000	0,695805	-0,371462
16,650000	0,695805	-0,360945
16,660000	0,695805	-0,345169
16,670000	0,695805	-0,329394
16,680000	0,701063	-0,313618
16,690000	0,701063	-0,297842
16,700000	0,695805	-0,276808
16,710000	0,695805	-0,261032
16,720000	0,695805	-0,250515
16,730000	0,685288	-0,234739
16,740000	0,680030	-0,218964
16,750000	0,680030	-0,203188
16,760000	0,669514	-0,187412
16,770000	0,664256	-0,166378
16,780000	0,658997	-0,155861
16,790000	0,653739	-0,140085
16,800000	0,648481	-0,124310
16,810000	0,637965	-0,108534
16,820000	0,627448	-0,098017
16,830000	0,616932	-0,076983
16,840000	0,606416	-0,061207
16,850000	0,595900	-0,045431
16,860000	0,585383	-0,029655
16,870000	0,569609	-0,019138
16,880000	0,559092	0,001896
16,890000	0,543318	0,017672
16,900000	0,532802	0,033447
16,910000	0,517027	0,049223
16,920000	0,506511	0,059740
16,930000	0,485478	0,075516
16,940000	0,469704	0,091291
16,950000	0,453929	0,107067
16,960000	0,438155	0,112326
16,970000	0,422380	0,133360
16,980000	0,406606	0,143877
16,990000	0,385573	0,154394
17,000000	0,364540	0,164911
17,010000	0,348766	0,175428
17,020000	0,332991	0,191204
17,030000	0,311959	0,196463
17,040000	0,301442	0,206980
17,050000	0,275152	0,212238
17,060000	0,259377	0,222756
17,070000	0,238345	0,233273
17,080000	0,222570	0,233273
17,090000	0,201537	0,243790
17,100000	0,180505	0,254307
17,110000	0,164730	0,254307
17,120000	0,143698	0,259565
17,130000	0,127923	0,264824
17,140000	0,106890	0,270083
17,150000	0,085858	0,275341
17,160000	0,070083	0,275341
17,170000	0,049051	0,285858
17,180000	0,028018	0,285858
17,190000	0,006985	0,285858
17,200000	-0,014047	0,285858
17,210000	-0,029822	0,285858
17,220000	-0,050854	0,285858
17,230000	-0,071887	0,285858
17,240000	-0,087661	0,285858
17,250000	-0,108694	0,285858
17,260000	-0,124469	0,280600
17,270000	-0,140243	0,280600
17,280000	-0,150759	0,275341
17,290000	-0,171792	0,275341
17,300000	-0,187567	0,270083
17,310000	-0,203341	0,264824
17,320000	-0,213857	0,259565
17,330000	-0,229632	0,254307
17,340000	-0,245406	0,243790
17,350000	-0,261181	0,238531
17,360000	-0,271697	0,228014
17,370000	-0,282213	0,222756
17,380000	-0,292730	0,212238
17,390000	-0,303246	0,212238
17,400000	-0,313762	0,201721
17,410000	-0,329537	0,191204
17,420000	-0,334795	0,180687
17,430000	-0,345311	0,170170
17,440000	-0,355828	0,159653
17,450000	-0,366344	0,149136
17,460000	-0,371602	0,138619
17,470000	-0,376860	0,128101
17,480000	-0,382119	0,112326
17,490000	-0,392635	0,096550
17,500000	-0,392635	0,091291
17,510000	-0,397893	0,075516
17,520000	-0,403151	0,059740
17,530000	-0,408409	0,043964
17,540000	-0,408409	0,038706
17,550000	-0,408409	0,017672
17,560000	-0,413668	0,007154
17,570000	-0,413668	-0,019138
17,580000	-0,413668	-0,029655
17,590000	-0,413668	-0,045431
17,600000	-0,408409	-0,055948
17,610000	-0,408409	-0,076983
17,620000	-0,408409	-0,098017
17,630000	-0,397893	-0,108534
17,640000	-0,397893	-0,124310
17,650000	-0,392635	-0,145344
17,660000	-0,387377	-0,161120
17,670000	-0,382119	-0,176895
17,680000	-0,371602	-0,192671
17,690000	-0,366344	-0,208447
17,700000	-0,355828	-0,229481
17,710000	-0,345311	-0,239998
17,720000	-0,334795	-0,250515
17,730000	-0,329537	-0,271549
17,740000	-0,319021	-0,287325
17,750000	-0,308504	-0,297842
17,760000	-0,297988	-0,313618
17,770000	-0,287472	-0,329394
17,780000	-0,271697	-0,345169
17,790000	-0,261181	-0,360945
17,800000	-0,245406	-0,376721
17,810000	-0,234890	-0,392496
17,820000	-0,219116	-0,408272
17,830000	-0,203341	-0,418789
17,840000	-0,187567	-0,434565
17,850000	-0,177050	-0,445082
17,860000	-0,161276	-0,460858
17,870000	-0,145501	-0,471375
17,880000	-0,129727	-0,487150
17,890000	-0,108694	-0,502926
17,900000	-0,087661	-0,513443
17,910000	-0,071887	-0,523960
17,920000	-0,056113	-0,534477
17,930000	-0,035080	-0,544995
17,940000	-0,019305	-0,555512
17,950000	0,001727	-0,560770
17,960000	0,022760	-0,571287
17,970000	0,038534	-0,576546
17,980000	0,059567	-0,587063
17,990000	0,075342	-0,587063
18,000000	0,091116	-0,597580
18,010000	0,112149	-0,597580
18,020000	0,133181	-0,608097
18,030000	0,148956	-0,613356
18,040000	0,169988	-0,618614
18,050000	0,185763	-0,623873
18,060000	0,206796	-0,629132
18,070000	0,227828	-0,629132
18,080000	0,243603	-0,634390
18,090000	0,259377	-0,639649
18,100000	0,275152	-0,639649
18,110000	0,296184	-0,644907
18,120000	0,311959	-0,644907
18,130000	0,332991	-0,639649
18,140000	0,354024	-0,644907
18,150000	0,369799	-0,639649
18,160000	0,385573	-0,639649
18,170000	0,406606	-0,634390
18,180000	0,417122	-0,629132
18,190000	0,438155	-0,629132
18,200000	0,453929	-0,618614
18,210000	0,464445	-0,618614
18,220000	0,474962	-0,608097
18,230000	0,495994	-0,602839
18,240000	0,506511	-0,597580
18,250000	0,527543	-0,587063
18,260000	0,532802	-0,587063
18,270000	0,548576	-0,576546
18,280000	0,559092	-0,566029
18,290000	0,574867	-0,555512
18,300000	0,580125	-0,544995
18,310000	0,590641	-0,539736
18,320000	0,601158	-0,529219
18,330000	0,611674	-0,518702
18,340000	0,616932	-0,508185
18,350000	0,627448	-0,492409
18,360000	0,637965	-0,487150
18,370000	0,637965	-0,471375
18,380000	0,643223	-0,460858
18,390000	0,648481	-0,450340
18,400000	0,653739	-0,434565
18,410000	0,664256	-0,424048
18,420000	0,664256	-0,408272
18,430000	0,669514	-0,392496
18,440000	0,669514	-0,371462
18,450000	0,669514	-0,355686
18,460000	0,674772	-0,339911
18,470000	0,674772	-0,318876
18,480000	0,674772	-0,303101
18,490000	0,669514	-0,282066
18,500000	0,669514	-0,266291
18,510000	0,664256	-0,250515
18,520000	0,664256	-0,234739
18,530000	0,653739	-0,213705
18,540000	0,648481	-0,197929
18,550000	0,648481	-0,187412
18,560000	0,637965	-0,166378
18,570000	0,632707	-0,145344
18,580000	0,627448	-0,129568
18,590000	0,622190	-0,113792
18,600000	0,611674	-0,098017
18,610000	0,601158	-0,082241
18,620000	0,595900	-0,066465
18,630000	0,585383	-0,050690
18,640000	0,574867	-0,034914
18,650000	0,564351	-0,019138
18,660000	0,553834	-0,008621
18,670000	0,538060	0,017672
18,680000	0,527543	0,028189
18,690000	0,517027	0,043964
18,700000	0,501253	0,059740
18,710000	0,490736	0,075516
18,720000	0,480220	0,091291
18,730000	0,464445	0,107067
18,740000	0,443413	0,122843
18,750000	0,427638	0,133360
18,760000	0,411864	0,149136
18,770000	0,396089	0,164911
18,780000	0,380315	0,175428
18,790000	0,364540	0,191204
18,800000	0,348766	0,201721
18,810000	0,327733	0,217497
18,820000	0,311959	0,228014
18,830000	0,296184	0,233273
18,840000	0,275152	0,249048
18,850000	0,259377	0,259565
18,860000	0,243603	0,270083
18,870000	0,227828	0,275341
18,880000	0,201537	0,285858
18,890000	0,191021	0,296375
18,900000	0,169988	0,301634
18,910000	0,148956	0,306893
18,920000	0,133181	0,312151
18,930000	0,112149	0,317410
18,940000	0,096374	0,322668
18,950000	0,080600	0,322668
18,960000	0,059567	0,333185
18,970000	0,043793	0,333185
18,980000	0,028018	0,338444
18,990000	0,012244	0,338444
19,000000	-0,008789	0,338444
19,010000	-0,024564	0,343702
19,020000	-0,045596	0,338444
19,030000	-0,061371	0,338444
19,040000	-0,077145	0,338444
19,050000	-0,092920	0,333185
19,060000	-0,113952	0,327927
19,070000	-0,124469	0,327927
19,080000	-0,140243	0,322668
19,090000	-0,156018	0,317410
19,100000	-0,171792	0,312151
19,110000	-0,187567	0,306893
19,120000	-0,203341	0,306893
19,130000	-0,213857	0,296375
19,140000	-0,224374	0,291117
19,150000	-0,234890	0,291117
19,160000	-0,250664	0,280600
19,170000	-0,261181	0,275341
19,180000	-0,271697	0,259565
19,190000	-0,287472	0,254307
19,200000	-0,292730	0,243790
19,210000	-0,303246	0,238531
19,220000	-0,313762	0,228014
19,230000	-0,319021	0,212238
19,240000	-0,329537	0,196463
19,250000	-0,334795	0,185946
19,260000	-0,340053	0,175428
19,270000	-0,350570	0,159653
19,280000	-0,355828	0,149136
19,290000	-0,361086	0,128101
19,300000	-0,361086	0,112326
19,310000	-0,366344	0,101809
19,320000	-0,371602	0,080774
19,330000	-0,371602	0,064999
19,340000	-0,376860	0,049223
19,350000	-0,376860	0,028189
19,360000	-0,376860	0,012413
19,370000	-0,376860	-0,008621
19,380000	-0,376860	-0,024397
19,390000	-0,376860	-0,045431
19,400000	-0,371602	-0,066465
19,410000	-0,371602	-0,082241
19,420000	-0,366344	-0,098017
19,430000	-0,361086	-0,113792
19,440000	-0,361086	-0,129568
19,450000	-0,355828	-0,150602
19,460000	-0,350570	-0,166378
19,470000	-0,345311	-0,182154
19,480000	-0,334795	-0,203188
19,490000	-0,329537	-0,218964
19,500000	-0,324279	-0,239998
19,510000	-0,313762	-0,250515
19,520000	-0,308504	-0,266291
19,530000	-0,297988	-0,282066
19,540000	-0,282213	-0,297842
19,550000	-0,276955	-0,313618
19,560000	-0,266439	-0,329394
19,570000	-0,255923	-0,350428
19,580000	-0,240148	-0,366203
19,590000	-0,229632	-0,381979
19,600000	-0,213857	-0,397755
19,610000	-0,203341	-0,418789
19,620000	-0,192825	-0,434565
19,630000	-0,177050	-0,445082
19,640000	-0,161276	-0,466116
19,650000	-0,145501	-0,476633
19,660000	-0,129727	-0,492409
19,670000	-0,113952	-0,502926
19,680000	-0,098178	-0,518702
19,690000	-0,082403	-0,529219
19,700000	-0,071887	-0,544995
19,710000	-0,050854	-0,555512
19,720000	-0,035080	-0,566029
19,730000	-0,014047	-0,576546
19,740000	0,001727	-0,587063
19,750000	0,022760	-0,597580
19,760000	0,038534	-0,608097
19,770000	0,054309	-0,618614
19,780000	0,075342	-0,629132
19,790000	0,085858	-0,634390
19,800000	0,106890	-0,639649
19,810000	0,127923	-0,644907
19,820000	0,143698	-0,655424
19,830000	0,159472	-0,655424
19,840000	0,175247	-0,660683
19,850000	0,196279	-0,665942
19,860000	0,206796	-0,665942
19,870000	0,227828	-0,671200
19,880000	0,243603	-0,671200
19,890000	0,259377	-0,676459
19,900000	0,280410	-0,681717
19,910000	0,296184	-0,681717
19,920000	0,317217	-0,681717
19,930000	0,332991	-0,681717
19,940000	0,348766	-0,676459
19,950000	0,364540	-0,676459
19,960000	0,380315	-0,676459
19,970000	0,396089	-0,671200
19,980000	0,406606	-0,660683
19,990000	0,422380	-0,660683
