t (s)	U1(V)	U2(V)
0,000000	0,785193	0,327927
0,010000	0,800968	0,343702
0,020000	0,822000	0,369995
0,030000	0,837775	0,391030
0,040000	0,858808	0,406805
0,050000	0,874582	0,422581
0,060000	0,890357	0,443615
0,070000	0,906131	0,459391
0,080000	0,921906	0,469908
0,090000	0,932422	0,490942
0,100000	0,948196	0,501459
0,110000	0,958713	0,511976
0,120000	0,969229	0,522494
0,130000	0,979745	0,533011
0,140000	0,985003	0,538269
0,150000	0,995520	0,548786
0,160000	1,006036	0,554045
0,170000	1,006036	0,559304
0,180000	1,016552	0,564562
0,190000	1,021811	0,569821
0,200000	1,021811	0,575079
0,210000	1,021811	0,569821
0,220000	1,027069	0,575079
0,230000	1,027069	0,575079
0,240000	1,027069	0,575079
0,250000	1,027069	0,569821
0,260000	1,027069	0,569821
0,270000	1,021811	0,564562
0,280000	1,016552	0,554045
0,290000	1,006036	0,548786
0,300000	1,000778	0,538269
0,310000	0,995520	0,527752
0,320000	0,985003	0,517235
0,330000	0,974487	0,511976
0,340000	0,969229	0,501459
0,350000	0,953455	0,490942
0,360000	0,942938	0,480425
0,370000	0,927164	0,464649
0,380000	0,916647	0,454132
0,390000	0,900873	0,433098
0,400000	0,879840	0,417322
0,410000	0,869324	0,401547
0,420000	0,848291	0,380512
0,430000	0,832517	0,359478
0,440000	0,806226	0,343702
0,450000	0,790451	0,317410
0,460000	0,769419	0,296375
0,470000	0,743128	0,275341
0,480000	0,727354	0,254307
0,490000	0,701063	0,233273
0,500000	0,680030	0,212238
0,510000	0,653739	0,185946
0,520000	0,632707	0,159653
0,530000	0,606416	0,133360
0,540000	0,580125	0,107067
0,550000	0,553834	0,075516
0,560000	0,527543	0,049223
0,570000	0,501253	0,017672
0,580000	0,474962	-0,008621
0,590000	0,443413	-0,040173
0,600000	0,417122	-0,066465
0,610000	0,390831	-0,098017
0,620000	0,364540	-0,124310
0,630000	0,332991	-0,155861
0,640000	0,306701	-0,187412
0,650000	0,275152	-0,213705
0,660000	0,248861	-0,245257
0,670000	0,217312	-0,271549
0,680000	0,191021	-0,303101
0,690000	0,164730	-0,334652
0,700000	0,133181	-0,360945
0,710000	0,106890	-0,392496
0,720000	0,080600	-0,418789
0,730000	0,054309	-0,450340
0,740000	0,022760	-0,476633
0,750000	-0,008789	-0,502926
0,760000	-0,035080	-0,529219
0,770000	-0,061371	-0,555512
0,780000	-0,087661	-0,587063
0,790000	-0,113952	-0,608097
0,800000	-0,145501	-0,634390
0,810000	-0,171792	-0,665942
0,820000	-0,192825	-0,686976
0,830000	-0,219116	-0,713269
0,840000	-0,245406	-0,739561
0,850000	-0,266439	-0,760596
0,860000	-0,292730	-0,786888
0,870000	-0,308504	-0,807923
0,880000	-0,334795	-0,828957
0,890000	-0,355828	-0,849991
0,900000	-0,376860	-0,865767
0,910000	-0,397893	-0,881543
0,920000	-0,418926	-0,907835
0,930000	-0,439958	-0,923611
0,940000	-0,455733	-0,939387
0,950000	-0,471507	-0,960421
0,960000	-0,492540	-0,970938
0,970000	-0,508314	-0,986714
0,980000	-0,518831	-1,002490
0,990000	-0,534605	-1,013007
1,000000	-0,550380	-1,028782
1,010000	-0,560896	-1,039299
1,020000	-0,571412	-1,049817
1,030000	-0,581929	-1,065592
1,040000	-0,597703	-1,076109
1,050000	-0,602961	-1,081368
1,060000	-0,613478	-1,086627
1,070000	-0,618736	-1,097144
1,080000	-0,623994	-1,102402
1,090000	-0,629252	-1,107661
1,100000	-0,634510	-1,107661
1,110000	-0,634510	-1,112919
1,120000	-0,639768	-1,118178
1,130000	-0,639768	-1,123436
1,140000	-0,639768	-1,123436
1,150000	-0,639768	-1,123436
1,160000	-0,639768	-1,123436
1,170000	-0,639768	-1,118178
1,180000	-0,634510	-1,112919
1,190000	-0,629252	-1,112919
1,200000	-0,618736	-1,107661
1,210000	-0,618736	-1,102402
1,220000	-0,608219	-1,091885
1,230000	-0,597703	-1,081368
1,240000	-0,587187	-1,076109
1,250000	-0,576671	-1,060334
1,260000	-0,566154	-1,049817
1,270000	-0,555638	-1,034041
1,280000	-0,545122	-1,018265
1,290000	-0,529347	-1,007748
1,300000	-0,513573	-0,986714
1,310000	-0,497798	-0,970938
1,320000	-0,482024	-0,955162
1,330000	-0,466249	-0,939387
1,340000	-0,445216	-0,918353
1,350000	-0,429442	-0,897318
1,360000	-0,413668	-0,876284
1,370000	-0,387377	-0,855250
1,380000	-0,366344	-0,834216
1,390000	-0,350570	-0,813181
1,400000	-0,329537	-0,786888
1,410000	-0,303246	-0,760596
1,420000	-0,282213	-0,739561
1,430000	-0,255923	-0,713269
1,440000	-0,234890	-0,686976
1,450000	-0,208599	-0,660683
1,460000	-0,182308	-0,634390
1,470000	-0,156018	-0,602839
1,480000	-0,129727	-0,576546
1,490000	-0,108694	-0,550253
1,500000	-0,082403	-0,523960
1,510000	-0,050854	-0,497668
1,520000	-0,024564	-0,471375
1,530000	0,012244	-0,445082
1,540000	0,038534	-0,413531
1,550000	0,070083	-0,387238
1,560000	0,096374	-0,355686
1,570000	0,122665	-0,329394
1,580000	0,154214	-0,297842
1,590000	0,180505	-0,276808
1,600000	0,212054	-0,245257
1,610000	0,238345	-0,218964
1,620000	0,269894	-0,187412
1,630000	0,296184	-0,161120
1,640000	0,322475	-0,134827
1,650000	0,354024	-0,108534
1,660000	0,380315	-0,076983
1,670000	0,411864	-0,050690
1,680000	0,438155	-0,019138
1,690000	0,464445	0,007154
1,700000	0,490736	0,033447
1,710000	0,522285	0,059740
1,720000	0,543318	0,086033
1,730000	0,574867	0,112326
1,740000	0,601158	0,133360
1,750000	0,622190	0,154394
1,760000	0,643223	0,185946
1,770000	0,669514	0,206980
1,780000	0,695805	0,233273
1,790000	0,716837	0,259565
1,800000	0,737870	0,275341
1,810000	0,758903	0,301634
1,820000	0,779935	0,317410
1,830000	0,800968	0,338444
1,840000	0,816742	0,359478
1,850000	0,837775	0,380512
1,860000	0,853549	0,401547
1,870000	0,874582	0,422581
1,880000	0,890357	0,438357
1,890000	0,906131	0,454132
1,900000	0,921906	0,469908
1,910000	0,932422	0,480425
1,920000	0,948196	0,496201
1,930000	0,963971	0,506718
1,940000	0,969229	0,517235
1,950000	0,985003	0,522494
1,960000	0,995520	0,533011
1,970000	1,000778	0,538269
1,980000	1,006036	0,543528
1,990000	1,016552	0,554045
2,000000	1,021811	0,559304
2,010000	1,021811	0,564562
2,020000	1,027069	0,564562
2,030000	1,032327	0,564562
2,040000	1,032327	0,569821
2,050000	1,027069	0,564562
2,060000	1,032327	0,564562
2,070000	1,027069	0,564562
2,080000	1,021811	0,559304
2,090000	1,021811	0,559304
2,100000	1,016552	0,559304
2,110000	1,011294	0,548786
2,120000	1,000778	0,543528
2,130000	0,995520	0,533011
2,140000	0,985003	0,527752
2,150000	0,974487	0,517235
2,160000	0,963971	0,506718
2,170000	0,953455	0,496201
2,180000	0,937680	0,485684
2,190000	0,927164	0,469908
2,200000	0,911389	0,454132
2,210000	0,895615	0,443615
2,220000	0,879840	0,422581
2,230000	0,864066	0,401547
2,240000	0,848291	0,385771
2,250000	0,832517	0,364737
2,260000	0,811484	0,348961
2,270000	0,790451	0,327927
2,280000	0,769419	0,312151
2,290000	0,748386	0,291117
2,300000	0,727354	0,270083
2,310000	0,701063	0,249048
2,320000	0,680030	0,228014
2,330000	0,653739	0,206980
2,340000	0,632707	0,180687
2,350000	0,606416	0,159653
2,360000	0,580125	0,128101
2,370000	0,553834	0,101809
2,380000	0,532802	0,075516
2,390000	0,501253	0,049223
2,400000	0,474962	0,017672
2,410000	0,448671	-0,013880
2,420000	0,422380	-0,040173
2,430000	0,390831	-0,071724
2,440000	0,364540	-0,103275
2,450000	0,338250	-0,129568
2,460000	0,306701	-0,155861
2,470000	0,280410	-0,187412
2,480000	0,254119	-0,213705
2,490000	0,222570	-0,245257
2,500000	0,196279	-0,266291
2,510000	0,169988	-0,297842
2,520000	0,138439	-0,329394
2,530000	0,112149	-0,360945
2,540000	0,085858	-0,387238
2,550000	0,059567	-0,413531
2,560000	0,028018	-0,445082
2,570000	-0,008789	-0,476633
2,580000	-0,035080	-0,497668
2,590000	-0,061371	-0,529219
2,600000	-0,087661	-0,555512
2,610000	-0,113952	-0,581805
2,620000	-0,140243	-0,613356
2,630000	-0,171792	-0,639649
2,640000	-0,192825	-0,665942
2,650000	-0,219116	-0,692234
2,660000	-0,245406	-0,713269
2,670000	-0,266439	-0,739561
2,680000	-0,287472	-0,760596
2,690000	-0,313762	-0,786888
2,700000	-0,334795	-0,807923
2,710000	-0,361086	-0,828957
2,720000	-0,382119	-0,849991
2,730000	-0,397893	-0,871025
2,740000	-0,418926	-0,886801
2,750000	-0,439958	-0,907835
2,760000	-0,450475	-0,923611
2,770000	-0,471507	-0,944645
2,780000	-0,487282	-0,960421
2,790000	-0,508314	-0,981455
2,800000	-0,524089	-0,997231
2,810000	-0,539863	-1,007748
2,820000	-0,550380	-1,023524
2,830000	-0,560896	-1,034041
2,840000	-0,571412	-1,044558
2,850000	-0,587187	-1,055075
2,860000	-0,597703	-1,060334
2,870000	-0,602961	-1,070851
2,880000	-0,608219	-1,081368
2,890000	-0,618736	-1,086627
2,900000	-0,623994	-1,091885
2,910000	-0,629252	-1,097144
2,920000	-0,634510	-1,102402
2,930000	-0,639768	-1,107661
2,940000	-0,645027	-1,107661
2,950000	-0,639768	-1,112919
2,960000	-0,639768	-1,107661
2,970000	-0,645027	-1,112919
2,980000	-0,639768	-1,107661
2,990000	-0,639768	-1,102402
3,000000	-0,634510	-1,102402
3,010000	-0,629252	-1,097144
3,020000	-0,623994	-1,091885
3,030000	-0,618736	-1,081368
3,040000	-0,613478	-1,076109
3,050000	-0,602961	-1,070851
3,060000	-0,592445	-1,065592
3,070000	-0,581929	-1,055075
3,080000	-0,571412	-1,044558
3,090000	-0,560896	-1,034041
3,100000	-0,550380	-1,018265
3,110000	-0,534605	-1,007748
3,120000	-0,518831	-0,991972
3,130000	-0,508314	-0,981455
3,140000	-0,487282	-0,955162
3,150000	-0,471507	-0,944645
3,160000	-0,455733	-0,923611
3,170000	-0,434700	-0,907835
3,180000	-0,413668	-0,886801
3,190000	-0,397893	-0,865767
3,200000	-0,376860	-0,844733
3,210000	-0,355828	-0,818440
3,220000	-0,334795	-0,802664
3,230000	-0,308504	-0,776371
3,240000	-0,287472	-0,755337
3,250000	-0,266439	-0,729044
3,260000	-0,240148	-0,702751
3,270000	-0,213857	-0,681717
3,280000	-0,187567	-0,650166
3,290000	-0,161276	-0,629132
3,300000	-0,134985	-0,597580
3,310000	-0,108694	-0,571287
3,320000	-0,077145	-0,544995
3,330000	-0,050854	-0,518702
3,340000	-0,024564	-0,487150
3,350000	0,006985	-0,460858
3,360000	0,033276	-0,434565
3,370000	0,064825	-0,403013
3,380000	0,091116	-0,376721
3,390000	0,122665	-0,345169
3,400000	0,148956	-0,318876
3,410000	0,180505	-0,287325
3,420000	0,206796	-0,261032
3,430000	0,238345	-0,229481
3,440000	0,264635	-0,197929
3,450000	0,290926	-0,171637
3,460000	0,317217	-0,140085
3,470000	0,348766	-0,113792
3,480000	0,375057	-0,076983
3,490000	0,406606	-0,050690
3,500000	0,432897	-0,019138
3,510000	0,459187	0,007154
3,520000	0,485478	0,033447
3,530000	0,511769	0,059740
3,540000	0,543318	0,080774
3,550000	0,569609	0,107067
3,560000	0,595900	0,133360
3,570000	0,622190	0,154394
3,580000	0,648481	0,180687
3,590000	0,669514	0,201721
3,600000	0,690546	0,228014
3,610000	0,716837	0,249048
3,620000	0,737870	0,270083
3,630000	0,758903	0,291117
3,640000	0,779935	0,312151
3,650000	0,800968	0,333185
3,660000	0,822000	0,348961
3,670000	0,837775	0,369995
3,680000	0,858808	0,385771
3,690000	0,874582	0,401547
3,700000	0,895615	0,417322
3,710000	0,906131	0,433098
3,720000	0,921906	0,448874
3,730000	0,932422	0,464649
3,740000	0,942938	0,480425
3,750000	0,958713	0,490942
3,760000	0,969229	0,501459
3,770000	0,979745	0,511976
3,780000	0,985003	0,522494
3,790000	1,000778	0,533011
3,800000	1,006036	0,538269
3,810000	1,011294	0,543528
3,820000	1,016552	0,548786
3,830000	1,027069	0,554045
3,840000	1,027069	0,554045
3,850000	1,027069	0,554045
3,860000	1,027069	0,554045
3,870000	1,027069	0,554045
3,880000	1,027069	0,548786
3,890000	1,027069	0,548786
3,900000	1,027069	0,543528
3,910000	1,021811	0,538269
3,920000	1,021811	0,533011
3,930000	1,011294	0,527752
3,940000	1,006036	0,522494
3,950000	0,995520	0,517235
3,960000	0,990262	0,506718
3,970000	0,979745	0,496201
3,980000	0,969229	0,490942
3,990000	0,958713	0,480425
4,000000	0,948196	0,469908
4,010000	0,937680	0,454132
4,020000	0,921906	0,443615
4,030000	0,906131	0,433098
4,040000	0,890357	0,412064
4,050000	0,874582	0,401547
4,060000	0,858808	0,385771
4,070000	0,837775	0,364737
4,080000	0,816742	0,348961
4,090000	0,800968	0,327927
4,100000	0,774677	0,306893
4,110000	0,753644	0,285858
4,120000	0,727354	0,259565
4,130000	0,706321	0,238531
4,140000	0,685288	0,212238
4,150000	0,664256	0,191204
4,160000	0,637965	0,164911
4,170000	0,611674	0,138619
4,180000	0,585383	0,112326
4,190000	0,564351	0,086033
4,200000	0,532802	0,059740
4,210000	0,506511	0,033447
4,220000	0,480220	0,001896
4,230000	0,453929	-0,024397
4,240000	0,427638	-0,050690
4,250000	0,396089	-0,082241
4,260000	0,369799	-0,108534
4,270000	0,343508	-0,140085
4,280000	0,317217	-0,166378
4,290000	0,290926	-0,192671
4,300000	0,259377	-0,218964
4,310000	0,227828	-0,250515
4,320000	0,201537	-0,276808
4,330000	0,169988	-0,308359
4,340000	0,138439	-0,334652
4,350000	0,112149	-0,366203
4,360000	0,080600	-0,397755
4,370000	0,054309	-0,424048
4,380000	0,028018	-0,450340
4,390000	0,001727	-0,476633
4,400000	-0,029822	-0,502926
4,410000	-0,056113	-0,534477
4,420000	-0,082403	-0,560770
4,430000	-0,113952	-0,587063
4,440000	-0,134985	-0,618614
4,450000	-0,166534	-0,639649
4,460000	-0,187567	-0,665942
4,470000	-0,213857	-0,686976
4,480000	-0,245406	-0,713269
4,490000	-0,266439	-0,744820
4,500000	-0,287472	-0,760596
4,510000	-0,308504	-0,786888
4,520000	-0,329537	-0,807923
4,530000	-0,355828	-0,834216
4,540000	-0,376860	-0,849991
4,550000	-0,392635	-0,876284
4,560000	-0,413668	-0,892060
4,570000	-0,434700	-0,907835
4,580000	-0,455733	-0,923611
4,590000	-0,471507	-0,944645
4,600000	-0,487282	-0,965680
4,610000	-0,508314	-0,976197
4,620000	-0,518831	-0,991972
4,630000	-0,534605	-1,007748
4,640000	-0,550380	-1,023524
4,650000	-0,555638	-1,034041
4,660000	-0,571412	-1,049817
4,670000	-0,581929	-1,060334
4,680000	-0,592445	-1,070851
4,690000	-0,602961	-1,081368
4,700000	-0,608219	-1,086627
4,710000	-0,618736	-1,097144
4,720000	-0,623994	-1,102402
4,730000	-0,629252	-1,107661
4,740000	-0,634510	-1,107661
4,750000	-0,639768	-1,112919
4,760000	-0,639768	-1,112919
4,770000	-0,639768	-1,112919
4,780000	-0,639768	-1,112919
4,790000	-0,639768	-1,107661
4,800000	-0,634510	-1,107661
4,810000	-0,634510	-1,107661
4,820000	-0,634510	-1,102402
4,830000	-0,623994	-1,097144
4,840000	-0,618736	-1,086627
4,850000	-0,613478	-1,086627
4,860000	-0,608219	-1,076109
4,870000	-0,597703	-1,065592
4,880000	-0,587187	-1,055075
4,890000	-0,581929	-1,049817
4,900000	-0,566154	-1,039299
4,910000	-0,555638	-1,028782
4,920000	-0,545122	-1,013007
4,930000	-0,529347	-1,007748
4,940000	-0,513573	-0,986714
4,950000	-0,503056	-0,970938
4,960000	-0,482024	-0,955162
4,970000	-0,471507	-0,944645
4,980000	-0,450475	-0,923611
4,990000	-0,434700	-0,902577
5,000000	-0,413668	-0,886801
5,010000	-0,392635	-0,865767
5,020000	-0,376860	-0,844733
5,030000	-0,355828	-0,818440
5,040000	-0,329537	-0,802664
5,050000	-0,308504	-0,776371
5,060000	-0,287472	-0,755337
5,070000	-0,261181	-0,729044
5,080000	-0,240148	-0,708010
5,090000	-0,213857	-0,681717
5,100000	-0,187567	-0,655424
5,110000	-0,161276	-0,629132
5,120000	-0,134985	-0,602839
5,130000	-0,108694	-0,576546
5,140000	-0,082403	-0,555512
5,150000	-0,050854	-0,523960
5,160000	-0,024564	-0,502926
5,170000	0,001727	-0,471375
5,180000	0,033276	-0,439823
5,190000	0,059567	-0,413531
5,200000	0,091116	-0,387238
5,210000	0,117407	-0,360945
5,220000	0,143698	-0,329394
5,230000	0,175247	-0,303101
5,240000	0,206796	-0,276808
5,250000	0,233086	-0,250515
5,260000	0,259377	-0,218964
5,270000	0,290926	-0,187412
5,280000	0,322475	-0,155861
5,290000	0,348766	-0,134827
5,300000	0,375057	-0,098017
5,310000	0,406606	-0,076983
5,320000	0,432897	-0,045431
5,330000	0,459187	-0,019138
5,340000	0,485478	0,012413
5,350000	0,511769	0,038706
5,360000	0,538060	0,064999
5,370000	0,564351	0,086033
5,380000	0,585383	0,117584
5,390000	0,611674	0,138619
5,400000	0,637965	0,164911
5,410000	0,658997	0,191204
5,420000	0,685288	0,212238
5,430000	0,706321	0,233273
5,440000	0,732612	0,259565
5,450000	0,753644	0,275341
5,460000	0,779935	0,301634
5,470000	0,795710	0,322668
5,480000	0,816742	0,338444
5,490000	0,832517	0,354220
5,500000	0,853549	0,375254
5,510000	0,869324	0,385771
5,520000	0,885098	0,406805
5,530000	0,906131	0,422581
5,540000	0,916647	0,438357
5,550000	0,932422	0,454132
5,560000	0,948196	0,459391
5,570000	0,958713	0,480425
5,580000	0,969229	0,485684
5,590000	0,979745	0,501459
5,600000	0,990262	0,511976
5,610000	0,995520	0,522494
5,620000	1,006036	0,527752
5,630000	1,011294	0,533011
5,640000	1,016552	0,543528
5,650000	1,021811	0,548786
5,660000	1,021811	0,548786
5,670000	1,027069	0,554045
5,680000	1,027069	0,554045
5,690000	1,027069	0,548786
5,700000	1,027069	0,554045
5,710000	1,027069	0,548786
5,720000	1,021811	0,543528
5,730000	1,021811	0,543528
5,740000	1,016552	0,538269
5,750000	1,011294	0,533011
5,760000	1,000778	0,522494
5,770000	0,995520	0,511976
5,780000	0,985003	0,501459
5,790000	0,974487	0,496201
5,800000	0,963971	0,485684
5,810000	0,953455	0,475167
5,820000	0,942938	0,459391
5,830000	0,927164	0,448874
5,840000	0,916647	0,438357
5,850000	0,900873	0,422581
5,860000	0,885098	0,412064
5,870000	0,869324	0,391030
5,880000	0,853549	0,375254
5,890000	0,832517	0,359478
5,900000	0,816742	0,338444
5,910000	0,800968	0,317410
5,920000	0,774677	0,291117
5,930000	0,753644	0,270083
5,940000	0,737870	0,249048
5,950000	0,711579	0,222756
5,960000	0,690546	0,201721
5,970000	0,664256	0,175428
5,980000	0,643223	0,154394
5,990000	0,616932	0,128101
6,000000	0,590641	0,101809
6,010000	0,564351	0,075516
6,020000	0,543318	0,049223
6,030000	0,517027	0,022930
6,040000	0,490736	-0,008621
6,050000	0,464445	-0,034914
6,060000	0,432897	-0,066465
6,070000	0,406606	-0,092758
6,080000	0,380315	-0,124310
6,090000	0,348766	-0,150602
6,100000	0,317217	-0,176895
6,110000	0,290926	-0,208447
6,120000	0,264635	-0,229481
6,130000	0,238345	-0,255774
6,140000	0,206796	-0,287325
6,150000	0,175247	-0,313618
6,160000	0,148956	-0,339911
6,170000	0,122665	-0,366203
6,180000	0,091116	-0,397755
6,190000	0,064825	-0,429306
6,200000	0,033276	-0,455599
6,210000	0,006985	-0,481892
6,220000	-0,024564	-0,508185
6,230000	-0,050854	-0,539736
6,240000	-0,077145	-0,566029
6,250000	-0,108694	-0,592322
6,260000	-0,134985	-0,618614
6,270000	-0,161276	-0,639649
6,280000	-0,187567	-0,665942
6,290000	-0,213857	-0,692234
6,300000	-0,234890	-0,713269
6,310000	-0,261181	-0,739561
6,320000	-0,282213	-0,765854
6,330000	-0,308504	-0,786888
6,340000	-0,329537	-0,807923
6,350000	-0,350570	-0,828957
6,360000	-0,371602	-0,849991
6,370000	-0,392635	-0,865767
6,380000	-0,408409	-0,886801
6,390000	-0,429442	-0,902577
6,400000	-0,450475	-0,918353
6,410000	-0,471507	-0,939387
6,420000	-0,487282	-0,955162
6,430000	-0,497798	-0,970938
6,440000	-0,513573	-0,986714
6,450000	-0,529347	-0,997231
6,460000	-0,545122	-1,013007
6,470000	-0,555638	-1,023524
6,480000	-0,566154	-1,034041
6,490000	-0,581929	-1,039299
6,500000	-0,592445	-1,049817
6,510000	-0,602961	-1,060334
6,520000	-0,613478	-1,065592
6,530000	-0,618736	-1,070851
6,540000	-0,623994	-1,076109
6,550000	-0,629252	-1,081368
6,560000	-0,634510	-1,086627
6,570000	-0,639768	-1,091885
6,580000	-0,639768	-1,091885
6,590000	-0,645027	-1,097144
6,600000	-0,645027	-1,091885
6,610000	-0,639768	-1,097144
6,620000	-0,639768	-1,091885
6,630000	-0,634510	-1,091885
6,640000	-0,634510	-1,086627
6,650000	-0,629252	-1,081368
6,660000	-0,623994	-1,070851
6,670000	-0,618736	-1,065592
6,680000	-0,613478	-1,060334
6,690000	-0,602961	-1,055075
6,700000	-0,597703	-1,039299
6,710000	-0,587187	-1,034041
6,720000	-0,576671	-1,023524
6,730000	-0,566154	-1,007748
6,740000	-0,550380	-1,002490
6,750000	-0,539863	-0,986714
6,760000	-0,518831	-0,970938
6,770000	-0,508314	-0,955162
6,780000	-0,492540	-0,939387
6,790000	-0,471507	-0,923611
6,800000	-0,455733	-0,907835
6,810000	-0,439958	-0,886801
6,820000	-0,418926	-0,871025
6,830000	-0,397893	-0,849991
6,840000	-0,376860	-0,828957
6,850000	-0,355828	-0,807923
6,860000	-0,334795	-0,781630
6,870000	-0,313762	-0,760596
6,880000	-0,287472	-0,734303
6,890000	-0,266439	-0,713269
6,900000	-0,240148	-0,692234
6,910000	-0,213857	-0,660683
6,920000	-0,187567	-0,639649
6,930000	-0,161276	-0,613356
6,940000	-0,140243	-0,587063
6,950000	-0,108694	-0,566029
6,960000	-0,082403	-0,534477
6,970000	-0,056113	-0,502926
6,980000	-0,029822	-0,476633
6,990000	0,001727	-0,455599
7,000000	0,033276	-0,424048
7,010000	0,059567	-0,397755
7,020000	0,085858	-0,366203
7,030000	0,117407	-0,339911
7,040000	0,143698	-0,313618
7,050000	0,175247	-0,287325
7,060000	0,201537	-0,255774
7,070000	0,233086	-0,229481
7,080000	0,259377	-0,203188
7,090000	0,285668	-0,176895
7,100000	0,311959	-0,145344
7,110000	0,343508	-0,119051
7,120000	0,375057	-0,092758
7,130000	0,396089	-0,061207
7,140000	0,427638	-0,034914
7,150000	0,453929	-0,003363
7,160000	0,480220	0,028189
7,170000	0,506511	0,054482
7,180000	0,532802	0,080774
7,190000	0,559092	0,101809
7,200000	0,585383	0,128101
7,210000	0,611674	0,154394
7,220000	0,632707	0,175428
7,230000	0,658997	0,196463
7,240000	0,685288	0,222756
7,250000	0,706321	0,243790
7,260000	0,727354	0,264824
7,270000	0,753644	0,285858
7,280000	0,769419	0,301634
7,290000	0,790451	0,322668
7,300000	0,811484	0,348961
7,310000	0,832517	0,364737
7,320000	0,848291	0,380512
7,330000	0,869324	0,401547
7,340000	0,885098	0,417322
7,350000	0,900873	0,433098
7,360000	0,916647	0,448874
7,370000	0,932422	0,464649
7,380000	0,942938	0,475167
7,390000	0,953455	0,490942
7,400000	0,969229	0,501459
7,410000	0,974487	0,506718
7,420000	0,985003	0,517235
7,430000	0,995520	0,527752
7,440000	1,000778	0,533011
7,450000	1,006036	0,538269
7,460000	1,011294	0,543528
7,470000	1,016552	0,548786
7,480000	1,027069	0,554045
7,490000	1,027069	0,554045
7,500000	1,027069	0,559304
7,510000	1,027069	0,559304
7,520000	1,027069	0,559304
7,530000	1,027069	0,559304
7,540000	1,021811	0,554045
7,550000	1,021811	0,554045
7,560000	1,016552	0,548786
7,570000	1,011294	0,543528
7,580000	1,006036	0,538269
7,590000	0,995520	0,527752
7,600000	0,985003	0,517235
7,610000	0,979745	0,506718
7,620000	0,963971	0,501459
7,630000	0,953455	0,485684
7,640000	0,942938	0,475167
7,650000	0,932422	0,464649
7,660000	0,921906	0,448874
7,670000	0,906131	0,433098
7,680000	0,885098	0,412064
7,690000	0,874582	0,396288
7,700000	0,853549	0,380512
7,710000	0,837775	0,364737
7,720000	0,816742	0,343702
7,730000	0,800968	0,322668
7,740000	0,779935	0,301634
7,750000	0,758903	0,275341
7,760000	0,737870	0,254307
7,770000	0,716837	0,233273
7,780000	0,690546	0,206980
7,790000	0,664256	0,180687
7,800000	0,643223	0,159653
7,810000	0,616932	0,133360
7,820000	0,590641	0,107067
7,830000	0,564351	0,080774
7,840000	0,538060	0,054482
7,850000	0,511769	0,028189
7,860000	0,485478	0,001896
7,870000	0,453929	-0,029655
7,880000	0,427638	-0,055948
7,890000	0,401348	-0,076983
7,900000	0,375057	-0,108534
7,910000	0,348766	-0,134827
7,920000	0,322475	-0,155861
7,930000	0,290926	-0,187412
7,940000	0,264635	-0,208447
7,950000	0,233086	-0,239998
7,960000	0,206796	-0,266291
7,970000	0,175247	-0,297842
7,980000	0,148956	-0,318876
7,990000	0,117407	-0,350428
8,000000	0,091116	-0,381979
8,010000	0,059567	-0,413531
8,020000	0,033276	-0,439823
8,030000	0,006985	-0,466116
8,040000	-0,024564	-0,497668
8,050000	-0,056113	-0,523960
8,060000	-0,082403	-0,550253
8,070000	-0,108694	-0,576546
8,080000	-0,134985	-0,602839
8,090000	-0,161276	-0,629132
8,100000	-0,187567	-0,650166
8,110000	-0,213857	-0,681717
8,120000	-0,240148	-0,702751
8,130000	-0,261181	-0,729044
8,140000	-0,287472	-0,750079
8,150000	-0,308504	-0,776371
8,160000	-0,334795	-0,797406
8,170000	-0,350570	-0,823698
8,180000	-0,376860	-0,844733
8,190000	-0,397893	-0,865767
8,200000	-0,413668	-0,881543
8,210000	-0,434700	-0,902577
8,220000	-0,450475	-0,918353
8,230000	-0,471507	-0,934128
8,240000	-0,487282	-0,949904
8,250000	-0,503056	-0,960421
8,260000	-0,518831	-0,976197
8,270000	-0,534605	-0,986714
8,280000	-0,545122	-0,997231
8,290000	-0,560896	-1,007748
8,300000	-0,571412	-1,018265
8,310000	-0,581929	-1,028782
8,320000	-0,592445	-1,039299
8,330000	-0,602961	-1,049817
8,340000	-0,613478	-1,055075
8,350000	-0,618736	-1,060334
8,360000	-0,623994	-1,065592
8,370000	-0,629252	-1,076109
8,380000	-0,629252	-1,076109
8,390000	-0,639768	-1,086627
8,400000	-0,639768	-1,086627
8,410000	-0,645027	-1,086627
8,420000	-0,645027	-1,086627
8,430000	-0,639768	-1,086627
8,440000	-0,639768	-1,081368
8,450000	-0,639768	-1,081368
8,460000	-0,634510	-1,076109
8,470000	-0,634510	-1,070851
8,480000	-0,623994	-1,065592
8,490000	-0,623994	-1,060334
8,500000	-0,608219	-1,055075
8,510000	-0,602961	-1,049817
8,520000	-0,597703	-1,039299
8,530000	-0,587187	-1,034041
8,540000	-0,576671	-1,018265
8,550000	-0,560896	-1,007748
8,560000	-0,550380	-0,991972
8,570000	-0,539863	-0,986714
8,580000	-0,524089	-0,970938
8,590000	-0,508314	-0,955162
8,600000	-0,492540	-0,939387
8,610000	-0,476765	-0,923611
8,620000	-0,455733	-0,902577
8,630000	-0,439958	-0,886801
8,640000	-0,418926	-0,865767
8,650000	-0,403151	-0,844733
8,660000	-0,376860	-0,828957
8,670000	-0,355828	-0,802664
8,680000	-0,334795	-0,781630
8,690000	-0,313762	-0,760596
8,700000	-0,287472	-0,734303
8,710000	-0,266439	-0,713269
8,720000	-0,240148	-0,692234
8,730000	-0,213857	-0,660683
8,740000	-0,187567	-0,634390
8,750000	-0,161276	-0,613356
8,760000	-0,140243	-0,587063
8,770000	-0,108694	-0,560770
8,780000	-0,087661	-0,534477
8,790000	-0,056113	-0,508185
8,800000	-0,029822	-0,481892
8,810000	0,001727	-0,455599
8,820000	0,028018	-0,424048
8,830000	0,054309	-0,397755
8,840000	0,085858	-0,366203
8,850000	0,117407	-0,339911
8,860000	0,143698	-0,308359
8,870000	0,169988	-0,287325
8,880000	0,201537	-0,255774
8,890000	0,233086	-0,229481
8,900000	0,259377	-0,203188
8,910000	0,285668	-0,176895
8,920000	0,311959	-0,140085
8,930000	0,343508	-0,113792
8,940000	0,369799	-0,082241
8,950000	0,401348	-0,055948
8,960000	0,427638	-0,024397
8,970000	0,453929	0,001896
8,980000	0,485478	0,033447
8,990000	0,506511	0,059740
9,000000	0,538060	0,086033
9,010000	0,564351	0,112326
9,020000	0,590641	0,133360
9,030000	0,616932	0,159653
9,040000	0,637965	0,185946
9,050000	0,664256	0,206980
9,060000	0,690546	0,228014
9,070000	0,711579	0,254307
9,080000	0,732612	0,275341
9,090000	0,753644	0,296375
9,100000	0,774677	0,312151
9,110000	0,800968	0,333185
9,120000	0,816742	0,348961
9,130000	0,832517	0,369995
9,140000	0,848291	0,385771
9,150000	0,869324	0,401547
9,160000	0,879840	0,417322
9,170000	0,895615	0,433098
9,180000	0,911389	0,448874
9,190000	0,921906	0,464649
9,200000	0,937680	0,475167
9,210000	0,948196	0,485684
9,220000	0,963971	0,501459
9,230000	0,974487	0,511976
9,240000	0,985003	0,522494
9,250000	0,990262	0,533011
9,260000	1,000778	0,538269
9,270000	1,006036	0,548786
9,280000	1,006036	0,554045
9,290000	1,016552	0,554045
9,300000	1,021811	0,564562
9,310000	1,027069	0,564562
9,320000	1,027069	0,564562
9,330000	1,032327	0,569821
9,340000	1,027069	0,569821
9,350000	1,027069	0,564562
9,360000	1,021811	0,564562
9,370000	1,016552	0,559304
9,380000	1,016552	0,559304
9,390000	1,011294	0,554045
9,400000	1,006036	0,543528
9,410000	1,000778	0,538269
9,420000	0,990262	0,527752
9,430000	0,985003	0,522494
9,440000	0,974487	0,511976
9,450000	0,963971	0,501459
9,460000	0,948196	0,490942
9,470000	0,937680	0,475167
9,480000	0,921906	0,459391
9,490000	0,906131	0,443615
9,500000	0,890357	0,427839
9,510000	0,874582	0,417322
9,520000	0,858808	0,401547
9,530000	0,843033	0,375254
9,540000	0,822000	0,364737
9,550000	0,806226	0,343702
9,560000	0,779935	0,327927
9,570000	0,758903	0,301634
9,580000	0,737870	0,285858
9,590000	0,716837	0,259565
9,600000	0,690546	0,238531
9,610000	0,669514	0,212238
9,620000	0,643223	0,191204
9,630000	0,616932	0,164911
9,640000	0,595900	0,138619
9,650000	0,569609	0,112326
9,660000	0,538060	0,080774
9,670000	0,517027	0,059740
9,680000	0,490736	0,028189
9,690000	0,464445	0,001896
9,700000	0,432897	-0,029655
9,710000	0,406606	-0,055948
9,720000	0,380315	-0,082241
9,730000	0,354024	-0,108534
9,740000	0,322475	-0,140085
9,750000	0,296184	-0,166378
9,760000	0,264635	-0,197929
9,770000	0,233086	-0,224222
9,780000	0,206796	-0,250515
9,790000	0,180505	-0,282066
9,800000	0,148956	-0,313618
9,810000	0,122665	-0,339911
9,820000	0,096374	-0,371462
9,830000	0,064825	-0,397755
9,840000	0,038534	-0,424048
9,850000	0,012244	-0,455599
9,860000	-0,019305	-0,487150
9,870000	-0,045596	-0,513443
9,880000	-0,077145	-0,544995
9,890000	-0,103436	-0,571287
9,900000	-0,129727	-0,597580
9,910000	-0,156018	-0,629132
9,920000	-0,182308	-0,655424
9,930000	-0,203341	-0,681717
9,940000	-0,229632	-0,708010
9,950000	-0,250664	-0,729044
9,960000	-0,282213	-0,755337
9,970000	-0,303246	-0,776371
9,980000	-0,329537	-0,797406
9,990000	-0,350570	-0,818440
10,000000	-0,371602	-0,839474
10,010000	-0,392635	-0,860508
10,020000	-0,413668	-0,886801
10,030000	-0,429442	-0,897318
10,040000	-0,450475	-0,918353
10,050000	-0,466249	-0,934128
10,060000	-0,482024	-0,949904
10,070000	-0,497798	-0,965680
10,080000	-0,513573	-0,981455
10,090000	-0,534605	-0,997231
10,100000	-0,545122	-1,007748
10,110000	-0,555638	-1,018265
10,120000	-0,566154	-1,028782
10,130000	-0,576671	-1,039299
10,140000	-0,587187	-1,049817
10,150000	-0,597703	-1,055075
10,160000	-0,608219	-1,065592
10,170000	-0,613478	-1,070851
10,180000	-0,623994	-1,076109
10,190000	-0,629252	-1,081368
10,200000	-0,629252	-1,086627
10,210000	-0,639768	-1,091885
10,220000	-0,639768	-1,097144
10,230000	-0,639768	-1,097144
10,240000	-0,639768	-1,097144
10,250000	-0,639768	-1,097144
10,260000	-0,639768	-1,091885
10,270000	-0,634510	-1,091885
10,280000	-0,634510	-1,086627
10,290000	-0,629252	-1,081368
10,300000	-0,623994	-1,076109
10,310000	-0,618736	-1,076109
10,320000	-0,608219	-1,065592
10,330000	-0,602961	-1,060334
10,340000	-0,592445	-1,049817
10,350000	-0,587187	-1,039299
10,360000	-0,571412	-1,028782
10,370000	-0,560896	-1,018265
10,380000	-0,550380	-1,002490
10,390000	-0,539863	-0,991972
10,400000	-0,524089	-0,976197
10,410000	-0,508314	-0,960421
10,420000	-0,492540	-0,939387
10,430000	-0,476765	-0,928870
10,440000	-0,455733	-0,907835
10,450000	-0,439958	-0,892060
10,460000	-0,418926	-0,871025
10,470000	-0,403151	-0,849991
10,480000	-0,382119	-0,828957
10,490000	-0,361086	-0,807923
10,500000	-0,340053	-0,781630
10,510000	-0,313762	-0,760596
10,520000	-0,292730	-0,739561
10,530000	-0,266439	-0,718527
10,540000	-0,245406	-0,692234
10,550000	-0,219116	-0,665942
10,560000	-0,192825	-0,639649
10,570000	-0,171792	-0,618614
10,580000	-0,145501	-0,592322
10,590000	-0,119210	-0,566029
10,600000	-0,087661	-0,539736
10,610000	-0,061371	-0,513443
10,620000	-0,035080	-0,487150
10,630000	-0,008789	-0,455599
10,640000	0,022760	-0,429306
10,650000	0,049051	-0,403013
10,660000	0,080600	-0,371462
10,670000	0,106890	-0,350428
10,680000	0,133181	-0,318876
10,690000	0,164730	-0,292584
10,700000	0,191021	-0,266291
10,710000	0,222570	-0,239998
10,720000	0,254119	-0,208447
10,730000	0,280410	-0,182154
10,740000	0,311959	-0,155861
10,750000	0,338250	-0,124310
10,760000	0,364540	-0,103275
10,770000	0,390831	-0,071724
10,780000	0,417122	-0,045431
10,790000	0,448671	-0,019138
10,800000	0,480220	0,017672
10,810000	0,506511	0,043964
10,820000	0,532802	0,075516
10,830000	0,564351	0,096550
10,840000	0,585383	0,122843
10,850000	0,606416	0,149136
10,860000	0,632707	0,175428
10,870000	0,658997	0,196463
10,880000	0,680030	0,222756
10,890000	0,706321	0,243790
10,900000	0,727354	0,270083
10,910000	0,748386	0,291117
10,920000	0,769419	0,306893
10,930000	0,790451	0,327927
10,940000	0,811484	0,354220
10,950000	0,832517	0,369995
10,960000	0,848291	0,385771
10,970000	0,869324	0,406805
10,980000	0,879840	0,422581
10,990000	0,895615	0,433098
11,000000	0,911389	0,454132
11,010000	0,927164	0,464649
11,020000	0,937680	0,475167
11,030000	0,953455	0,490942
11,040000	0,963971	0,501459
11,050000	0,974487	0,511976
11,060000	0,985003	0,517235
11,070000	0,990262	0,527752
11,080000	1,000778	0,533011
11,090000	1,006036	0,533011
11,100000	1,011294	0,538269
11,110000	1,016552	0,548786
11,120000	1,021811	0,548786
11,130000	1,021811	0,554045
11,140000	1,021811	0,559304
11,150000	1,027069	0,559304
11,160000	1,027069	0,554045
11,170000	1,021811	0,554045
11,180000	1,016552	0,554045
11,190000	1,021811	0,554045
11,200000	1,011294	0,548786
11,210000	1,011294	0,543528
11,220000	1,000778	0,533011
11,230000	0,990262	0,527752
11,240000	0,985003	0,522494
11,250000	0,974487	0,506718
11,260000	0,963971	0,501459
11,270000	0,953455	0,496201
11,280000	0,942938	0,485684
11,290000	0,927164	0,469908
11,300000	0,916647	0,459391
11,310000	0,900873	0,443615
11,320000	0,890357	0,427839
11,330000	0,869324	0,412064
11,340000	0,853549	0,396288
11,350000	0,837775	0,375254
11,360000	0,816742	0,359478
11,370000	0,795710	0,338444
11,380000	0,779935	0,317410
11,390000	0,758903	0,296375
11,400000	0,732612	0,270083
11,410000	0,711579	0,254307
11,420000	0,690546	0,228014
11,430000	0,664256	0,201721
11,440000	0,643223	0,180687
11,450000	0,616932	0,154394
11,460000	0,590641	0,128101
11,470000	0,564351	0,101809
11,480000	0,543318	0,080774
11,490000	0,517027	0,049223
11,500000	0,490736	0,022930
11,510000	0,464445	-0,008621
11,520000	0,432897	-0,034914
11,530000	0,406606	-0,061207
11,540000	0,380315	-0,092758
11,550000	0,348766	-0,119051
11,560000	0,322475	-0,145344
11,570000	0,290926	-0,176895
11,580000	0,264635	-0,203188
11,590000	0,238345	-0,234739
11,600000	0,206796	-0,255774
11,610000	0,180505	-0,287325
11,620000	0,154214	-0,313618
11,630000	0,122665	-0,345169
11,640000	0,096374	-0,371462
11,650000	0,064825	-0,403013
11,660000	0,038534	-0,429306
11,670000	0,012244	-0,455599
11,680000	-0,019305	-0,487150
11,690000	-0,045596	-0,513443
11,700000	-0,077145	-0,539736
11,710000	-0,103436	-0,566029
11,720000	-0,129727	-0,592322
11,730000	-0,156018	-0,613356
11,740000	-0,182308	-0,639649
11,750000	-0,208599	-0,665942
11,760000	-0,234890	-0,686976
11,770000	-0,255923	-0,713269
11,780000	-0,282213	-0,729044
11,790000	-0,303246	-0,755337
11,800000	-0,324279	-0,776371
11,810000	-0,350570	-0,797406
11,820000	-0,371602	-0,813181
11,830000	-0,392635	-0,839474
11,840000	-0,413668	-0,855250
11,850000	-0,429442	-0,876284
11,860000	-0,445216	-0,892060
11,870000	-0,466249	-0,907835
11,880000	-0,482024	-0,923611
11,890000	-0,503056	-0,944645
11,900000	-0,518831	-0,960421
11,910000	-0,529347	-0,976197
11,920000	-0,545122	-0,986714
11,930000	-0,555638	-1,002490
11,940000	-0,571412	-1,018265
11,950000	-0,581929	-1,028782
11,960000	-0,592445	-1,034041
11,970000	-0,602961	-1,049817
11,980000	-0,608219	-1,055075
11,990000	-0,618736	-1,065592
12,000000	-0,629252	-1,070851
12,010000	-0,629252	-1,081368
12,020000	-0,634510	-1,081368
12,030000	-0,639768	-1,086627
12,040000	-0,639768	-1,086627
12,050000	-0,645027	-1,091885
12,060000	-0,639768	-1,086627
12,070000	-0,639768	-1,086627
12,080000	-0,639768	-1,086627
12,090000	-0,639768	-1,076109
12,100000	-0,634510	-1,076109
12,110000	-0,629252	-1,070851
12,120000	-0,623994	-1,065592
12,130000	-0,618736	-1,060334
12,140000	-0,613478	-1,055075
12,150000	-0,602961	-1,049817
12,160000	-0,592445	-1,039299
12,170000	-0,581929	-1,028782
12,180000	-0,571412	-1,018265
12,190000	-0,560896	-1,007748
12,200000	-0,550380	-0,991972
12,210000	-0,534605	-0,981455
12,220000	-0,518831	-0,965680
12,230000	-0,508314	-0,960421
12,240000	-0,492540	-0,939387
12,250000	-0,471507	-0,928870
12,260000	-0,455733	-0,907835
12,270000	-0,439958	-0,892060
12,280000	-0,418926	-0,876284
12,290000	-0,403151	-0,860508
12,300000	-0,382119	-0,839474
12,310000	-0,361086	-0,818440
12,320000	-0,334795	-0,797406
12,330000	-0,313762	-0,771113
12,340000	-0,287472	-0,755337
12,350000	-0,266439	-0,729044
12,360000	-0,245406	-0,708010
12,370000	-0,219116	-0,681717
12,380000	-0,192825	-0,655424
12,390000	-0,166534	-0,629132
12,400000	-0,140243	-0,608097
12,410000	-0,113952	-0,581805
12,420000	-0,087661	-0,555512
12,430000	-0,061371	-0,523960
12,440000	-0,029822	-0,497668
12,450000	0,001727	-0,471375
12,460000	0,022760	-0,439823
12,470000	0,054309	-0,408272
12,480000	0,085858	-0,381979
12,490000	0,112149	-0,350428
12,500000	0,138439	-0,318876
12,510000	0,164730	-0,292584
12,520000	0,196279	-0,261032
12,530000	0,227828	-0,234739
12,540000	0,254119	-0,208447
12,550000	0,280410	-0,176895
12,560000	0,311959	-0,150602
12,570000	0,338250	-0,124310
12,580000	0,369799	-0,098017
12,590000	0,396089	-0,071724
12,600000	0,422380	-0,045431
12,610000	0,453929	-0,019138
12,620000	0,480220	0,012413
12,630000	0,506511	0,038706
12,640000	0,527543	0,064999
12,650000	0,559092	0,086033
12,660000	0,580125	0,112326
12,670000	0,606416	0,138619
12,680000	0,627448	0,159653
12,690000	0,658997	0,180687
12,700000	0,680030	0,206980
12,710000	0,701063	0,228014
12,720000	0,727354	0,249048
12,730000	0,743128	0,270083
12,740000	0,769419	0,291117
12,750000	0,785193	0,306893
12,760000	0,806226	0,327927
12,770000	0,827259	0,348961
12,780000	0,843033	0,364737
12,790000	0,864066	0,380512
12,800000	0,879840	0,396288
12,810000	0,895615	0,417322
12,820000	0,906131	0,433098
12,830000	0,921906	0,448874
12,840000	0,937680	0,459391
12,850000	0,948196	0,469908
12,860000	0,958713	0,480425
12,870000	0,969229	0,490942
12,880000	0,979745	0,501459
12,890000	0,985003	0,511976
12,900000	0,995520	0,522494
12,910000	1,000778	0,527752
12,920000	1,000778	0,533011
12,930000	1,011294	0,538269
12,940000	1,011294	0,543528
12,950000	1,016552	0,543528
12,960000	1,016552	0,548786
12,970000	1,016552	0,548786
12,980000	1,021811	0,548786
12,990000	1,016552	0,548786
13,000000	1,016552	0,548786
13,010000	1,011294	0,543528
13,020000	1,011294	0,538269
13,030000	1,006036	0,533011
13,040000	1,000778	0,527752
13,050000	0,995520	0,522494
13,060000	0,985003	0,517235
13,070000	0,974487	0,506718
13,080000	0,963971	0,490942
13,090000	0,958713	0,485684
13,100000	0,942938	0,475167
13,110000	0,932422	0,459391
13,120000	0,916647	0,448874
13,130000	0,906131	0,427839
13,140000	0,890357	0,417322
13,150000	0,874582	0,401547
13,160000	0,853549	0,380512
13,170000	0,837775	0,364737
13,180000	0,816742	0,343702
13,190000	0,795710	0,327927
13,200000	0,779935	0,306893
13,210000	0,758903	0,285858
13,220000	0,737870	0,264824
13,230000	0,716837	0,243790
13,240000	0,690546	0,222756
13,250000	0,664256	0,201721
13,260000	0,643223	0,175428
13,270000	0,616932	0,149136
13,280000	0,595900	0,122843
13,290000	0,569609	0,096550
13,300000	0,543318	0,070257
13,310000	0,517027	0,043964
13,320000	0,485478	0,017672
13,330000	0,464445	-0,013880
13,340000	0,438155	-0,040173
13,350000	0,406606	-0,066465
13,360000	0,380315	-0,092758
13,370000	0,354024	-0,124310
13,380000	0,322475	-0,145344
13,390000	0,296184	-0,176895
13,400000	0,264635	-0,203188
13,410000	0,238345	-0,229481
13,420000	0,212054	-0,261032
13,430000	0,185763	-0,292584
13,440000	0,154214	-0,318876
13,450000	0,127923	-0,350428
13,460000	0,096374	-0,376721
13,470000	0,070083	-0,403013
13,480000	0,038534	-0,434565
13,490000	0,012244	-0,460858
13,500000	-0,019305	-0,487150
13,510000	-0,050854	-0,518702
13,520000	-0,077145	-0,544995
13,530000	-0,103436	-0,571287
13,540000	-0,129727	-0,597580
13,550000	-0,161276	-0,623873
13,560000	-0,182308	-0,650166
13,570000	-0,208599	-0,676459
13,580000	-0,234890	-0,702751
13,590000	-0,261181	-0,723786
13,600000	-0,282213	-0,750079
13,610000	-0,303246	-0,771113
13,620000	-0,324279	-0,797406
13,630000	-0,350570	-0,813181
13,640000	-0,366344	-0,834216
13,650000	-0,392635	-0,849991
13,660000	-0,413668	-0,876284
13,670000	-0,429442	-0,892060
13,680000	-0,450475	-0,907835
13,690000	-0,471507	-0,928870
13,700000	-0,487282	-0,944645
13,710000	-0,503056	-0,965680
13,720000	-0,518831	-0,981455
13,730000	-0,529347	-0,991972
13,740000	-0,545122	-1,002490
13,750000	-0,555638	-1,018265
13,760000	-0,571412	-1,028782
13,770000	-0,576671	-1,039299
13,780000	-0,592445	-1,044558
13,790000	-0,597703	-1,055075
13,800000	-0,613478	-1,065592
13,810000	-0,618736	-1,070851
13,820000	-0,618736	-1,076109
13,830000	-0,629252	-1,081368
13,840000	-0,629252	-1,086627
13,850000	-0,634510	-1,091885
13,860000	-0,634510	-1,097144
13,870000	-0,639768	-1,097144
13,880000	-0,639768	-1,097144
13,890000	-0,639768	-1,097144
13,900000	-0,639768	-1,097144
13,910000	-0,634510	-1,097144
13,920000	-0,629252	-1,097144
13,930000	-0,623994	-1,091885
13,940000	-0,623994	-1,086627
13,950000	-0,618736	-1,081368
13,960000	-0,608219	-1,076109
13,970000	-0,597703	-1,065592
13,980000	-0,592445	-1,060334
13,990000	-0,576671	-1,049817
14,000000	-0,566154	-1,039299
14,010000	-0,555638	-1,028782
14,020000	-0,539863	-1,018265
14,030000	-0,529347	-1,002490
14,040000	-0,513573	-0,986714
14,050000	-0,503056	-0,970938
14,060000	-0,482024	-0,955162
14,070000	-0,471507	-0,939387
14,080000	-0,450475	-0,918353
14,090000	-0,429442	-0,902577
14,100000	-0,413668	-0,886801
14,110000	-0,392635	-0,860508
14,120000	-0,371602	-0,839474
14,130000	-0,355828	-0,818440
14,140000	-0,329537	-0,797406
14,150000	-0,308504	-0,771113
14,160000	-0,287472	-0,750079
14,170000	-0,261181	-0,729044
14,180000	-0,240148	-0,702751
14,190000	-0,213857	-0,681717
14,200000	-0,187567	-0,655424
14,210000	-0,161276	-0,629132
14,220000	-0,134985	-0,602839
14,230000	-0,108694	-0,576546
14,240000	-0,082403	-0,550253
14,250000	-0,056113	-0,523960
14,260000	-0,029822	-0,497668
14,270000	0,001727	-0,471375
14,280000	0,028018	-0,439823
14,290000	0,054309	-0,413531
14,300000	0,080600	-0,387238
14,310000	0,112149	-0,355686
14,320000	0,138439	-0,329394
14,330000	0,169988	-0,297842
14,340000	0,196279	-0,276808
14,350000	0,222570	-0,245257
14,360000	0,254119	-0,213705
14,370000	0,285668	-0,187412
14,380000	0,311959	-0,161120
14,390000	0,338250	-0,129568
14,400000	0,369799	-0,103275
14,410000	0,396089	-0,076983
14,420000	0,422380	-0,050690
14,430000	0,448671	-0,024397
14,440000	0,474962	0,012413
14,450000	0,501253	0,038706
14,460000	0,527543	0,064999
14,470000	0,553834	0,086033
14,480000	0,580125	0,112326
14,490000	0,606416	0,138619
14,500000	0,627448	0,159653
14,510000	0,653739	0,185946
14,520000	0,680030	0,206980
14,530000	0,706321	0,228014
14,540000	0,722095	0,249048
14,550000	0,748386	0,275341
14,560000	0,769419	0,296375
14,570000	0,790451	0,312151
14,580000	0,806226	0,333185
14,590000	0,827259	0,354220
14,600000	0,843033	0,369995
14,610000	0,858808	0,391030
14,620000	0,874582	0,406805
14,630000	0,890357	0,422581
14,640000	0,906131	0,438357
14,650000	0,921906	0,454132
14,660000	0,932422	0,464649
14,670000	0,948196	0,480425
14,680000	0,958713	0,490942
14,690000	0,969229	0,496201
14,700000	0,979745	0,511976
14,710000	0,990262	0,522494
14,720000	0,995520	0,522494
14,730000	1,000778	0,538269
14,740000	1,006036	0,538269
14,750000	1,011294	0,543528
14,760000	1,011294	0,548786
14,770000	1,021811	0,548786
14,780000	1,021811	0,548786
14,790000	1,021811	0,554045
14,800000	1,021811	0,548786
14,810000	1,021811	0,543528
14,820000	1,021811	0,538269
14,830000	1,016552	0,533011
14,840000	1,016552	0,527752
14,850000	1,006036	0,522494
14,860000	1,006036	0,517235
14,870000	0,995520	0,511976
14,880000	0,990262	0,496201
14,890000	0,974487	0,490942
14,900000	0,969229	0,485684
14,910000	0,958713	0,469908
14,920000	0,942938	0,459391
14,930000	0,932422	0,448874
14,940000	0,921906	0,433098
14,950000	0,906131	0,417322
14,960000	0,885098	0,401547
14,970000	0,874582	0,385771
14,980000	0,853549	0,369995
14,990000	0,832517	0,354220
15,000000	0,816742	0,333185
15,010000	0,800968	0,317410
15,020000	0,779935	0,296375
15,030000	0,758903	0,275341
15,040000	0,737870	0,259565
15,050000	0,711579	0,238531
15,060000	0,695805	0,212238
15,070000	0,664256	0,191204
15,080000	0,643223	0,164911
15,090000	0,616932	0,143877
15,100000	0,590641	0,117584
15,110000	0,569609	0,096550
15,120000	0,543318	0,064999
15,130000	0,511769	0,038706
15,140000	0,485478	0,017672
15,150000	0,464445	-0,013880
15,160000	0,432897	-0,040173
15,170000	0,406606	-0,066465
15,180000	0,375057	-0,092758
15,190000	0,348766	-0,124310
15,200000	0,322475	-0,150602
15,210000	0,290926	-0,182154
15,220000	0,264635	-0,208447
15,230000	0,238345	-0,234739
15,240000	0,206796	-0,266291
15,250000	0,180505	-0,292584
15,260000	0,148956	-0,318876
15,270000	0,122665	-0,350428
15,280000	0,096374	-0,376721
15,290000	0,064825	-0,408272
15,300000	0,038534	-0,434565
15,310000	0,012244	-0,466116
15,320000	-0,019305	-0,492409
15,330000	-0,045596	-0,518702
15,340000	-0,071887	-0,544995
15,350000	-0,098178	-0,571287
15,360000	-0,124469	-0,597580
15,370000	-0,156018	-0,623873
15,380000	-0,177050	-0,644907
15,390000	-0,203341	-0,676459
15,400000	-0,224374	-0,702751
15,410000	-0,250664	-0,723786
15,420000	-0,271697	-0,744820
15,430000	-0,292730	-0,771113
15,440000	-0,313762	-0,786888
15,450000	-0,340053	-0,807923
15,460000	-0,361086	-0,828957
15,470000	-0,382119	-0,855250
15,480000	-0,403151	-0,871025
15,490000	-0,418926	-0,892060
15,500000	-0,439958	-0,913094
15,510000	-0,455733	-0,923611
15,520000	-0,471507	-0,939387
15,530000	-0,487282	-0,955162
15,540000	-0,503056	-0,970938
15,550000	-0,518831	-0,981455
15,560000	-0,534605	-0,997231
15,570000	-0,545122	-1,013007
15,580000	-0,560896	-1,023524
15,590000	-0,571412	-1,039299
15,600000	-0,581929	-1,049817
15,610000	-0,592445	-1,055075
15,620000	-0,597703	-1,065592
15,630000	-0,602961	-1,070851
15,640000	-0,613478	-1,076109
15,650000	-0,618736	-1,081368
15,660000	-0,623994	-1,086627
15,670000	-0,623994	-1,091885
15,680000	-0,629252	-1,097144
15,690000	-0,634510	-1,097144
15,700000	-0,634510	-1,102402
15,710000	-0,629252	-1,097144
15,720000	-0,629252	-1,097144
15,730000	-0,629252	-1,097144
15,740000	-0,623994	-1,091885
15,750000	-0,618736	-1,086627
15,760000	-0,613478	-1,086627
15,770000	-0,608219	-1,081368
15,780000	-0,597703	-1,070851
15,790000	-0,592445	-1,065592
15,800000	-0,587187	-1,055075
15,810000	-0,571412	-1,044558
15,820000	-0,566154	-1,028782
15,830000	-0,555638	-1,018265
15,840000	-0,545122	-1,002490
15,850000	-0,529347	-0,991972
15,860000	-0,513573	-0,976197
15,870000	-0,497798	-0,960421
15,880000	-0,487282	-0,944645
15,890000	-0,471507	-0,934128
15,900000	-0,455733	-0,918353
15,910000	-0,434700	-0,897318
15,920000	-0,413668	-0,881543
15,930000	-0,392635	-0,865767
15,940000	-0,376860	-0,844733
15,950000	-0,355828	-0,823698
15,960000	-0,334795	-0,802664
15,970000	-0,313762	-0,781630
15,980000	-0,287472	-0,755337
15,990000	-0,266439	-0,734303
16,000000	-0,240148	-0,713269
16,010000	-0,213857	-0,686976
16,020000	-0,187567	-0,665942
16,030000	-0,166534	-0,639649
16,040000	-0,140243	-0,613356
16,050000	-0,113952	-0,592322
16,060000	-0,082403	-0,560770
16,070000	-0,061371	-0,534477
16,080000	-0,029822	-0,508185
16,090000	-0,003531	-0,476633
16,100000	0,022760	-0,450340
16,110000	0,054309	-0,424048
16,120000	0,080600	-0,397755
16,130000	0,112149	-0,366203
16,140000	0,138439	-0,339911
16,150000	0,164730	-0,313618
16,160000	0,191021	-0,282066
16,170000	0,222570	-0,255774
16,180000	0,254119	-0,224222
16,190000	0,280410	-0,197929
16,200000	0,306701	-0,171637
16,210000	0,332991	-0,140085
16,220000	0,364540	-0,113792
16,230000	0,390831	-0,082241
16,240000	0,417122	-0,055948
16,250000	0,443413	-0,029655
16,260000	0,469704	0,001896
16,270000	0,501253	0,022930
16,280000	0,522285	0,049223
16,290000	0,548576	0,075516
16,300000	0,574867	0,101809
16,310000	0,601158	0,128101
16,320000	0,627448	0,149136
16,330000	0,648481	0,170170
16,340000	0,674772	0,196463
16,350000	0,695805	0,222756
16,360000	0,716837	0,243790
16,370000	0,743128	0,264824
16,380000	0,758903	0,291117
16,390000	0,785193	0,312151
16,400000	0,800968	0,327927
16,410000	0,822000	0,348961
16,420000	0,837775	0,364737
16,430000	0,858808	0,385771
16,440000	0,874582	0,401547
16,450000	0,890357	0,417322
16,460000	0,906131	0,433098
16,470000	0,916647	0,443615
16,480000	0,932422	0,459391
16,490000	0,942938	0,469908
16,500000	0,948196	0,480425
16,510000	0,963971	0,496201
16,520000	0,974487	0,501459
16,530000	0,985003	0,511976
16,540000	0,990262	0,517235
16,550000	0,995520	0,522494
16,560000	1,006036	0,533011
16,570000	1,006036	0,538269
16,580000	1,016552	0,538269
16,590000	1,016552	0,543528
16,600000	1,016552	0,543528
16,610000	1,021811	0,543528
16,620000	1,016552	0,543528
16,630000	1,016552	0,543528
16,640000	1,016552	0,543528
16,650000	1,011294	0,538269
16,660000	1,011294	0,538269
16,670000	1,006036	0,533011
16,680000	0,995520	0,527752
16,690000	0,990262	0,522494
16,700000	0,979745	0,511976
16,710000	0,969229	0,506718
16,720000	0,958713	0,496201
16,730000	0,953455	0,480425
16,740000	0,937680	0,469908
16,750000	0,927164	0,454132
16,760000	0,911389	0,438357
16,770000	0,895615	0,427839
16,780000	0,885098	0,412064
16,790000	0,864066	0,396288
16,800000	0,843033	0,380512
16,810000	0,832517	0,359478
16,820000	0,811484	0,343702
16,830000	0,790451	0,322668
16,840000	0,769419	0,306893
16,850000	0,753644	0,280600
16,860000	0,732612	0,264824
16,870000	0,711579	0,238531
16,880000	0,685288	0,217497
16,890000	0,664256	0,201721
16,900000	0,643223	0,175428
16,910000	0,616932	0,149136
16,920000	0,590641	0,122843
16,930000	0,564351	0,096550
16,940000	0,543318	0,070257
16,950000	0,517027	0,043964
16,960000	0,490736	0,017672
16,970000	0,459187	-0,013880
16,980000	0,432897	-0,045431
16,990000	0,406606	-0,071724
17,000000	0,380315	-0,103275
17,010000	0,348766	-0,129568
17,020000	0,327733	-0,161120
17,030000	0,296184	-0,187412
17,040000	0,269894	-0,213705
17,050000	0,238345	-0,245257
17,060000	0,212054	-0,266291
17,070000	0,185763	-0,297842
17,080000	0,159472	-0,324135
17,090000	0,127923	-0,355686
17,100000	0,096374	-0,381979
17,110000	0,070083	-0,408272
17,120000	0,043793	-0,434565
17,130000	0,012244	-0,466116
17,140000	-0,014047	-0,492409
17,150000	-0,040338	-0,518702
17,160000	-0,071887	-0,550253
17,170000	-0,098178	-0,571287
17,180000	-0,119210	-0,597580
17,190000	-0,145501	-0,623873
17,200000	-0,177050	-0,650166
17,210000	-0,203341	-0,676459
17,220000	-0,224374	-0,702751
17,230000	-0,250664	-0,729044
17,240000	-0,271697	-0,750079
17,250000	-0,297988	-0,776371
17,260000	-0,319021	-0,797406
17,270000	-0,340053	-0,823698
17,280000	-0,361086	-0,844733
17,290000	-0,382119	-0,865767
17,300000	-0,397893	-0,886801
17,310000	-0,418926	-0,907835
17,320000	-0,439958	-0,923611
17,330000	-0,455733	-0,944645
17,340000	-0,471507	-0,960421
17,350000	-0,487282	-0,981455
17,360000	-0,503056	-0,997231
17,370000	-0,518831	-1,007748
17,380000	-0,534605	-1,018265
17,390000	-0,545122	-1,034041
17,400000	-0,555638	-1,044558
17,410000	-0,571412	-1,055075
17,420000	-0,576671	-1,065592
17,430000	-0,592445	-1,070851
17,440000	-0,597703	-1,081368
17,450000	-0,602961	-1,086627
17,460000	-0,613478	-1,091885
17,470000	-0,618736	-1,102402
17,480000	-0,623994	-1,107661
17,490000	-0,623994	-1,112919
17,500000	-0,623994	-1,118178
17,510000	-0,629252	-1,123436
17,520000	-0,629252	-1,123436
17,530000	-0,629252	-1,128695
17,540000	-0,629252	-1,128695
17,550000	-0,623994	-1,123436
17,560000	-0,618736	-1,118178
17,570000	-0,618736	-1,112919
17,580000	-0,613478	-1,107661
17,590000	-0,608219	-1,102402
17,600000	-0,602961	-1,091885
17,610000	-0,597703	-1,081368
17,620000	-0,587187	-1,076109
17,630000	-0,576671	-1,060334
17,640000	-0,566154	-1,055075
17,650000	-0,555638	-1,044558
17,660000	-0,545122	-1,034041
17,670000	-0,529347	-1,018265
17,680000	-0,513573	-1,007748
17,690000	-0,508314	-0,991972
17,700000	-0,487282	-0,970938
17,710000	-0,471507	-0,960421
17,720000	-0,455733	-0,939387
17,730000	-0,434700	-0,923611
17,740000	-0,418926	-0,907835
17,750000	-0,397893	-0,886801
17,760000	-0,376860	-0,865767
17,770000	-0,355828	-0,844733
17,780000	-0,334795	-0,823698
17,790000	-0,313762	-0,802664
17,800000	-0,292730	-0,786888
17,810000	-0,271697	-0,760596
17,820000	-0,250664	-0,734303
17,830000	-0,224374	-0,713269
17,840000	-0,198083	-0,686976
17,850000	-0,171792	-0,660683
17,860000	-0,150759	-0,634390
17,870000	-0,124469	-0,608097
17,880000	-0,092920	-0,581805
17,890000	-0,066629	-0,555512
17,900000	-0,040338	-0,523960
17,910000	-0,014047	-0,497668
17,920000	0,017502	-0,466116
17,930000	0,043793	-0,439823
17,940000	0,075342	-0,413531
17,950000	0,101632	-0,387238
17,960000	0,133181	-0,355686
17,970000	0,159472	-0,329394
17,980000	0,185763	-0,297842
17,990000	0,217312	-0,271549
18,000000	0,243603	-0,245257
18,010000	0,275152	-0,213705
18,020000	0,301442	-0,187412
18,030000	0,332991	-0,155861
18,040000	0,359282	-0,129568
18,050000	0,385573	-0,103275
18,060000	0,411864	-0,071724
18,070000	0,438155	-0,045431
18,080000	0,464445	-0,019138
18,090000	0,490736	0,012413
18,100000	0,522285	0,038706
18,110000	0,548576	0,064999
18,120000	0,569609	0,091291
18,130000	0,595900	0,117584
18,140000	0,616932	0,143877
18,150000	0,643223	0,170170
18,160000	0,669514	0,191204
18,170000	0,690546	0,217497
18,180000	0,716837	0,243790
18,190000	0,737870	0,264824
18,200000	0,758903	0,291117
18,210000	0,774677	0,306893
18,220000	0,795710	0,333185
18,230000	0,816742	0,348961
18,240000	0,832517	0,369995
18,250000	0,853549	0,391030
18,260000	0,869324	0,406805
18,270000	0,885098	0,422581
18,280000	0,895615	0,438357
18,290000	0,911389	0,454132
18,300000	0,927164	0,464649
18,310000	0,937680	0,475167
18,320000	0,948196	0,485684
18,330000	0,958713	0,496201
18,340000	0,969229	0,506718
18,350000	0,979745	0,517235
18,360000	0,985003	0,522494
18,370000	0,995520	0,527752
18,380000	1,000778	0,533011
18,390000	1,006036	0,538269
18,400000	1,011294	0,543528
18,410000	1,011294	0,548786
18,420000	1,016552	0,548786
18,430000	1,016552	0,554045
18,440000	1,016552	0,554045
18,450000	1,016552	0,554045
18,460000	1,016552	0,554045
18,470000	1,011294	0,548786
18,480000	1,006036	0,543528
18,490000	1,000778	0,538269
18,500000	0,995520	0,533011
18,510000	0,990262	0,527752
18,520000	0,979745	0,522494
18,530000	0,969229	0,511976
18,540000	0,958713	0,501459
18,550000	0,948196	0,490942
18,560000	0,937680	0,475167
18,570000	0,921906	0,459391
18,580000	0,911389	0,448874
18,590000	0,895615	0,438357
18,600000	0,885098	0,422581
18,610000	0,869324	0,412064
18,620000	0,848291	0,391030
18,630000	0,832517	0,375254
18,640000	0,816742	0,359478
18,650000	0,795710	0,338444
18,660000	0,779935	0,322668
18,670000	0,758903	0,306893
18,680000	0,732612	0,285858
18,690000	0,711579	0,259565
18,700000	0,690546	0,243790
18,710000	0,664256	0,217497
18,720000	0,643223	0,196463
18,730000	0,616932	0,170170
18,740000	0,595900	0,143877
18,750000	0,569609	0,122843
18,760000	0,543318	0,096550
18,770000	0,522285	0,070257
18,780000	0,490736	0,043964
18,790000	0,464445	0,012413
18,800000	0,443413	-0,019138
18,810000	0,411864	-0,045431
18,820000	0,385573	-0,071724
18,830000	0,359282	-0,103275
18,840000	0,327733	-0,134827
18,850000	0,306701	-0,161120
18,860000	0,275152	-0,187412
18,870000	0,248861	-0,213705
18,880000	0,222570	-0,239998
18,890000	0,185763	-0,271549
18,900000	0,159472	-0,297842
18,910000	0,133181	-0,329394
18,920000	0,101632	-0,360945
18,930000	0,075342	-0,387238
18,940000	0,049051	-0,408272
18,950000	0,017502	-0,439823
18,960000	-0,014047	-0,466116
18,970000	-0,045596	-0,497668
18,980000	-0,066629	-0,523960
18,990000	-0,092920	-0,555512
19,000000	-0,119210	-0,581805
19,010000	-0,145501	-0,608097
19,020000	-0,171792	-0,629132
19,030000	-0,192825	-0,655424
19,040000	-0,219116	-0,681717
19,050000	-0,240148	-0,702751
19,060000	-0,266439	-0,729044
19,070000	-0,287472	-0,755337
19,080000	-0,313762	-0,776371
19,090000	-0,334795	-0,797406
19,100000	-0,355828	-0,818440
19,110000	-0,376860	-0,839474
19,120000	-0,397893	-0,860508
19,130000	-0,418926	-0,881543
19,140000	-0,434700	-0,902577
19,150000	-0,455733	-0,923611
19,160000	-0,476765	-0,944645
19,170000	-0,487282	-0,955162
19,180000	-0,503056	-0,976197
19,190000	-0,518831	-0,986714
19,200000	-0,534605	-1,002490
19,210000	-0,545122	-1,018265
19,220000	-0,560896	-1,028782
19,230000	-0,566154	-1,034041
19,240000	-0,576671	-1,049817
19,250000	-0,587187	-1,060334
19,260000	-0,597703	-1,070851
19,270000	-0,608219	-1,076109
19,280000	-0,608219	-1,081368
19,290000	-0,618736	-1,086627
19,300000	-0,618736	-1,097144
19,310000	-0,623994	-1,097144
19,320000	-0,623994	-1,097144
19,330000	-0,629252	-1,102402
19,340000	-0,623994	-1,102402
19,350000	-0,629252	-1,102402
19,360000	-0,623994	-1,097144
19,370000	-0,623994	-1,097144
19,380000	-0,623994	-1,097144
19,390000	-0,613478	-1,091885
19,400000	-0,613478	-1,081368
19,410000	-0,608219	-1,076109
19,420000	-0,597703	-1,076109
19,430000	-0,592445	-1,065592
19,440000	-0,581929	-1,060334
19,450000	-0,576671	-1,049817
19,460000	-0,560896	-1,044558
19,470000	-0,555638	-1,039299
19,480000	-0,539863	-1,023524
19,490000	-0,529347	-1,013007
19,500000	-0,513573	-1,002490
19,510000	-0,497798	-0,986714
19,520000	-0,482024	-0,976197
19,530000	-0,466249	-0,955162
19,540000	-0,450475	-0,939387
19,550000	-0,429442	-0,923611
19,560000	-0,413668	-0,902577
19,570000	-0,397893	-0,886801
19,580000	-0,376860	-0,860508
19,590000	-0,355828	-0,844733
19,600000	-0,334795	-0,818440
19,610000	-0,313762	-0,797406
19,620000	-0,287472	-0,776371
19,630000	-0,266439	-0,755337
19,640000	-0,245406	-0,729044
19,650000	-0,219116	-0,702751
19,660000	-0,192825	-0,681717
19,670000	-0,171792	-0,655424
19,680000	-0,140243	-0,629132
19,690000	-0,119210	-0,608097
19,700000	-0,092920	-0,576546
19,710000	-0,066629	-0,550253
19,720000	-0,040338	-0,523960
19,730000	-0,014047	-0,492409
19,740000	0,017502	-0,466116
19,750000	0,043793	-0,439823
19,760000	0,075342	-0,408272
19,770000	0,106890	-0,381979
19,780000	0,133181	-0,350428
19,790000	0,159472	-0,324135
19,800000	0,191021	-0,292584
19,810000	0,217312	-0,266291
19,820000	0,243603	-0,234739
19,830000	0,275152	-0,208447
19,840000	0,301442	-0,182154
19,850000	0,327733	-0,150602
19,860000	0,354024	-0,124310
19,870000	0,385573	-0,098017
19,880000	0,411864	-0,071724
19,890000	0,438155	-0,045431
19,900000	0,469704	-0,019138
19,910000	0,490736	0,012413
19,920000	0,517027	0,038706
19,930000	0,543318	0,059740
19,940000	0,569609	0,091291
19,950000	0,590641	0,112326
19,960000	0,616932	0,138619
19,970000	0,643223	0,164911
19,980000	0,664256	0,185946
19,990000	0,690546	0,212238
