t (s)	U1(V)	U2(V)
0,000000	-0,424184	-1,055075
0,010000	-0,403151	-1,034041
0,020000	-0,382119	-1,018265
0,030000	-0,361086	-0,991972
0,040000	-0,334795	-0,970938
0,050000	-0,313762	-0,949904
0,060000	-0,287472	-0,923611
0,070000	-0,261181	-0,902577
0,080000	-0,234890	-0,876284
0,090000	-0,208599	-0,855250
0,100000	-0,182308	-0,828957
0,110000	-0,156018	-0,797406
0,120000	-0,129727	-0,776371
0,130000	-0,098178	-0,744820
0,140000	-0,066629	-0,718527
0,150000	-0,040338	-0,692234
0,160000	-0,008789	-0,665942
0,170000	0,022760	-0,634390
0,180000	0,054309	-0,608097
0,190000	0,080600	-0,576546
0,200000	0,112149	-0,550253
0,210000	0,143698	-0,518702
0,220000	0,175247	-0,487150
0,230000	0,206796	-0,460858
0,240000	0,233086	-0,429306
0,250000	0,264635	-0,397755
0,260000	0,296184	-0,371462
0,270000	0,332991	-0,339911
0,280000	0,359282	-0,313618
0,290000	0,390831	-0,282066
0,300000	0,422380	-0,250515
0,310000	0,453929	-0,218964
0,320000	0,485478	-0,192671
0,330000	0,517027	-0,161120
0,340000	0,548576	-0,129568
0,350000	0,574867	-0,098017
0,360000	0,606416	-0,071724
0,370000	0,632707	-0,040173
0,380000	0,658997	-0,008621
0,390000	0,690546	0,017672
0,400000	0,716837	0,049223
0,410000	0,743128	0,070257
0,420000	0,769419	0,101809
0,430000	0,790451	0,122843
0,440000	0,822000	0,149136
0,450000	0,843033	0,175428
0,460000	0,864066	0,201721
0,470000	0,890357	0,222756
0,480000	0,911389	0,243790
0,490000	0,932422	0,264824
0,500000	0,953455	0,291117
0,510000	0,974487	0,306893
0,520000	0,990262	0,322668
0,530000	1,006036	0,343702
0,540000	1,021811	0,364737
0,550000	1,037585	0,375254
0,560000	1,053360	0,391030
0,570000	1,069134	0,412064
0,580000	1,079650	0,422581
0,590000	1,090167	0,443615
0,600000	1,100683	0,454132
0,610000	1,111199	0,464649
0,620000	1,116458	0,469908
0,630000	1,126974	0,480425
0,640000	1,132232	0,490942
0,650000	1,142748	0,496201
0,660000	1,142748	0,501459
0,670000	1,148006	0,506718
0,680000	1,148006	0,511976
0,690000	1,148006	0,511976
0,700000	1,148006	0,517235
0,710000	1,148006	0,517235
0,720000	1,148006	0,517235
0,730000	1,148006	0,517235
0,740000	1,142748	0,517235
0,750000	1,137490	0,511976
0,760000	1,132232	0,511976
0,770000	1,121716	0,506718
0,780000	1,116458	0,496201
0,790000	1,105941	0,490942
0,800000	1,095425	0,480425
0,810000	1,079650	0,469908
0,820000	1,074392	0,459391
0,830000	1,063876	0,448874
0,840000	1,048101	0,438357
0,850000	1,032327	0,422581
0,860000	1,016552	0,406805
0,870000	1,000778	0,391030
0,880000	0,979745	0,375254
0,890000	0,958713	0,354220
0,900000	0,937680	0,333185
0,910000	0,916647	0,317410
0,920000	0,900873	0,291117
0,930000	0,874582	0,270083
0,940000	0,848291	0,249048
0,950000	0,827259	0,228014
0,960000	0,806226	0,201721
0,970000	0,779935	0,180687
0,980000	0,753644	0,154394
0,990000	0,732612	0,133360
1,000000	0,701063	0,101809
1,010000	0,674772	0,080774
1,020000	0,648481	0,049223
1,030000	0,622190	0,022930
1,040000	0,590641	-0,008621
1,050000	0,564351	-0,034914
1,060000	0,532802	-0,061207
1,070000	0,506511	-0,092758
1,080000	0,474962	-0,124310
1,090000	0,443413	-0,150602
1,100000	0,417122	-0,182154
1,110000	0,385573	-0,213705
1,120000	0,354024	-0,245257
1,130000	0,322475	-0,276808
1,140000	0,290926	-0,308359
1,150000	0,259377	-0,339911
1,160000	0,227828	-0,371462
1,170000	0,196279	-0,403013
1,180000	0,169988	-0,434565
1,190000	0,133181	-0,466116
1,200000	0,106890	-0,497668
1,210000	0,075342	-0,529219
1,220000	0,049051	-0,555512
1,230000	0,017502	-0,587063
1,240000	-0,014047	-0,613356
1,250000	-0,045596	-0,639649
1,260000	-0,071887	-0,671200
1,270000	-0,098178	-0,697493
1,280000	-0,129727	-0,729044
1,290000	-0,156018	-0,755337
1,300000	-0,187567	-0,781630
1,310000	-0,213857	-0,813181
1,320000	-0,234890	-0,839474
1,330000	-0,266439	-0,865767
1,340000	-0,287472	-0,892060
1,350000	-0,313762	-0,918353
1,360000	-0,334795	-0,939387
1,370000	-0,361086	-0,965680
1,380000	-0,376860	-0,981455
1,390000	-0,403151	-1,002490
1,400000	-0,418926	-1,023524
1,410000	-0,439958	-1,044558
1,420000	-0,460991	-1,060334
1,430000	-0,476765	-1,081368
1,440000	-0,492540	-1,097144
1,450000	-0,513573	-1,112919
1,460000	-0,524089	-1,133954
1,470000	-0,539863	-1,144471
1,480000	-0,555638	-1,160246
1,490000	-0,566154	-1,170764
1,500000	-0,576671	-1,181281
1,510000	-0,587187	-1,191798
1,520000	-0,597703	-1,207573
1,530000	-0,608219	-1,218091
1,540000	-0,613478	-1,223349
1,550000	-0,618736	-1,228608
1,560000	-0,629252	-1,233866
1,570000	-0,629252	-1,239125
1,580000	-0,634510	-1,244383
1,590000	-0,634510	-1,244383
1,600000	-0,639768	-1,249642
1,610000	-0,639768	-1,249642
1,620000	-0,634510	-1,249642
1,630000	-0,634510	-1,249642
1,640000	-0,629252	-1,249642
1,650000	-0,623994	-1,244383
1,660000	-0,623994	-1,244383
1,670000	-0,613478	-1,239125
1,680000	-0,608219	-1,233866
1,690000	-0,597703	-1,228608
1,700000	-0,587187	-1,223349
1,710000	-0,581929	-1,218091
1,720000	-0,566154	-1,207573
1,730000	-0,560896	-1,197056
1,740000	-0,545122	-1,181281
1,750000	-0,534605	-1,170764
1,760000	-0,518831	-1,160246
1,770000	-0,503056	-1,144471
1,780000	-0,487282	-1,133954
1,790000	-0,471507	-1,118178
1,800000	-0,450475	-1,102402
1,810000	-0,434700	-1,081368
1,820000	-0,413668	-1,060334
1,830000	-0,392635	-1,049817
1,840000	-0,371602	-1,023524
1,850000	-0,345311	-0,997231
1,860000	-0,324279	-0,976197
1,870000	-0,303246	-0,955162
1,880000	-0,276955	-0,928870
1,890000	-0,250664	-0,907835
1,900000	-0,224374	-0,886801
1,910000	-0,203341	-0,860508
1,920000	-0,177050	-0,834216
1,930000	-0,145501	-0,807923
1,940000	-0,119210	-0,781630
1,950000	-0,092920	-0,755337
1,960000	-0,061371	-0,729044
1,970000	-0,029822	-0,697493
1,980000	0,001727	-0,671200
1,990000	0,028018	-0,639649
2,000000	0,059567	-0,608097
2,010000	0,085858	-0,581805
2,020000	0,117407	-0,550253
2,030000	0,148956	-0,518702
2,040000	0,180505	-0,487150
2,050000	0,206796	-0,455599
2,060000	0,238345	-0,429306
2,070000	0,269894	-0,397755
2,080000	0,301442	-0,366203
2,090000	0,332991	-0,329394
2,100000	0,359282	-0,303101
2,110000	0,390831	-0,276808
2,120000	0,422380	-0,245257
2,130000	0,448671	-0,213705
2,140000	0,485478	-0,182154
2,150000	0,511769	-0,150602
2,160000	0,538060	-0,119051
2,170000	0,569609	-0,087500
2,180000	0,595900	-0,061207
2,190000	0,627448	-0,029655
2,200000	0,653739	0,001896
2,210000	0,680030	0,028189
2,220000	0,706321	0,054482
2,230000	0,737870	0,080774
2,240000	0,764161	0,107067
2,250000	0,785193	0,133360
2,260000	0,811484	0,159653
2,270000	0,832517	0,185946
2,280000	0,853549	0,206980
2,290000	0,874582	0,233273
2,300000	0,900873	0,259565
2,310000	0,921906	0,275341
2,320000	0,932422	0,296375
2,330000	0,953455	0,317410
2,340000	0,974487	0,338444
2,350000	0,990262	0,359478
2,360000	1,011294	0,375254
2,370000	1,021811	0,396288
2,380000	1,037585	0,412064
2,390000	1,053360	0,427839
2,400000	1,063876	0,443615
2,410000	1,074392	0,459391
2,420000	1,084909	0,469908
2,430000	1,090167	0,475167
2,440000	1,100683	0,485684
2,450000	1,105941	0,501459
2,460000	1,111199	0,506718
2,470000	1,121716	0,511976
2,480000	1,126974	0,517235
2,490000	1,126974	0,517235
2,500000	1,132232	0,522494
2,510000	1,132232	0,522494
2,520000	1,137490	0,522494
2,530000	1,137490	0,522494
2,540000	1,132232	0,522494
2,550000	1,132232	0,522494
2,560000	1,126974	0,522494
2,570000	1,121716	0,517235
2,580000	1,116458	0,517235
2,590000	1,111199	0,511976
2,600000	1,105941	0,506718
2,610000	1,095425	0,496201
2,620000	1,084909	0,485684
2,630000	1,074392	0,475167
2,640000	1,063876	0,464649
2,650000	1,048101	0,454132
2,660000	1,037585	0,438357
2,670000	1,021811	0,422581
2,680000	1,006036	0,406805
2,690000	0,990262	0,391030
2,700000	0,974487	0,375254
2,710000	0,953455	0,359478
2,720000	0,932422	0,338444
2,730000	0,911389	0,317410
2,740000	0,890357	0,296375
2,750000	0,869324	0,275341
2,760000	0,848291	0,249048
2,770000	0,822000	0,228014
2,780000	0,800968	0,206980
2,790000	0,779935	0,175428
2,800000	0,753644	0,154394
2,810000	0,727354	0,128101
2,820000	0,706321	0,101809
2,830000	0,674772	0,070257
2,840000	0,648481	0,043964
2,850000	0,622190	0,017672
2,860000	0,590641	-0,019138
2,870000	0,564351	-0,050690
2,880000	0,538060	-0,076983
2,890000	0,506511	-0,108534
2,900000	0,480220	-0,134827
2,910000	0,448671	-0,166378
2,920000	0,417122	-0,197929
2,930000	0,390831	-0,224222
2,940000	0,359282	-0,255774
2,950000	0,327733	-0,287325
2,960000	0,296184	-0,313618
2,970000	0,264635	-0,345169
2,980000	0,238345	-0,376721
2,990000	0,206796	-0,408272
3,000000	0,180505	-0,434565
3,010000	0,148956	-0,460858
3,020000	0,117407	-0,492409
3,030000	0,091116	-0,523960
3,040000	0,059567	-0,555512
3,050000	0,028018	-0,581805
3,060000	0,001727	-0,613356
3,070000	-0,029822	-0,639649
3,080000	-0,056113	-0,671200
3,090000	-0,082403	-0,702751
3,100000	-0,108694	-0,729044
3,110000	-0,140243	-0,760596
3,120000	-0,166534	-0,786888
3,130000	-0,192825	-0,813181
3,140000	-0,219116	-0,839474
3,150000	-0,245406	-0,865767
3,160000	-0,266439	-0,886801
3,170000	-0,292730	-0,913094
3,180000	-0,313762	-0,934128
3,190000	-0,340053	-0,955162
3,200000	-0,361086	-0,981455
3,210000	-0,382119	-1,002490
3,220000	-0,397893	-1,023524
3,230000	-0,418926	-1,039299
3,240000	-0,439958	-1,060334
3,250000	-0,455733	-1,076109
3,260000	-0,476765	-1,097144
3,270000	-0,492540	-1,112919
3,280000	-0,503056	-1,128695
3,290000	-0,518831	-1,144471
3,300000	-0,534605	-1,160246
3,310000	-0,550380	-1,170764
3,320000	-0,560896	-1,186539
3,330000	-0,571412	-1,197056
3,340000	-0,581929	-1,207573
3,350000	-0,587187	-1,223349
3,360000	-0,597703	-1,228608
3,370000	-0,602961	-1,239125
3,380000	-0,608219	-1,244383
3,390000	-0,613478	-1,249642
3,400000	-0,618736	-1,254901
3,410000	-0,618736	-1,260159
3,420000	-0,618736	-1,260159
3,430000	-0,618736	-1,260159
3,440000	-0,618736	-1,260159
3,450000	-0,618736	-1,260159
3,460000	-0,613478	-1,254901
3,470000	-0,613478	-1,249642
3,480000	-0,608219	-1,244383
3,490000	-0,602961	-1,239125
3,500000	-0,597703	-1,233866
3,510000	-0,587187	-1,223349
3,520000	-0,581929	-1,218091
3,530000	-0,571412	-1,207573
3,540000	-0,560896	-1,202315
3,550000	-0,545122	-1,186539
3,560000	-0,534605	-1,176022
3,570000	-0,524089	-1,165505
3,580000	-0,513573	-1,154988
3,590000	-0,497798	-1,139212
3,600000	-0,482024	-1,123436
3,610000	-0,466249	-1,107661
3,620000	-0,450475	-1,091885
3,630000	-0,429442	-1,076109
3,640000	-0,413668	-1,055075
3,650000	-0,387377	-1,039299
3,660000	-0,371602	-1,018265
3,670000	-0,345311	-0,997231
3,680000	-0,319021	-0,970938
3,690000	-0,303246	-0,949904
3,700000	-0,276955	-0,923611
3,710000	-0,250664	-0,902577
3,720000	-0,224374	-0,876284
3,730000	-0,203341	-0,855250
3,740000	-0,177050	-0,828957
3,750000	-0,150759	-0,802664
3,760000	-0,124469	-0,771113
3,770000	-0,098178	-0,744820
3,780000	-0,071887	-0,718527
3,790000	-0,045596	-0,692234
3,800000	-0,014047	-0,660683
3,810000	0,017502	-0,629132
3,820000	0,043793	-0,597580
3,830000	0,070083	-0,571287
3,840000	0,101632	-0,539736
3,850000	0,133181	-0,513443
3,860000	0,164730	-0,487150
3,870000	0,191021	-0,455599
3,880000	0,222570	-0,418789
3,890000	0,254119	-0,392496
3,900000	0,280410	-0,355686
3,910000	0,311959	-0,329394
3,920000	0,343508	-0,297842
3,930000	0,369799	-0,271549
3,940000	0,401348	-0,234739
3,950000	0,432897	-0,208447
3,960000	0,464445	-0,171637
3,970000	0,490736	-0,145344
3,980000	0,522285	-0,113792
3,990000	0,548576	-0,082241
4,000000	0,580125	-0,050690
4,010000	0,606416	-0,019138
4,020000	0,632707	0,012413
4,030000	0,658997	0,038706
4,040000	0,690546	0,064999
4,050000	0,716837	0,091291
4,060000	0,743128	0,122843
4,070000	0,764161	0,149136
4,080000	0,785193	0,175428
4,090000	0,806226	0,201721
4,100000	0,832517	0,228014
4,110000	0,858808	0,249048
4,120000	0,874582	0,270083
4,130000	0,895615	0,291117
4,140000	0,916647	0,317410
4,150000	0,932422	0,333185
4,160000	0,958713	0,354220
4,170000	0,969229	0,375254
4,180000	0,985003	0,391030
4,190000	1,000778	0,406805
4,200000	1,016552	0,422581
4,210000	1,032327	0,438357
4,220000	1,042843	0,454132
4,230000	1,058618	0,464649
4,240000	1,069134	0,480425
4,250000	1,079650	0,490942
4,260000	1,090167	0,501459
4,270000	1,100683	0,506718
4,280000	1,105941	0,517235
4,290000	1,111199	0,517235
4,300000	1,116458	0,522494
4,310000	1,121716	0,527752
4,320000	1,126974	0,533011
4,330000	1,126974	0,538269
4,340000	1,132232	0,533011
4,350000	1,132232	0,538269
4,360000	1,126974	0,533011
4,370000	1,126974	0,533011
4,380000	1,126974	0,527752
4,390000	1,116458	0,522494
4,400000	1,116458	0,517235
4,410000	1,111199	0,506718
4,420000	1,100683	0,501459
4,430000	1,090167	0,490942
4,440000	1,084909	0,485684
4,450000	1,074392	0,469908
4,460000	1,063876	0,454132
4,470000	1,053360	0,448874
4,480000	1,037585	0,433098
4,490000	1,021811	0,417322
4,500000	1,011294	0,406805
4,510000	0,995520	0,391030
4,520000	0,979745	0,369995
4,530000	0,958713	0,354220
4,540000	0,942938	0,338444
4,550000	0,921906	0,317410
4,560000	0,900873	0,296375
4,570000	0,879840	0,275341
4,580000	0,858808	0,254307
4,590000	0,837775	0,233273
4,600000	0,816742	0,212238
4,610000	0,790451	0,180687
4,620000	0,769419	0,159653
4,630000	0,743128	0,133360
4,640000	0,716837	0,107067
4,650000	0,690546	0,080774
4,660000	0,664256	0,049223
4,670000	0,637965	0,022930
4,680000	0,611674	-0,013880
4,690000	0,580125	-0,040173
4,700000	0,553834	-0,071724
4,710000	0,527543	-0,103275
4,720000	0,501253	-0,134827
4,730000	0,464445	-0,166378
4,740000	0,438155	-0,197929
4,750000	0,411864	-0,224222
4,760000	0,380315	-0,255774
4,770000	0,348766	-0,287325
4,780000	0,322475	-0,318876
4,790000	0,290926	-0,350428
4,800000	0,259377	-0,387238
4,810000	0,233086	-0,418789
4,820000	0,201537	-0,450340
4,830000	0,169988	-0,481892
4,840000	0,143698	-0,513443
4,850000	0,112149	-0,539736
4,860000	0,085858	-0,571287
4,870000	0,054309	-0,597580
4,880000	0,028018	-0,629132
4,890000	-0,008789	-0,660683
4,900000	-0,029822	-0,692234
4,910000	-0,061371	-0,718527
4,920000	-0,092920	-0,750079
4,930000	-0,119210	-0,781630
4,940000	-0,145501	-0,802664
4,950000	-0,166534	-0,828957
4,960000	-0,198083	-0,855250
4,970000	-0,224374	-0,881543
4,980000	-0,250664	-0,907835
4,990000	-0,271697	-0,928870
5,000000	-0,292730	-0,949904
5,010000	-0,319021	-0,970938
5,020000	-0,340053	-0,997231
5,030000	-0,361086	-1,013007
5,040000	-0,382119	-1,034041
5,050000	-0,403151	-1,055075
5,060000	-0,418926	-1,076109
5,070000	-0,434700	-1,091885
5,080000	-0,450475	-1,112919
5,090000	-0,471507	-1,128695
5,100000	-0,487282	-1,144471
5,110000	-0,503056	-1,165505
5,120000	-0,513573	-1,176022
5,130000	-0,529347	-1,191798
5,140000	-0,545122	-1,197056
5,150000	-0,550380	-1,212832
5,160000	-0,560896	-1,223349
5,170000	-0,571412	-1,233866
5,180000	-0,581929	-1,239125
5,190000	-0,587187	-1,249642
5,200000	-0,597703	-1,254901
5,210000	-0,597703	-1,260159
5,220000	-0,602961	-1,260159
5,230000	-0,608219	-1,265418
5,240000	-0,613478	-1,265418
5,250000	-0,613478	-1,265418
5,260000	-0,613478	-1,265418
5,270000	-0,613478	-1,265418
5,280000	-0,613478	-1,260159
5,290000	-0,608219	-1,254901
5,300000	-0,608219	-1,249642
5,310000	-0,597703	-1,244383
5,320000	-0,597703	-1,239125
5,330000	-0,587187	-1,228608
5,340000	-0,581929	-1,223349
5,350000	-0,571412	-1,212832
5,360000	-0,560896	-1,202315
5,370000	-0,550380	-1,191798
5,380000	-0,539863	-1,176022
5,390000	-0,529347	-1,165505
5,400000	-0,518831	-1,149729
5,410000	-0,503056	-1,139212
5,420000	-0,487282	-1,118178
5,430000	-0,471507	-1,102402
5,440000	-0,455733	-1,086627
5,450000	-0,434700	-1,065592
5,460000	-0,418926	-1,044558
5,470000	-0,397893	-1,018265
5,480000	-0,376860	-0,997231
5,490000	-0,361086	-0,976197
5,500000	-0,340053	-0,949904
5,510000	-0,313762	-0,928870
5,520000	-0,292730	-0,907835
5,530000	-0,266439	-0,881543
5,540000	-0,245406	-0,855250
5,550000	-0,213857	-0,834216
5,560000	-0,192825	-0,807923
5,570000	-0,166534	-0,781630
5,580000	-0,145501	-0,755337
5,590000	-0,113952	-0,729044
5,600000	-0,087661	-0,697493
5,610000	-0,061371	-0,671200
5,620000	-0,029822	-0,639649
5,630000	0,001727	-0,613356
5,640000	0,033276	-0,587063
5,650000	0,059567	-0,555512
5,660000	0,085858	-0,529219
5,670000	0,117407	-0,497668
5,680000	0,148956	-0,466116
5,690000	0,175247	-0,429306
5,700000	0,206796	-0,403013
5,710000	0,238345	-0,376721
5,720000	0,264635	-0,339911
5,730000	0,296184	-0,308359
5,740000	0,327733	-0,282066
5,750000	0,354024	-0,250515
5,760000	0,385573	-0,218964
5,770000	0,417122	-0,187412
5,780000	0,443413	-0,161120
5,790000	0,474962	-0,124310
5,800000	0,501253	-0,098017
5,810000	0,527543	-0,066465
5,820000	0,559092	-0,034914
5,830000	0,585383	-0,008621
5,840000	0,616932	0,022930
5,850000	0,643223	0,049223
5,860000	0,664256	0,080774
5,870000	0,695805	0,107067
5,880000	0,722095	0,128101
5,890000	0,748386	0,154394
5,900000	0,774677	0,180687
5,910000	0,795710	0,206980
5,920000	0,822000	0,228014
5,930000	0,843033	0,249048
5,940000	0,864066	0,270083
5,950000	0,885098	0,291117
5,960000	0,906131	0,306893
5,970000	0,927164	0,322668
5,980000	0,948196	0,343702
5,990000	0,963971	0,359478
6,000000	0,985003	0,375254
6,010000	0,995520	0,391030
6,020000	1,011294	0,406805
6,030000	1,027069	0,422581
6,040000	1,042843	0,438357
6,050000	1,053360	0,443615
6,060000	1,063876	0,454132
6,070000	1,074392	0,464649
6,080000	1,084909	0,475167
6,090000	1,095425	0,485684
6,100000	1,100683	0,496201
6,110000	1,111199	0,506718
6,120000	1,116458	0,511976
6,130000	1,116458	0,517235
6,140000	1,121716	0,517235
6,150000	1,126974	0,522494
6,160000	1,132232	0,522494
6,170000	1,132232	0,522494
6,180000	1,132232	0,522494
6,190000	1,126974	0,517235
6,200000	1,126974	0,517235
6,210000	1,121716	0,511976
6,220000	1,121716	0,506718
6,230000	1,116458	0,501459
6,240000	1,105941	0,490942
6,250000	1,100683	0,485684
6,260000	1,090167	0,475167
6,270000	1,084909	0,464649
6,280000	1,069134	0,448874
6,290000	1,063876	0,438357
6,300000	1,048101	0,422581
6,310000	1,037585	0,406805
6,320000	1,021811	0,391030
6,330000	1,006036	0,375254
6,340000	0,990262	0,354220
6,350000	0,974487	0,338444
6,360000	0,958713	0,317410
6,370000	0,937680	0,296375
6,380000	0,916647	0,280600
6,390000	0,895615	0,254307
6,400000	0,874582	0,228014
6,410000	0,853549	0,212238
6,420000	0,827259	0,180687
6,430000	0,806226	0,154394
6,440000	0,779935	0,133360
6,450000	0,753644	0,107067
6,460000	0,732612	0,086033
6,470000	0,706321	0,054482
6,480000	0,680030	0,028189
6,490000	0,653739	-0,003363
6,500000	0,627448	-0,029655
6,510000	0,601158	-0,061207
6,520000	0,569609	-0,087500
6,530000	0,543318	-0,124310
6,540000	0,511769	-0,150602
6,550000	0,485478	-0,182154
6,560000	0,459187	-0,208447
6,570000	0,427638	-0,239998
6,580000	0,396089	-0,271549
6,590000	0,364540	-0,303101
6,600000	0,338250	-0,329394
6,610000	0,311959	-0,360945
6,620000	0,280410	-0,387238
6,630000	0,248861	-0,418789
6,640000	0,217312	-0,450340
6,650000	0,185763	-0,481892
6,660000	0,154214	-0,508185
6,670000	0,122665	-0,539736
6,680000	0,091116	-0,571287
6,690000	0,064825	-0,597580
6,700000	0,033276	-0,629132
6,710000	0,001727	-0,655424
6,720000	-0,024564	-0,681717
6,730000	-0,056113	-0,713269
6,740000	-0,082403	-0,739561
6,750000	-0,108694	-0,765854
6,760000	-0,140243	-0,797406
6,770000	-0,166534	-0,823698
6,780000	-0,192825	-0,844733
6,790000	-0,213857	-0,865767
6,800000	-0,240148	-0,897318
6,810000	-0,261181	-0,918353
6,820000	-0,287472	-0,939387
6,830000	-0,313762	-0,965680
6,840000	-0,340053	-0,986714
6,850000	-0,361086	-1,013007
6,860000	-0,382119	-1,028782
6,870000	-0,397893	-1,049817
6,880000	-0,418926	-1,060334
6,890000	-0,439958	-1,081368
6,900000	-0,455733	-1,097144
6,910000	-0,471507	-1,112919
6,920000	-0,492540	-1,128695
6,930000	-0,508314	-1,139212
6,940000	-0,524089	-1,154988
6,950000	-0,539863	-1,165505
6,960000	-0,550380	-1,176022
6,970000	-0,566154	-1,186539
6,980000	-0,576671	-1,197056
6,990000	-0,581929	-1,202315
7,000000	-0,592445	-1,207573
7,010000	-0,602961	-1,218091
7,020000	-0,602961	-1,223349
7,030000	-0,613478	-1,228608
7,040000	-0,618736	-1,233866
7,050000	-0,623994	-1,233866
7,060000	-0,623994	-1,239125
7,070000	-0,629252	-1,239125
7,080000	-0,629252	-1,233866
7,090000	-0,623994	-1,233866
7,100000	-0,623994	-1,233866
7,110000	-0,623994	-1,228608
7,120000	-0,623994	-1,223349
7,130000	-0,618736	-1,218091
7,140000	-0,613478	-1,212832
7,150000	-0,602961	-1,207573
7,160000	-0,597703	-1,197056
7,170000	-0,592445	-1,186539
7,180000	-0,581929	-1,176022
7,190000	-0,571412	-1,165505
7,200000	-0,560896	-1,144471
7,210000	-0,550380	-1,133954
7,220000	-0,534605	-1,123436
7,230000	-0,518831	-1,107661
7,240000	-0,508314	-1,091885
7,250000	-0,487282	-1,076109
7,260000	-0,471507	-1,055075
7,270000	-0,455733	-1,039299
7,280000	-0,439958	-1,018265
7,290000	-0,418926	-0,997231
7,300000	-0,397893	-0,981455
7,310000	-0,376860	-0,960421
7,320000	-0,355828	-0,934128
7,330000	-0,334795	-0,913094
7,340000	-0,308504	-0,892060
7,350000	-0,287472	-0,865767
7,360000	-0,261181	-0,844733
7,370000	-0,234890	-0,818440
7,380000	-0,208599	-0,792147
7,390000	-0,182308	-0,765854
7,400000	-0,156018	-0,734303
7,410000	-0,129727	-0,708010
7,420000	-0,103436	-0,681717
7,430000	-0,071887	-0,655424
7,440000	-0,045596	-0,623873
7,450000	-0,019305	-0,592322
7,460000	0,012244	-0,560770
7,470000	0,043793	-0,534477
7,480000	0,075342	-0,508185
7,490000	0,101632	-0,471375
7,500000	0,133181	-0,445082
7,510000	0,164730	-0,413531
7,520000	0,191021	-0,387238
7,530000	0,222570	-0,350428
7,540000	0,254119	-0,324135
7,550000	0,285668	-0,297842
7,560000	0,317217	-0,261032
7,570000	0,348766	-0,229481
7,580000	0,375057	-0,203188
7,590000	0,406606	-0,176895
7,600000	0,438155	-0,145344
7,610000	0,464445	-0,113792
7,620000	0,495994	-0,087500
7,630000	0,527543	-0,061207
7,640000	0,553834	-0,029655
7,650000	0,585383	0,001896
7,660000	0,611674	0,028189
7,670000	0,637965	0,054482
7,680000	0,669514	0,080774
7,690000	0,695805	0,107067
7,700000	0,722095	0,133360
7,710000	0,748386	0,154394
7,720000	0,769419	0,180687
7,730000	0,795710	0,206980
7,740000	0,822000	0,228014
7,750000	0,843033	0,249048
7,760000	0,869324	0,264824
7,770000	0,890357	0,291117
7,780000	0,906131	0,312151
7,790000	0,932422	0,327927
7,800000	0,942938	0,343702
7,810000	0,969229	0,364737
7,820000	0,990262	0,380512
7,830000	1,000778	0,396288
7,840000	1,021811	0,406805
7,850000	1,037585	0,422581
7,860000	1,048101	0,433098
7,870000	1,063876	0,443615
7,880000	1,074392	0,454132
7,890000	1,090167	0,464649
7,900000	1,100683	0,469908
7,910000	1,111199	0,475167
7,920000	1,116458	0,480425
7,930000	1,126974	0,490942
7,940000	1,126974	0,496201
7,950000	1,132232	0,496201
7,960000	1,137490	0,496201
7,970000	1,142748	0,496201
7,980000	1,142748	0,501459
7,990000	1,148006	0,496201
8,000000	1,148006	0,496201
8,010000	1,142748	0,496201
8,020000	1,142748	0,490942
8,030000	1,137490	0,485684
8,040000	1,132232	0,480425
8,050000	1,132232	0,475167
8,060000	1,121716	0,469908
8,070000	1,116458	0,459391
8,080000	1,105941	0,454132
8,090000	1,100683	0,438357
8,100000	1,090167	0,427839
8,110000	1,079650	0,412064
8,120000	1,063876	0,401547
8,130000	1,053360	0,385771
8,140000	1,037585	0,369995
8,150000	1,021811	0,354220
8,160000	1,006036	0,338444
8,170000	0,990262	0,322668
8,180000	0,974487	0,301634
8,190000	0,953455	0,285858
8,200000	0,932422	0,264824
8,210000	0,911389	0,243790
8,220000	0,890357	0,222756
8,230000	0,869324	0,196463
8,240000	0,848291	0,175428
8,250000	0,822000	0,154394
8,260000	0,795710	0,128101
8,270000	0,774677	0,101809
8,280000	0,743128	0,075516
8,290000	0,722095	0,054482
8,300000	0,695805	0,028189
8,310000	0,664256	0,001896
8,320000	0,637965	-0,029655
8,330000	0,606416	-0,055948
8,340000	0,580125	-0,082241
8,350000	0,553834	-0,113792
8,360000	0,522285	-0,145344
8,370000	0,495994	-0,171637
8,380000	0,464445	-0,203188
8,390000	0,432897	-0,234739
8,400000	0,401348	-0,266291
8,410000	0,369799	-0,297842
8,420000	0,338250	-0,329394
8,430000	0,306701	-0,360945
8,440000	0,280410	-0,387238
8,450000	0,248861	-0,418789
8,460000	0,217312	-0,450340
8,470000	0,191021	-0,481892
8,480000	0,159472	-0,513443
8,490000	0,127923	-0,539736
8,500000	0,096374	-0,571287
8,510000	0,064825	-0,597580
8,520000	0,038534	-0,623873
8,530000	0,006985	-0,650166
8,540000	-0,024564	-0,676459
8,550000	-0,050854	-0,702751
8,560000	-0,082403	-0,734303
8,570000	-0,108694	-0,760596
8,580000	-0,140243	-0,786888
8,590000	-0,161276	-0,813181
8,600000	-0,192825	-0,834216
8,610000	-0,219116	-0,860508
8,620000	-0,245406	-0,881543
8,630000	-0,271697	-0,902577
8,640000	-0,297988	-0,923611
8,650000	-0,319021	-0,949904
8,660000	-0,340053	-0,970938
8,670000	-0,361086	-0,997231
8,680000	-0,387377	-1,013007
8,690000	-0,408409	-1,034041
8,700000	-0,424184	-1,055075
8,710000	-0,445216	-1,076109
8,720000	-0,466249	-1,091885
8,730000	-0,487282	-1,107661
8,740000	-0,503056	-1,118178
8,750000	-0,513573	-1,133954
8,760000	-0,534605	-1,144471
8,770000	-0,545122	-1,160246
8,780000	-0,560896	-1,170764
8,790000	-0,576671	-1,181281
8,800000	-0,587187	-1,191798
8,810000	-0,592445	-1,202315
8,820000	-0,602961	-1,207573
8,830000	-0,613478	-1,212832
8,840000	-0,618736	-1,218091
8,850000	-0,629252	-1,223349
8,860000	-0,634510	-1,228608
8,870000	-0,639768	-1,228608
8,880000	-0,639768	-1,233866
8,890000	-0,639768	-1,233866
8,900000	-0,639768	-1,228608
8,910000	-0,639768	-1,233866
8,920000	-0,634510	-1,228608
8,930000	-0,634510	-1,228608
8,940000	-0,634510	-1,218091
8,950000	-0,623994	-1,212832
8,960000	-0,618736	-1,207573
8,970000	-0,613478	-1,202315
8,980000	-0,602961	-1,191798
8,990000	-0,597703	-1,181281
9,000000	-0,587187	-1,176022
9,010000	-0,576671	-1,165505
9,020000	-0,566154	-1,149729
9,030000	-0,550380	-1,139212
9,040000	-0,539863	-1,123436
9,050000	-0,524089	-1,112919
9,060000	-0,513573	-1,097144
9,070000	-0,497798	-1,081368
9,080000	-0,476765	-1,065592
9,090000	-0,460991	-1,049817
9,100000	-0,439958	-1,028782
9,110000	-0,424184	-1,007748
9,120000	-0,403151	-0,986714
9,130000	-0,382119	-0,970938
9,140000	-0,361086	-0,949904
9,150000	-0,340053	-0,923611
9,160000	-0,313762	-0,902577
9,170000	-0,292730	-0,876284
9,180000	-0,271697	-0,855250
9,190000	-0,245406	-0,828957
9,200000	-0,219116	-0,802664
9,210000	-0,192825	-0,781630
9,220000	-0,166534	-0,750079
9,230000	-0,134985	-0,729044
9,240000	-0,108694	-0,702751
9,250000	-0,077145	-0,671200
9,260000	-0,050854	-0,650166
9,270000	-0,019305	-0,618614
9,280000	0,012244	-0,587063
9,290000	0,043793	-0,560770
9,300000	0,070083	-0,529219
9,310000	0,101632	-0,502926
9,320000	0,133181	-0,471375
9,330000	0,164730	-0,439823
9,340000	0,196279	-0,408272
9,350000	0,227828	-0,381979
9,360000	0,254119	-0,350428
9,370000	0,285668	-0,318876
9,380000	0,317217	-0,287325
9,390000	0,348766	-0,261032
9,400000	0,380315	-0,229481
9,410000	0,406606	-0,203188
9,420000	0,438155	-0,171637
9,430000	0,469704	-0,145344
9,440000	0,501253	-0,113792
9,450000	0,532802	-0,087500
9,460000	0,559092	-0,055948
9,470000	0,585383	-0,029655
9,480000	0,616932	-0,003363
9,490000	0,648481	0,028189
9,500000	0,674772	0,054482
9,510000	0,701063	0,075516
9,520000	0,732612	0,101809
9,530000	0,758903	0,128101
9,540000	0,779935	0,149136
9,550000	0,806226	0,164911
9,560000	0,832517	0,185946
9,570000	0,853549	0,212238
9,580000	0,874582	0,233273
9,590000	0,900873	0,249048
9,600000	0,921906	0,275341
9,610000	0,937680	0,291117
9,620000	0,958713	0,312151
9,630000	0,974487	0,327927
9,640000	0,995520	0,348961
9,650000	1,011294	0,364737
9,660000	1,027069	0,380512
9,670000	1,048101	0,396288
9,680000	1,058618	0,406805
9,690000	1,074392	0,417322
9,700000	1,084909	0,427839
9,710000	1,095425	0,443615
9,720000	1,111199	0,454132
9,730000	1,121716	0,459391
9,740000	1,126974	0,464649
9,750000	1,132232	0,469908
9,760000	1,137490	0,480425
9,770000	1,148006	0,485684
9,780000	1,148006	0,485684
9,790000	1,153265	0,485684
9,800000	1,153265	0,490942
9,810000	1,153265	0,485684
9,820000	1,158523	0,485684
9,830000	1,158523	0,485684
9,840000	1,158523	0,485684
9,850000	1,148006	0,475167
9,860000	1,148006	0,469908
9,870000	1,142748	0,469908
9,880000	1,132232	0,459391
9,890000	1,126974	0,448874
9,900000	1,116458	0,443615
9,910000	1,105941	0,433098
9,920000	1,095425	0,417322
9,930000	1,084909	0,401547
9,940000	1,074392	0,396288
9,950000	1,058618	0,380512
9,960000	1,048101	0,364737
9,970000	1,032327	0,348961
9,980000	1,016552	0,333185
9,990000	0,995520	0,312151
10,000000	0,974487	0,296375
10,010000	0,958713	0,280600
10,020000	0,932422	0,259565
10,030000	0,911389	0,238531
10,040000	0,890357	0,212238
10,050000	0,869324	0,191204
10,060000	0,848291	0,170170
10,070000	0,822000	0,143877
10,080000	0,795710	0,122843
10,090000	0,769419	0,096550
10,100000	0,743128	0,075516
10,110000	0,716837	0,054482
10,120000	0,690546	0,028189
10,130000	0,664256	-0,008621
10,140000	0,632707	-0,029655
10,150000	0,611674	-0,061207
10,160000	0,580125	-0,087500
10,170000	0,548576	-0,119051
10,180000	0,517027	-0,145344
10,190000	0,485478	-0,176895
10,200000	0,459187	-0,203188
10,210000	0,427638	-0,234739
10,220000	0,401348	-0,261032
10,230000	0,369799	-0,292584
10,240000	0,338250	-0,318876
10,250000	0,306701	-0,350428
10,260000	0,275152	-0,376721
10,270000	0,243603	-0,408272
10,280000	0,212054	-0,439823
10,290000	0,180505	-0,471375
10,300000	0,148956	-0,497668
10,310000	0,117407	-0,523960
10,320000	0,085858	-0,550253
10,330000	0,059567	-0,576546
10,340000	0,022760	-0,602839
10,350000	-0,008789	-0,634390
10,360000	-0,035080	-0,660683
10,370000	-0,066629	-0,686976
10,380000	-0,092920	-0,713269
10,390000	-0,124469	-0,739561
10,400000	-0,150759	-0,765854
10,410000	-0,182308	-0,797406
10,420000	-0,208599	-0,818440
10,430000	-0,234890	-0,839474
10,440000	-0,261181	-0,865767
10,450000	-0,282213	-0,886801
10,460000	-0,308504	-0,907835
10,470000	-0,329537	-0,939387
10,480000	-0,355828	-0,960421
10,490000	-0,376860	-0,976197
10,500000	-0,397893	-0,997231
10,510000	-0,413668	-1,018265
10,520000	-0,434700	-1,039299
10,530000	-0,455733	-1,055075
10,540000	-0,476765	-1,070851
10,550000	-0,492540	-1,086627
10,560000	-0,508314	-1,102402
10,570000	-0,529347	-1,118178
10,580000	-0,545122	-1,133954
10,590000	-0,560896	-1,144471
10,600000	-0,571412	-1,154988
10,610000	-0,587187	-1,165505
10,620000	-0,592445	-1,176022
10,630000	-0,602961	-1,181281
10,640000	-0,613478	-1,191798
10,650000	-0,623994	-1,202315
10,660000	-0,629252	-1,207573
10,670000	-0,634510	-1,207573
10,680000	-0,639768	-1,212832
10,690000	-0,639768	-1,218091
10,700000	-0,645027	-1,223349
10,710000	-0,645027	-1,223349
10,720000	-0,645027	-1,228608
10,730000	-0,645027	-1,228608
10,740000	-0,645027	-1,228608
10,750000	-0,639768	-1,223349
10,760000	-0,639768	-1,218091
10,770000	-0,629252	-1,212832
10,780000	-0,629252	-1,212832
10,790000	-0,618736	-1,207573
10,800000	-0,613478	-1,197056
10,810000	-0,602961	-1,191798
10,820000	-0,597703	-1,181281
10,830000	-0,587187	-1,176022
10,840000	-0,571412	-1,165505
10,850000	-0,560896	-1,154988
10,860000	-0,545122	-1,133954
10,870000	-0,529347	-1,123436
10,880000	-0,513573	-1,112919
10,890000	-0,497798	-1,097144
10,900000	-0,482024	-1,076109
10,910000	-0,466249	-1,055075
10,920000	-0,445216	-1,039299
10,930000	-0,424184	-1,018265
10,940000	-0,403151	-1,002490
10,950000	-0,382119	-0,981455
10,960000	-0,355828	-0,960421
10,970000	-0,334795	-0,934128
10,980000	-0,308504	-0,918353
10,990000	-0,287472	-0,892060
11,000000	-0,261181	-0,871025
11,010000	-0,234890	-0,839474
11,020000	-0,208599	-0,818440
11,030000	-0,182308	-0,786888
11,040000	-0,150759	-0,765854
11,050000	-0,129727	-0,739561
11,060000	-0,103436	-0,713269
11,070000	-0,066629	-0,686976
11,080000	-0,040338	-0,660683
11,090000	-0,008789	-0,629132
11,100000	0,022760	-0,602839
11,110000	0,049051	-0,576546
11,120000	0,080600	-0,550253
11,130000	0,112149	-0,523960
11,140000	0,143698	-0,492409
11,150000	0,169988	-0,466116
11,160000	0,201537	-0,434565
11,170000	0,233086	-0,403013
11,180000	0,264635	-0,376721
11,190000	0,296184	-0,345169
11,200000	0,327733	-0,313618
11,210000	0,359282	-0,282066
11,220000	0,390831	-0,250515
11,230000	0,422380	-0,229481
11,240000	0,448671	-0,192671
11,250000	0,480220	-0,166378
11,260000	0,506511	-0,134827
11,270000	0,543318	-0,108534
11,280000	0,569609	-0,076983
11,290000	0,601158	-0,050690
11,300000	0,627448	-0,019138
11,310000	0,658997	0,007154
11,320000	0,685288	0,033447
11,330000	0,711579	0,059740
11,340000	0,737870	0,091291
11,350000	0,764161	0,112326
11,360000	0,790451	0,133360
11,370000	0,811484	0,154394
11,380000	0,837775	0,175428
11,390000	0,858808	0,201721
11,400000	0,885098	0,222756
11,410000	0,906131	0,243790
11,420000	0,927164	0,264824
11,430000	0,948196	0,280600
11,440000	0,969229	0,301634
11,450000	0,990262	0,317410
11,460000	1,006036	0,338444
11,470000	1,021811	0,354220
11,480000	1,037585	0,369995
11,490000	1,048101	0,385771
11,500000	1,063876	0,396288
11,510000	1,084909	0,406805
11,520000	1,090167	0,422581
11,530000	1,100683	0,433098
11,540000	1,111199	0,443615
11,550000	1,121716	0,448874
11,560000	1,132232	0,459391
11,570000	1,137490	0,464649
11,580000	1,142748	0,469908
11,590000	1,148006	0,480425
11,600000	1,148006	0,480425
11,610000	1,153265	0,485684
11,620000	1,153265	0,485684
11,630000	1,153265	0,490942
11,640000	1,153265	0,485684
11,650000	1,153265	0,485684
11,660000	1,148006	0,480425
11,670000	1,142748	0,480425
11,680000	1,142748	0,480425
11,690000	1,132232	0,469908
11,700000	1,121716	0,464649
11,710000	1,116458	0,459391
11,720000	1,111199	0,454132
11,730000	1,095425	0,438357
11,740000	1,084909	0,433098
11,750000	1,069134	0,417322
11,760000	1,058618	0,406805
11,770000	1,042843	0,396288
11,780000	1,027069	0,380512
11,790000	1,011294	0,364737
11,800000	0,995520	0,348961
11,810000	0,979745	0,333185
11,820000	0,963971	0,312151
11,830000	0,942938	0,291117
11,840000	0,927164	0,275341
11,850000	0,900873	0,254307
11,860000	0,885098	0,233273
11,870000	0,858808	0,212238
11,880000	0,832517	0,191204
11,890000	0,806226	0,170170
11,900000	0,785193	0,143877
11,910000	0,758903	0,122843
11,920000	0,732612	0,096550
11,930000	0,706321	0,070257
11,940000	0,680030	0,049223
11,950000	0,648481	0,022930
11,960000	0,622190	-0,008621
11,970000	0,595900	-0,034914
11,980000	0,564351	-0,066465
11,990000	0,538060	-0,092758
12,000000	0,506511	-0,124310
12,010000	0,474962	-0,150602
12,020000	0,443413	-0,182154
12,030000	0,417122	-0,213705
12,040000	0,385573	-0,239998
12,050000	0,354024	-0,271549
12,060000	0,322475	-0,303101
12,070000	0,290926	-0,334652
12,080000	0,264635	-0,360945
12,090000	0,233086	-0,392496
12,100000	0,206796	-0,418789
12,110000	0,169988	-0,450340
12,120000	0,143698	-0,481892
12,130000	0,112149	-0,508185
12,140000	0,080600	-0,539736
12,150000	0,049051	-0,566029
12,160000	0,017502	-0,597580
12,170000	-0,014047	-0,629132
12,180000	-0,040338	-0,650166
12,190000	-0,071887	-0,681717
12,200000	-0,098178	-0,708010
12,210000	-0,129727	-0,734303
12,220000	-0,156018	-0,760596
12,230000	-0,182308	-0,786888
12,240000	-0,208599	-0,813181
12,250000	-0,234890	-0,834216
12,260000	-0,261181	-0,860508
12,270000	-0,282213	-0,886801
12,280000	-0,308504	-0,907835
12,290000	-0,329537	-0,928870
12,300000	-0,355828	-0,949904
12,310000	-0,376860	-0,976197
12,320000	-0,397893	-0,991972
12,330000	-0,413668	-1,013007
12,340000	-0,434700	-1,034041
12,350000	-0,455733	-1,049817
12,360000	-0,471507	-1,065592
12,370000	-0,492540	-1,086627
12,380000	-0,503056	-1,097144
12,390000	-0,524089	-1,112919
12,400000	-0,534605	-1,128695
12,410000	-0,545122	-1,139212
12,420000	-0,560896	-1,154988
12,430000	-0,571412	-1,165505
12,440000	-0,587187	-1,170764
12,450000	-0,592445	-1,181281
12,460000	-0,597703	-1,191798
12,470000	-0,608219	-1,202315
12,480000	-0,613478	-1,202315
12,490000	-0,618736	-1,218091
12,500000	-0,623994	-1,218091
12,510000	-0,629252	-1,223349
12,520000	-0,629252	-1,228608
12,530000	-0,634510	-1,233866
12,540000	-0,634510	-1,233866
12,550000	-0,629252	-1,233866
12,560000	-0,629252	-1,233866
12,570000	-0,629252	-1,233866
12,580000	-0,618736	-1,228608
12,590000	-0,618736	-1,223349
12,600000	-0,613478	-1,218091
12,610000	-0,608219	-1,218091
12,620000	-0,597703	-1,207573
12,630000	-0,587187	-1,202315
12,640000	-0,581929	-1,191798
12,650000	-0,566154	-1,181281
12,660000	-0,555638	-1,170764
12,670000	-0,545122	-1,154988
12,680000	-0,529347	-1,144471
12,690000	-0,513573	-1,128695
12,700000	-0,497798	-1,112919
12,710000	-0,482024	-1,102402
12,720000	-0,460991	-1,081368
12,730000	-0,445216	-1,065592
12,740000	-0,424184	-1,049817
12,750000	-0,403151	-1,028782
12,760000	-0,382119	-1,013007
12,770000	-0,361086	-0,991972
12,780000	-0,340053	-0,976197
12,790000	-0,313762	-0,955162
12,800000	-0,292730	-0,934128
12,810000	-0,266439	-0,913094
12,820000	-0,240148	-0,886801
12,830000	-0,213857	-0,865767
12,840000	-0,192825	-0,839474
12,850000	-0,161276	-0,813181
12,860000	-0,134985	-0,786888
12,870000	-0,113952	-0,760596
12,880000	-0,082403	-0,734303
12,890000	-0,056113	-0,708010
12,900000	-0,024564	-0,681717
12,910000	0,006985	-0,650166
12,920000	0,033276	-0,623873
12,930000	0,064825	-0,597580
12,940000	0,096374	-0,566029
12,950000	0,127923	-0,539736
12,960000	0,154214	-0,508185
12,970000	0,185763	-0,476633
12,980000	0,217312	-0,445082
12,990000	0,248861	-0,413531
13,000000	0,280410	-0,381979
13,010000	0,311959	-0,350428
13,020000	0,338250	-0,318876
13,030000	0,369799	-0,287325
13,040000	0,401348	-0,255774
13,050000	0,427638	-0,229481
13,060000	0,464445	-0,197929
13,070000	0,490736	-0,171637
13,080000	0,522285	-0,140085
13,090000	0,548576	-0,113792
13,100000	0,574867	-0,082241
13,110000	0,601158	-0,061207
13,120000	0,632707	-0,029655
13,130000	0,664256	0,001896
13,140000	0,685288	0,028189
13,150000	0,716837	0,059740
13,160000	0,737870	0,086033
13,170000	0,764161	0,112326
13,180000	0,790451	0,138619
13,190000	0,816742	0,159653
13,200000	0,837775	0,180687
13,210000	0,864066	0,201721
13,220000	0,885098	0,228014
13,230000	0,906131	0,249048
13,240000	0,927164	0,270083
13,250000	0,948196	0,291117
13,260000	0,963971	0,312151
13,270000	0,985003	0,322668
13,280000	1,000778	0,348961
13,290000	1,016552	0,364737
13,300000	1,027069	0,380512
13,310000	1,042843	0,391030
13,320000	1,058618	0,406805
13,330000	1,069134	0,417322
13,340000	1,079650	0,427839
13,350000	1,090167	0,438357
13,360000	1,100683	0,448874
13,370000	1,111199	0,459391
13,380000	1,116458	0,464649
13,390000	1,121716	0,469908
13,400000	1,126974	0,480425
13,410000	1,132232	0,485684
13,420000	1,137490	0,490942
13,430000	1,137490	0,496201
13,440000	1,142748	0,501459
13,450000	1,142748	0,496201
13,460000	1,137490	0,501459
13,470000	1,137490	0,501459
13,480000	1,132232	0,501459
13,490000	1,132232	0,496201
13,500000	1,121716	0,490942
13,510000	1,121716	0,485684
13,520000	1,111199	0,480425
13,530000	1,105941	0,475167
13,540000	1,095425	0,464649
13,550000	1,084909	0,454132
13,560000	1,074392	0,448874
13,570000	1,063876	0,433098
13,580000	1,048101	0,422581
13,590000	1,032327	0,406805
13,600000	1,021811	0,396288
13,610000	1,006036	0,380512
13,620000	0,985003	0,364737
13,630000	0,969229	0,348961
13,640000	0,953455	0,333185
13,650000	0,932422	0,312151
13,660000	0,911389	0,291117
13,670000	0,890357	0,275341
13,680000	0,869324	0,249048
13,690000	0,843033	0,228014
13,700000	0,822000	0,206980
13,710000	0,800968	0,185946
13,720000	0,774677	0,159653
13,730000	0,748386	0,138619
13,740000	0,727354	0,112326
13,750000	0,695805	0,086033
13,760000	0,669514	0,064999
13,770000	0,643223	0,033447
13,780000	0,616932	0,012413
13,790000	0,590641	-0,024397
13,800000	0,559092	-0,050690
13,810000	0,532802	-0,076983
13,820000	0,501253	-0,113792
13,830000	0,474962	-0,140085
13,840000	0,443413	-0,166378
13,850000	0,411864	-0,197929
13,860000	0,385573	-0,224222
13,870000	0,354024	-0,261032
13,880000	0,322475	-0,287325
13,890000	0,290926	-0,324135
13,900000	0,264635	-0,350428
13,910000	0,233086	-0,376721
13,920000	0,196279	-0,408272
13,930000	0,169988	-0,434565
13,940000	0,138439	-0,466116
13,950000	0,112149	-0,492409
13,960000	0,080600	-0,523960
13,970000	0,049051	-0,550253
13,980000	0,022760	-0,576546
13,990000	-0,008789	-0,602839
14,000000	-0,035080	-0,634390
14,010000	-0,066629	-0,660683
14,020000	-0,092920	-0,686976
14,030000	-0,124469	-0,718527
14,040000	-0,150759	-0,744820
14,050000	-0,177050	-0,771113
14,060000	-0,198083	-0,797406
14,070000	-0,224374	-0,823698
14,080000	-0,255923	-0,849991
14,090000	-0,276955	-0,876284
14,100000	-0,303246	-0,897318
14,110000	-0,319021	-0,923611
14,120000	-0,345311	-0,944645
14,130000	-0,366344	-0,965680
14,140000	-0,387377	-0,986714
14,150000	-0,408409	-1,007748
14,160000	-0,424184	-1,028782
14,170000	-0,445216	-1,044558
14,180000	-0,466249	-1,065592
14,190000	-0,482024	-1,081368
14,200000	-0,497798	-1,097144
14,210000	-0,513573	-1,112919
14,220000	-0,529347	-1,123436
14,230000	-0,539863	-1,139212
14,240000	-0,550380	-1,154988
14,250000	-0,566154	-1,165505
14,260000	-0,571412	-1,176022
14,270000	-0,581929	-1,186539
14,280000	-0,587187	-1,197056
14,290000	-0,597703	-1,202315
14,300000	-0,602961	-1,212832
14,310000	-0,608219	-1,223349
14,320000	-0,613478	-1,228608
14,330000	-0,613478	-1,233866
14,340000	-0,618736	-1,233866
14,350000	-0,618736	-1,239125
14,360000	-0,618736	-1,239125
14,370000	-0,618736	-1,239125
14,380000	-0,618736	-1,233866
14,390000	-0,613478	-1,233866
14,400000	-0,613478	-1,233866
14,410000	-0,608219	-1,228608
14,420000	-0,602961	-1,228608
14,430000	-0,592445	-1,223349
14,440000	-0,587187	-1,218091
14,450000	-0,576671	-1,207573
14,460000	-0,566154	-1,197056
14,470000	-0,555638	-1,191798
14,480000	-0,545122	-1,176022
14,490000	-0,534605	-1,165505
14,500000	-0,518831	-1,154988
14,510000	-0,503056	-1,139212
14,520000	-0,492540	-1,123436
14,530000	-0,471507	-1,107661
14,540000	-0,455733	-1,091885
14,550000	-0,439958	-1,076109
14,560000	-0,418926	-1,055075
14,570000	-0,397893	-1,034041
14,580000	-0,382119	-1,018265
14,590000	-0,355828	-0,997231
14,600000	-0,340053	-0,981455
14,610000	-0,313762	-0,955162
14,620000	-0,292730	-0,939387
14,630000	-0,266439	-0,913094
14,640000	-0,240148	-0,892060
14,650000	-0,213857	-0,865767
14,660000	-0,192825	-0,839474
14,670000	-0,166534	-0,818440
14,680000	-0,134985	-0,792147
14,690000	-0,108694	-0,765854
14,700000	-0,077145	-0,739561
14,710000	-0,050854	-0,708010
14,720000	-0,024564	-0,676459
14,730000	0,006985	-0,644907
14,740000	0,033276	-0,618614
14,750000	0,064825	-0,592322
14,760000	0,096374	-0,560770
14,770000	0,122665	-0,529219
14,780000	0,154214	-0,502926
14,790000	0,185763	-0,471375
14,800000	0,212054	-0,439823
14,810000	0,243603	-0,413531
14,820000	0,269894	-0,381979
14,830000	0,301442	-0,355686
14,840000	0,332991	-0,324135
14,850000	0,364540	-0,292584
14,860000	0,396089	-0,261032
14,870000	0,427638	-0,234739
14,880000	0,453929	-0,203188
14,890000	0,480220	-0,171637
14,900000	0,511769	-0,145344
14,910000	0,543318	-0,113792
14,920000	0,569609	-0,082241
14,930000	0,595900	-0,055948
14,940000	0,622190	-0,029655
14,950000	0,648481	0,007154
14,960000	0,674772	0,028189
14,970000	0,701063	0,059740
14,980000	0,727354	0,080774
14,990000	0,753644	0,112326
15,000000	0,774677	0,133360
15,010000	0,795710	0,159653
15,020000	0,822000	0,180687
15,030000	0,843033	0,201721
15,040000	0,864066	0,222756
15,050000	0,890357	0,243790
15,060000	0,911389	0,264824
15,070000	0,927164	0,285858
15,080000	0,948196	0,306893
15,090000	0,963971	0,327927
15,100000	0,979745	0,338444
15,110000	0,995520	0,359478
15,120000	1,011294	0,375254
15,130000	1,027069	0,385771
15,140000	1,037585	0,401547
15,150000	1,053360	0,412064
15,160000	1,063876	0,422581
15,170000	1,069134	0,433098
15,180000	1,079650	0,448874
15,190000	1,090167	0,454132
15,200000	1,095425	0,464649
15,210000	1,105941	0,469908
15,220000	1,111199	0,480425
15,230000	1,116458	0,485684
15,240000	1,116458	0,490942
15,250000	1,121716	0,490942
15,260000	1,121716	0,496201
15,270000	1,126974	0,496201
15,280000	1,126974	0,496201
15,290000	1,121716	0,496201
15,300000	1,121716	0,496201
15,310000	1,116458	0,496201
15,320000	1,111199	0,490942
15,330000	1,105941	0,480425
15,340000	1,100683	0,480425
15,350000	1,090167	0,469908
15,360000	1,084909	0,464649
15,370000	1,074392	0,459391
15,380000	1,058618	0,448874
15,390000	1,048101	0,438357
15,400000	1,037585	0,422581
15,410000	1,027069	0,412064
15,420000	1,006036	0,401547
15,430000	0,990262	0,385771
15,440000	0,979745	0,369995
15,450000	0,958713	0,354220
15,460000	0,942938	0,333185
15,470000	0,921906	0,312151
15,480000	0,906131	0,291117
15,490000	0,885098	0,270083
15,500000	0,864066	0,249048
15,510000	0,843033	0,222756
15,520000	0,822000	0,201721
15,530000	0,795710	0,180687
15,540000	0,774677	0,154394
15,550000	0,743128	0,133360
15,560000	0,722095	0,107067
15,570000	0,701063	0,080774
15,580000	0,669514	0,054482
15,590000	0,643223	0,022930
15,600000	0,616932	0,001896
15,610000	0,590641	-0,029655
15,620000	0,564351	-0,055948
15,630000	0,532802	-0,087500
15,640000	0,506511	-0,113792
15,650000	0,480220	-0,145344
15,660000	0,453929	-0,176895
15,670000	0,422380	-0,203188
15,680000	0,396089	-0,234739
15,690000	0,364540	-0,261032
15,700000	0,332991	-0,287325
15,710000	0,301442	-0,324135
15,720000	0,275152	-0,350428
15,730000	0,243603	-0,376721
15,740000	0,212054	-0,408272
15,750000	0,185763	-0,439823
15,760000	0,148956	-0,466116
15,770000	0,122665	-0,497668
15,780000	0,091116	-0,529219
15,790000	0,059567	-0,555512
15,800000	0,033276	-0,581805
15,810000	0,006985	-0,613356
15,820000	-0,024564	-0,639649
15,830000	-0,056113	-0,671200
15,840000	-0,082403	-0,697493
15,850000	-0,108694	-0,723786
15,860000	-0,134985	-0,750079
15,870000	-0,161276	-0,776371
15,880000	-0,187567	-0,802664
15,890000	-0,213857	-0,828957
15,900000	-0,234890	-0,855250
15,910000	-0,261181	-0,881543
15,920000	-0,282213	-0,902577
15,930000	-0,303246	-0,928870
15,940000	-0,324279	-0,949904
15,950000	-0,350570	-0,970938
15,960000	-0,371602	-0,991972
15,970000	-0,387377	-1,013007
15,980000	-0,408409	-1,034041
15,990000	-0,424184	-1,055075
16,000000	-0,445216	-1,070851
16,010000	-0,455733	-1,086627
16,020000	-0,476765	-1,107661
16,030000	-0,492540	-1,123436
16,040000	-0,503056	-1,133954
16,050000	-0,518831	-1,149729
16,060000	-0,534605	-1,160246
16,070000	-0,545122	-1,176022
16,080000	-0,555638	-1,181281
16,090000	-0,566154	-1,197056
16,100000	-0,576671	-1,202315
16,110000	-0,587187	-1,218091
16,120000	-0,587187	-1,223349
16,130000	-0,592445	-1,228608
16,140000	-0,602961	-1,233866
16,150000	-0,602961	-1,239125
16,160000	-0,602961	-1,239125
16,170000	-0,608219	-1,244383
16,180000	-0,608219	-1,244383
16,190000	-0,608219	-1,239125
16,200000	-0,602961	-1,239125
16,210000	-0,597703	-1,233866
16,220000	-0,597703	-1,233866
16,230000	-0,597703	-1,228608
16,240000	-0,587187	-1,223349
16,250000	-0,581929	-1,223349
16,260000	-0,576671	-1,212832
16,270000	-0,566154	-1,202315
16,280000	-0,560896	-1,197056
16,290000	-0,545122	-1,186539
16,300000	-0,534605	-1,176022
16,310000	-0,524089	-1,165505
16,320000	-0,513573	-1,160246
16,330000	-0,492540	-1,144471
16,340000	-0,482024	-1,128695
16,350000	-0,466249	-1,118178
16,360000	-0,445216	-1,097144
16,370000	-0,429442	-1,086627
16,380000	-0,413668	-1,065592
16,390000	-0,392635	-1,049817
16,400000	-0,376860	-1,028782
16,410000	-0,350570	-1,007748
16,420000	-0,334795	-0,991972
16,430000	-0,313762	-0,965680
16,440000	-0,287472	-0,944645
16,450000	-0,271697	-0,918353
16,460000	-0,245406	-0,897318
16,470000	-0,219116	-0,871025
16,480000	-0,192825	-0,844733
16,490000	-0,171792	-0,818440
16,500000	-0,145501	-0,792147
16,510000	-0,119210	-0,765854
16,520000	-0,092920	-0,739561
16,530000	-0,066629	-0,713269
16,540000	-0,035080	-0,686976
16,550000	-0,008789	-0,655424
16,560000	0,022760	-0,629132
16,570000	0,049051	-0,597580
16,580000	0,080600	-0,566029
16,590000	0,112149	-0,539736
16,600000	0,138439	-0,508185
16,610000	0,169988	-0,476633
16,620000	0,196279	-0,445082
16,630000	0,227828	-0,418789
16,640000	0,254119	-0,387238
16,650000	0,290926	-0,355686
16,660000	0,317217	-0,329394
16,670000	0,343508	-0,297842
16,680000	0,375057	-0,266291
16,690000	0,401348	-0,234739
16,700000	0,432897	-0,208447
16,710000	0,459187	-0,176895
16,720000	0,490736	-0,140085
16,730000	0,517027	-0,113792
16,740000	0,548576	-0,082241
16,750000	0,574867	-0,055948
16,760000	0,601158	-0,024397
16,770000	0,632707	0,007154
16,780000	0,653739	0,038706
16,790000	0,685288	0,064999
16,800000	0,706321	0,091291
16,810000	0,732612	0,117584
16,820000	0,758903	0,138619
16,830000	0,779935	0,164911
16,840000	0,806226	0,185946
16,850000	0,822000	0,212238
16,860000	0,848291	0,233273
16,870000	0,869324	0,254307
16,880000	0,885098	0,280600
16,890000	0,906131	0,296375
16,900000	0,927164	0,317410
16,910000	0,948196	0,333185
16,920000	0,963971	0,354220
16,930000	0,985003	0,369995
16,940000	0,995520	0,391030
16,950000	1,011294	0,401547
16,960000	1,021811	0,417322
16,970000	1,032327	0,427839
16,980000	1,048101	0,443615
16,990000	1,058618	0,454132
17,000000	1,069134	0,464649
17,010000	1,079650	0,469908
17,020000	1,084909	0,475167
17,030000	1,090167	0,485684
17,040000	1,100683	0,490942
17,050000	1,105941	0,496201
17,060000	1,111199	0,501459
17,070000	1,111199	0,506718
17,080000	1,111199	0,506718
17,090000	1,116458	0,511976
17,100000	1,116458	0,511976
17,110000	1,116458	0,511976
17,120000	1,111199	0,511976
17,130000	1,111199	0,506718
17,140000	1,105941	0,496201
17,150000	1,100683	0,496201
17,160000	1,095425	0,485684
17,170000	1,084909	0,480425
17,180000	1,079650	0,469908
17,190000	1,069134	0,459391
17,200000	1,063876	0,454132
17,210000	1,053360	0,438357
17,220000	1,037585	0,433098
17,230000	1,027069	0,412064
17,240000	1,011294	0,401547
17,250000	1,000778	0,385771
17,260000	0,979745	0,369995
17,270000	0,969229	0,354220
17,280000	0,948196	0,338444
17,290000	0,932422	0,317410
17,300000	0,911389	0,296375
17,310000	0,895615	0,275341
17,320000	0,874582	0,254307
17,330000	0,853549	0,228014
17,340000	0,827259	0,212238
17,350000	0,811484	0,185946
17,360000	0,785193	0,159653
17,370000	0,758903	0,133360
17,380000	0,737870	0,112326
17,390000	0,711579	0,086033
17,400000	0,685288	0,054482
17,410000	0,658997	0,028189
17,420000	0,632707	0,001896
17,430000	0,606416	-0,034914
17,440000	0,574867	-0,061207
17,450000	0,553834	-0,092758
17,460000	0,522285	-0,119051
17,470000	0,490736	-0,150602
17,480000	0,464445	-0,182154
17,490000	0,438155	-0,213705
17,500000	0,406606	-0,245257
17,510000	0,375057	-0,276808
17,520000	0,343508	-0,308359
17,530000	0,317217	-0,339911
17,540000	0,290926	-0,366203
17,550000	0,259377	-0,397755
17,560000	0,227828	-0,429306
17,570000	0,201537	-0,460858
17,580000	0,169988	-0,487150
17,590000	0,143698	-0,518702
17,600000	0,112149	-0,550253
17,610000	0,080600	-0,581805
17,620000	0,054309	-0,613356
17,630000	0,028018	-0,639649
17,640000	-0,003531	-0,665942
17,650000	-0,029822	-0,697493
17,660000	-0,061371	-0,723786
17,670000	-0,087661	-0,750079
17,680000	-0,119210	-0,776371
17,690000	-0,140243	-0,802664
17,700000	-0,171792	-0,828957
17,710000	-0,192825	-0,855250
17,720000	-0,219116	-0,881543
17,730000	-0,240148	-0,902577
17,740000	-0,266439	-0,928870
17,750000	-0,287472	-0,949904
17,760000	-0,313762	-0,970938
17,770000	-0,334795	-0,986714
17,780000	-0,355828	-1,007748
17,790000	-0,371602	-1,034041
17,800000	-0,397893	-1,049817
17,810000	-0,413668	-1,070851
17,820000	-0,434700	-1,086627
17,830000	-0,450475	-1,107661
17,840000	-0,466249	-1,123436
17,850000	-0,482024	-1,139212
17,860000	-0,497798	-1,154988
17,870000	-0,513573	-1,165505
17,880000	-0,524089	-1,181281
17,890000	-0,534605	-1,191798
17,900000	-0,545122	-1,202315
17,910000	-0,555638	-1,212832
17,920000	-0,566154	-1,218091
17,930000	-0,576671	-1,228608
17,940000	-0,581929	-1,233866
17,950000	-0,587187	-1,244383
17,960000	-0,592445	-1,244383
17,970000	-0,597703	-1,249642
17,980000	-0,602961	-1,249642
17,990000	-0,602961	-1,254901
18,000000	-0,602961	-1,254901
18,010000	-0,602961	-1,254901
18,020000	-0,602961	-1,254901
18,030000	-0,602961	-1,249642
18,040000	-0,597703	-1,249642
18,050000	-0,592445	-1,249642
18,060000	-0,587187	-1,244383
18,070000	-0,581929	-1,239125
18,080000	-0,576671	-1,233866
18,090000	-0,571412	-1,223349
18,100000	-0,560896	-1,218091
18,110000	-0,550380	-1,207573
18,120000	-0,539863	-1,197056
18,130000	-0,529347	-1,181281
18,140000	-0,513573	-1,170764
18,150000	-0,503056	-1,154988
18,160000	-0,492540	-1,139212
18,170000	-0,471507	-1,118178
18,180000	-0,455733	-1,107661
18,190000	-0,445216	-1,086627
18,200000	-0,424184	-1,070851
18,210000	-0,408409	-1,049817
18,220000	-0,387377	-1,028782
18,230000	-0,366344	-1,013007
18,240000	-0,350570	-0,991972
18,250000	-0,324279	-0,970938
18,260000	-0,303246	-0,944645
18,270000	-0,282213	-0,923611
18,280000	-0,261181	-0,897318
18,290000	-0,234890	-0,876284
18,300000	-0,213857	-0,844733
18,310000	-0,187567	-0,823698
18,320000	-0,161276	-0,797406
18,330000	-0,134985	-0,771113
18,340000	-0,108694	-0,744820
18,350000	-0,082403	-0,718527
18,360000	-0,056113	-0,686976
18,370000	-0,029822	-0,660683
18,380000	0,001727	-0,629132
18,390000	0,028018	-0,597580
18,400000	0,059567	-0,566029
18,410000	0,091116	-0,539736
18,420000	0,117407	-0,508185
18,430000	0,148956	-0,481892
18,440000	0,175247	-0,450340
18,450000	0,206796	-0,418789
18,460000	0,233086	-0,392496
18,470000	0,269894	-0,360945
18,480000	0,296184	-0,329394
18,490000	0,327733	-0,297842
18,500000	0,359282	-0,266291
18,510000	0,390831	-0,239998
18,520000	0,422380	-0,203188
18,530000	0,443413	-0,176895
18,540000	0,474962	-0,140085
18,550000	0,501253	-0,113792
18,560000	0,532802	-0,082241
18,570000	0,559092	-0,050690
18,580000	0,590641	-0,024397
18,590000	0,616932	0,007154
18,600000	0,643223	0,033447
18,610000	0,669514	0,059740
18,620000	0,695805	0,086033
18,630000	0,722095	0,112326
18,640000	0,743128	0,133360
18,650000	0,769419	0,159653
18,660000	0,790451	0,185946
18,670000	0,816742	0,206980
18,680000	0,837775	0,228014
18,690000	0,858808	0,249048
18,700000	0,879840	0,270083
18,710000	0,900873	0,285858
18,720000	0,916647	0,306893
18,730000	0,942938	0,322668
18,740000	0,958713	0,343702
18,750000	0,979745	0,354220
18,760000	0,990262	0,375254
18,770000	1,011294	0,385771
18,780000	1,021811	0,406805
18,790000	1,037585	0,417322
18,800000	1,048101	0,427839
18,810000	1,058618	0,443615
18,820000	1,069134	0,448874
18,830000	1,079650	0,454132
18,840000	1,090167	0,464649
18,850000	1,095425	0,469908
18,860000	1,105941	0,475167
18,870000	1,111199	0,475167
18,880000	1,116458	0,480425
18,890000	1,121716	0,480425
18,900000	1,121716	0,485684
18,910000	1,121716	0,485684
18,920000	1,121716	0,480425
18,930000	1,121716	0,480425
18,940000	1,121716	0,485684
18,950000	1,116458	0,480425
18,960000	1,116458	0,475167
18,970000	1,105941	0,469908
18,980000	1,105941	0,464649
18,990000	1,100683	0,454132
19,000000	1,095425	0,448874
19,010000	1,084909	0,438357
19,020000	1,074392	0,427839
19,030000	1,063876	0,417322
19,040000	1,053360	0,401547
19,050000	1,042843	0,391030
19,060000	1,032327	0,380512
19,070000	1,016552	0,359478
19,080000	0,995520	0,348961
19,090000	0,985003	0,327927
19,100000	0,969229	0,312151
19,110000	0,953455	0,291117
19,120000	0,932422	0,264824
19,130000	0,911389	0,249048
19,140000	0,890357	0,228014
19,150000	0,869324	0,201721
19,160000	0,848291	0,180687
19,170000	0,827259	0,159653
19,180000	0,800968	0,133360
19,190000	0,779935	0,107067
19,200000	0,753644	0,080774
19,210000	0,727354	0,054482
19,220000	0,706321	0,028189
19,230000	0,680030	0,001896
19,240000	0,653739	-0,029655
19,250000	0,622190	-0,055948
19,260000	0,595900	-0,082241
19,270000	0,569609	-0,108534
19,280000	0,543318	-0,140085
19,290000	0,511769	-0,166378
19,300000	0,480220	-0,192671
19,310000	0,453929	-0,224222
19,320000	0,422380	-0,250515
19,330000	0,396089	-0,276808
19,340000	0,359282	-0,308359
19,350000	0,332991	-0,339911
19,360000	0,301442	-0,371462
19,370000	0,269894	-0,397755
19,380000	0,238345	-0,429306
19,390000	0,212054	-0,460858
19,400000	0,180505	-0,487150
19,410000	0,148956	-0,513443
19,420000	0,122665	-0,544995
19,430000	0,091116	-0,571287
19,440000	0,059567	-0,597580
19,450000	0,033276	-0,629132
19,460000	0,001727	-0,655424
19,470000	-0,029822	-0,686976
19,480000	-0,056113	-0,713269
19,490000	-0,082403	-0,739561
19,500000	-0,108694	-0,765854
19,510000	-0,134985	-0,797406
19,520000	-0,161276	-0,818440
19,530000	-0,187567	-0,844733
19,540000	-0,213857	-0,871025
19,550000	-0,234890	-0,897318
19,560000	-0,261181	-0,918353
19,570000	-0,287472	-0,944645
19,580000	-0,313762	-0,965680
19,590000	-0,329537	-0,986714
19,600000	-0,355828	-1,007748
19,610000	-0,371602	-1,028782
19,620000	-0,397893	-1,044558
19,630000	-0,413668	-1,065592
19,640000	-0,434700	-1,076109
19,650000	-0,450475	-1,097144
19,660000	-0,471507	-1,107661
19,670000	-0,487282	-1,128695
19,680000	-0,503056	-1,139212
19,690000	-0,518831	-1,154988
19,700000	-0,529347	-1,160246
19,710000	-0,539863	-1,176022
19,720000	-0,555638	-1,186539
19,730000	-0,566154	-1,197056
19,740000	-0,576671	-1,202315
19,750000	-0,581929	-1,212832
19,760000	-0,592445	-1,212832
19,770000	-0,597703	-1,223349
19,780000	-0,608219	-1,228608
19,790000	-0,608219	-1,228608
19,800000	-0,618736	-1,239125
19,810000	-0,613478	-1,233866
19,820000	-0,618736	-1,228608
19,830000	-0,618736	-1,228608
19,840000	-0,618736	-1,228608
19,850000	-0,618736	-1,228608
19,860000	-0,613478	-1,218091
19,870000	-0,613478	-1,218091
19,880000	-0,608219	-1,212832
19,890000	-0,602961	-1,202315
19,900000	-0,597703	-1,197056
19,910000	-0,587187	-1,186539
19,920000	-0,581929	-1,181281
19,930000	-0,571412	-1,170764
19,940000	-0,566154	-1,160246
19,950000	-0,550380	-1,144471
19,960000	-0,539863	-1,133954
19,970000	-0,524089	-1,118178
19,980000	-0,513573	-1,102402
19,990000	-0,497798	-1,086627
