t (s)	U1(V)	U2(V)
0,000000	-0,650285	-1,244383
0,010000	-0,655543	-1,244383
0,020000	-0,655543	-1,249642
0,030000	-0,660801	-1,254901
0,040000	-0,660801	-1,260159
0,050000	-0,660801	-1,260159
0,060000	-0,660801	-1,265418
0,070000	-0,660801	-1,265418
0,080000	-0,655543	-1,260159
0,090000	-0,655543	-1,260159
0,100000	-0,645027	-1,260159
0,110000	-0,639768	-1,260159
0,120000	-0,634510	-1,249642
0,130000	-0,623994	-1,244383
0,140000	-0,613478	-1,239125
0,150000	-0,602961	-1,233866
0,160000	-0,587187	-1,223349
0,170000	-0,576671	-1,212832
0,180000	-0,560896	-1,207573
0,190000	-0,545122	-1,191798
0,200000	-0,529347	-1,176022
0,210000	-0,513573	-1,165505
0,220000	-0,497798	-1,144471
0,230000	-0,482024	-1,133954
0,240000	-0,460991	-1,112919
0,250000	-0,439958	-1,097144
0,260000	-0,413668	-1,076109
0,270000	-0,392635	-1,055075
0,280000	-0,376860	-1,039299
0,290000	-0,350570	-1,018265
0,300000	-0,324279	-0,997231
0,310000	-0,297988	-0,976197
0,320000	-0,276955	-0,949904
0,330000	-0,250664	-0,928870
0,340000	-0,219116	-0,907835
0,350000	-0,192825	-0,881543
0,360000	-0,166534	-0,855250
0,370000	-0,134985	-0,834216
0,380000	-0,108694	-0,807923
0,390000	-0,077145	-0,781630
0,400000	-0,045596	-0,750079
0,410000	-0,014047	-0,723786
0,420000	0,017502	-0,702751
0,430000	0,049051	-0,671200
0,440000	0,080600	-0,644907
0,450000	0,117407	-0,608097
0,460000	0,143698	-0,576546
0,470000	0,180505	-0,550253
0,480000	0,212054	-0,518702
0,490000	0,243603	-0,487150
0,500000	0,280410	-0,455599
0,510000	0,311959	-0,424048
0,520000	0,343508	-0,392496
0,530000	0,380315	-0,360945
0,540000	0,406606	-0,334652
0,550000	0,438155	-0,303101
0,560000	0,469704	-0,266291
0,570000	0,501253	-0,239998
0,580000	0,538060	-0,208447
0,590000	0,569609	-0,176895
0,600000	0,595900	-0,150602
0,610000	0,627448	-0,119051
0,620000	0,658997	-0,087500
0,630000	0,690546	-0,055948
0,640000	0,716837	-0,029655
0,650000	0,743128	0,001896
0,660000	0,779935	0,022930
0,670000	0,800968	0,054482
0,680000	0,827259	0,075516
0,690000	0,853549	0,101809
0,700000	0,879840	0,122843
0,710000	0,900873	0,149136
0,720000	0,927164	0,175428
0,730000	0,948196	0,196463
0,740000	0,974487	0,217497
0,750000	0,995520	0,238531
0,760000	1,011294	0,259565
0,770000	1,032327	0,280600
0,780000	1,053360	0,296375
0,790000	1,069134	0,317410
0,800000	1,084909	0,333185
0,810000	1,105941	0,354220
0,820000	1,116458	0,364737
0,830000	1,132232	0,380512
0,840000	1,142748	0,396288
0,850000	1,158523	0,412064
0,860000	1,163781	0,422581
0,870000	1,174297	0,438357
0,880000	1,184814	0,448874
0,890000	1,184814	0,459391
0,900000	1,195330	0,464649
0,910000	1,205846	0,475167
0,920000	1,205846	0,480425
0,930000	1,211104	0,485684
0,940000	1,211104	0,490942
0,950000	1,211104	0,496201
0,960000	1,211104	0,501459
0,970000	1,211104	0,501459
0,980000	1,205846	0,501459
0,990000	1,205846	0,501459
1,000000	1,200588	0,501459
1,010000	1,190072	0,496201
1,020000	1,184814	0,496201
1,030000	1,179555	0,485684
1,040000	1,169039	0,480425
1,050000	1,158523	0,475167
1,060000	1,148006	0,464649
1,070000	1,137490	0,454132
1,080000	1,121716	0,448874
1,090000	1,111199	0,438357
1,100000	1,095425	0,427839
1,110000	1,079650	0,412064
1,120000	1,063876	0,401547
1,130000	1,042843	0,385771
1,140000	1,021811	0,369995
1,150000	1,000778	0,348961
1,160000	0,979745	0,333185
1,170000	0,958713	0,312151
1,180000	0,937680	0,291117
1,190000	0,911389	0,275341
1,200000	0,890357	0,249048
1,210000	0,864066	0,228014
1,220000	0,843033	0,201721
1,230000	0,816742	0,180687
1,240000	0,790451	0,154394
1,250000	0,764161	0,122843
1,260000	0,732612	0,101809
1,270000	0,711579	0,070257
1,280000	0,674772	0,043964
1,290000	0,648481	0,017672
1,300000	0,622190	-0,013880
1,310000	0,585383	-0,045431
1,320000	0,559092	-0,071724
1,330000	0,527543	-0,098017
1,340000	0,495994	-0,129568
1,350000	0,464445	-0,155861
1,360000	0,432897	-0,187412
1,370000	0,401348	-0,213705
1,380000	0,369799	-0,245257
1,390000	0,338250	-0,271549
1,400000	0,311959	-0,303101
1,410000	0,275152	-0,329394
1,420000	0,243603	-0,366203
1,430000	0,212054	-0,392496
1,440000	0,180505	-0,424048
1,450000	0,154214	-0,460858
1,460000	0,117407	-0,487150
1,470000	0,085858	-0,523960
1,480000	0,059567	-0,550253
1,490000	0,028018	-0,581805
1,500000	-0,003531	-0,613356
1,510000	-0,035080	-0,644907
1,520000	-0,066629	-0,676459
1,530000	-0,092920	-0,702751
1,540000	-0,124469	-0,729044
1,550000	-0,150759	-0,760596
1,560000	-0,177050	-0,786888
1,570000	-0,203341	-0,813181
1,580000	-0,229632	-0,844733
1,590000	-0,255923	-0,865767
1,600000	-0,276955	-0,886801
1,610000	-0,303246	-0,913094
1,620000	-0,324279	-0,939387
1,630000	-0,350570	-0,960421
1,640000	-0,371602	-0,986714
1,650000	-0,392635	-1,007748
1,660000	-0,413668	-1,034041
1,670000	-0,434700	-1,055075
1,680000	-0,450475	-1,076109
1,690000	-0,471507	-1,091885
1,700000	-0,487282	-1,112919
1,710000	-0,503056	-1,133954
1,720000	-0,518831	-1,149729
1,730000	-0,534605	-1,165505
1,740000	-0,550380	-1,181281
1,750000	-0,555638	-1,197056
1,760000	-0,566154	-1,212832
1,770000	-0,576671	-1,228608
1,780000	-0,587187	-1,239125
1,790000	-0,592445	-1,254901
1,800000	-0,602961	-1,260159
1,810000	-0,608219	-1,270676
1,820000	-0,613478	-1,281193
1,830000	-0,618736	-1,286452
1,840000	-0,623994	-1,291710
1,850000	-0,623994	-1,291710
1,860000	-0,623994	-1,296969
1,870000	-0,623994	-1,302228
1,880000	-0,623994	-1,302228
1,890000	-0,623994	-1,302228
1,900000	-0,618736	-1,302228
1,910000	-0,613478	-1,296969
1,920000	-0,608219	-1,296969
1,930000	-0,597703	-1,291710
1,940000	-0,592445	-1,286452
1,950000	-0,581929	-1,281193
1,960000	-0,576671	-1,275935
1,970000	-0,566154	-1,265418
1,980000	-0,555638	-1,260159
1,990000	-0,545122	-1,244383
2,000000	-0,529347	-1,233866
2,010000	-0,518831	-1,223349
2,020000	-0,497798	-1,212832
2,030000	-0,482024	-1,197056
2,040000	-0,466249	-1,181281
2,050000	-0,450475	-1,170764
2,060000	-0,434700	-1,149729
2,070000	-0,408409	-1,133954
2,080000	-0,392635	-1,118178
2,090000	-0,366344	-1,097144
2,100000	-0,345311	-1,076109
2,110000	-0,319021	-1,055075
2,120000	-0,297988	-1,034041
2,130000	-0,276955	-1,007748
2,140000	-0,250664	-0,986714
2,150000	-0,224374	-0,960421
2,160000	-0,198083	-0,934128
2,170000	-0,171792	-0,907835
2,180000	-0,145501	-0,881543
2,190000	-0,119210	-0,860508
2,200000	-0,087661	-0,828957
2,210000	-0,061371	-0,802664
2,220000	-0,029822	-0,776371
2,230000	0,001727	-0,744820
2,240000	0,033276	-0,718527
2,250000	0,059567	-0,692234
2,260000	0,091116	-0,660683
2,270000	0,117407	-0,629132
2,280000	0,154214	-0,597580
2,290000	0,185763	-0,571287
2,300000	0,212054	-0,534477
2,310000	0,243603	-0,502926
2,320000	0,275152	-0,471375
2,330000	0,306701	-0,434565
2,340000	0,332991	-0,408272
2,350000	0,364540	-0,371462
2,360000	0,396089	-0,345169
2,370000	0,427638	-0,313618
2,380000	0,459187	-0,276808
2,390000	0,485478	-0,245257
2,400000	0,522285	-0,213705
2,410000	0,543318	-0,182154
2,420000	0,574867	-0,150602
2,430000	0,606416	-0,124310
2,440000	0,632707	-0,087500
2,450000	0,658997	-0,061207
2,460000	0,690546	-0,029655
2,470000	0,716837	0,001896
2,480000	0,743128	0,028189
2,490000	0,769419	0,059740
2,500000	0,795710	0,086033
2,510000	0,822000	0,112326
2,520000	0,843033	0,143877
2,530000	0,869324	0,170170
2,540000	0,890357	0,196463
2,550000	0,916647	0,222756
2,560000	0,937680	0,249048
2,570000	0,958713	0,270083
2,580000	0,979745	0,285858
2,590000	0,995520	0,312151
2,600000	1,016552	0,333185
2,610000	1,032327	0,348961
2,620000	1,048101	0,364737
2,630000	1,063876	0,385771
2,640000	1,079650	0,401547
2,650000	1,090167	0,417322
2,660000	1,100683	0,433098
2,670000	1,116458	0,448874
2,680000	1,121716	0,459391
2,690000	1,132232	0,469908
2,700000	1,142748	0,485684
2,710000	1,153265	0,501459
2,720000	1,158523	0,501459
2,730000	1,163781	0,511976
2,740000	1,174297	0,517235
2,750000	1,174297	0,522494
2,760000	1,179555	0,527752
2,770000	1,179555	0,527752
2,780000	1,179555	0,533011
2,790000	1,179555	0,533011
2,800000	1,179555	0,533011
2,810000	1,174297	0,533011
2,820000	1,169039	0,527752
2,830000	1,163781	0,527752
2,840000	1,158523	0,522494
2,850000	1,153265	0,511976
2,860000	1,142748	0,506718
2,870000	1,137490	0,496201
2,880000	1,126974	0,490942
2,890000	1,116458	0,480425
2,900000	1,100683	0,469908
2,910000	1,090167	0,459391
2,920000	1,074392	0,443615
2,930000	1,063876	0,433098
2,940000	1,042843	0,417322
2,950000	1,027069	0,401547
2,960000	1,011294	0,380512
2,970000	0,995520	0,359478
2,980000	0,974487	0,338444
2,990000	0,958713	0,317410
3,000000	0,932422	0,296375
3,010000	0,916647	0,275341
3,020000	0,890357	0,254307
3,030000	0,869324	0,228014
3,040000	0,843033	0,201721
3,050000	0,822000	0,175428
3,060000	0,795710	0,154394
3,070000	0,769419	0,122843
3,080000	0,737870	0,096550
3,090000	0,716837	0,064999
3,100000	0,685288	0,033447
3,110000	0,658997	0,007154
3,120000	0,632707	-0,024397
3,130000	0,601158	-0,055948
3,140000	0,574867	-0,087500
3,150000	0,548576	-0,113792
3,160000	0,517027	-0,145344
3,170000	0,490736	-0,176895
3,180000	0,459187	-0,213705
3,190000	0,427638	-0,245257
3,200000	0,396089	-0,271549
3,210000	0,364540	-0,303101
3,220000	0,332991	-0,334652
3,230000	0,306701	-0,371462
3,240000	0,275152	-0,403013
3,250000	0,243603	-0,434565
3,260000	0,212054	-0,466116
3,270000	0,185763	-0,497668
3,280000	0,154214	-0,529219
3,290000	0,122665	-0,560770
3,300000	0,091116	-0,597580
3,310000	0,064825	-0,623873
3,320000	0,028018	-0,655424
3,330000	0,001727	-0,686976
3,340000	-0,024564	-0,718527
3,350000	-0,056113	-0,750079
3,360000	-0,082403	-0,776371
3,370000	-0,113952	-0,807923
3,380000	-0,134985	-0,839474
3,390000	-0,166534	-0,865767
3,400000	-0,187567	-0,892060
3,410000	-0,213857	-0,918353
3,420000	-0,234890	-0,944645
3,430000	-0,261181	-0,970938
3,440000	-0,282213	-0,997231
3,450000	-0,308504	-1,018265
3,460000	-0,329537	-1,039299
3,470000	-0,350570	-1,065592
3,480000	-0,371602	-1,081368
3,490000	-0,392635	-1,102402
3,500000	-0,408409	-1,128695
3,510000	-0,429442	-1,144471
3,520000	-0,445216	-1,160246
3,530000	-0,466249	-1,176022
3,540000	-0,476765	-1,197056
3,550000	-0,492540	-1,207573
3,560000	-0,503056	-1,223349
3,570000	-0,524089	-1,239125
3,580000	-0,534605	-1,254901
3,590000	-0,539863	-1,265418
3,600000	-0,555638	-1,275935
3,610000	-0,560896	-1,286452
3,620000	-0,571412	-1,296969
3,630000	-0,576671	-1,307486
3,640000	-0,581929	-1,312745
3,650000	-0,587187	-1,318003
3,660000	-0,592445	-1,323262
3,670000	-0,592445	-1,328520
3,680000	-0,597703	-1,328520
3,690000	-0,597703	-1,328520
3,700000	-0,597703	-1,328520
3,710000	-0,597703	-1,323262
3,720000	-0,592445	-1,328520
3,730000	-0,592445	-1,318003
3,740000	-0,587187	-1,318003
3,750000	-0,581929	-1,312745
3,760000	-0,576671	-1,307486
3,770000	-0,571412	-1,296969
3,780000	-0,560896	-1,291710
3,790000	-0,550380	-1,281193
3,800000	-0,545122	-1,270676
3,810000	-0,534605	-1,260159
3,820000	-0,518831	-1,249642
3,830000	-0,508314	-1,239125
3,840000	-0,497798	-1,223349
3,850000	-0,482024	-1,207573
3,860000	-0,466249	-1,191798
3,870000	-0,450475	-1,170764
3,880000	-0,429442	-1,154988
3,890000	-0,413668	-1,139212
3,900000	-0,397893	-1,118178
3,910000	-0,376860	-1,091885
3,920000	-0,355828	-1,076109
3,930000	-0,329537	-1,049817
3,940000	-0,308504	-1,028782
3,950000	-0,287472	-0,997231
3,960000	-0,261181	-0,976197
3,970000	-0,240148	-0,949904
3,980000	-0,213857	-0,923611
3,990000	-0,187567	-0,892060
4,000000	-0,161276	-0,865767
4,010000	-0,140243	-0,839474
4,020000	-0,108694	-0,807923
4,030000	-0,082403	-0,781630
4,040000	-0,056113	-0,750079
4,050000	-0,029822	-0,723786
4,060000	0,001727	-0,692234
4,070000	0,033276	-0,660683
4,080000	0,064825	-0,629132
4,090000	0,091116	-0,592322
4,100000	0,117407	-0,566029
4,110000	0,148956	-0,534477
4,120000	0,180505	-0,502926
4,130000	0,212054	-0,471375
4,140000	0,238345	-0,434565
4,150000	0,269894	-0,408272
4,160000	0,301442	-0,376721
4,170000	0,332991	-0,339911
4,180000	0,359282	-0,308359
4,190000	0,390831	-0,271549
4,200000	0,422380	-0,239998
4,210000	0,453929	-0,203188
4,220000	0,480220	-0,176895
4,230000	0,511769	-0,140085
4,240000	0,538060	-0,113792
4,250000	0,564351	-0,082241
4,260000	0,595900	-0,055948
4,270000	0,622190	-0,024397
4,280000	0,653739	0,012413
4,290000	0,680030	0,038706
4,300000	0,706321	0,070257
4,310000	0,727354	0,096550
4,320000	0,758903	0,122843
4,330000	0,779935	0,149136
4,340000	0,806226	0,175428
4,350000	0,832517	0,201721
4,360000	0,848291	0,228014
4,370000	0,879840	0,249048
4,380000	0,900873	0,270083
4,390000	0,921906	0,296375
4,400000	0,942938	0,317410
4,410000	0,958713	0,338444
4,420000	0,979745	0,354220
4,430000	1,000778	0,375254
4,440000	1,016552	0,396288
4,450000	1,032327	0,412064
4,460000	1,048101	0,427839
4,470000	1,063876	0,448874
4,480000	1,079650	0,459391
4,490000	1,090167	0,475167
4,500000	1,100683	0,485684
4,510000	1,116458	0,496201
4,520000	1,121716	0,496201
4,530000	1,132232	0,511976
4,540000	1,142748	0,517235
4,550000	1,148006	0,522494
4,560000	1,153265	0,522494
4,570000	1,158523	0,522494
4,580000	1,163781	0,527752
4,590000	1,163781	0,533011
4,600000	1,169039	0,527752
4,610000	1,169039	0,538269
4,620000	1,169039	0,533011
4,630000	1,169039	0,533011
4,640000	1,163781	0,527752
4,650000	1,163781	0,522494
4,660000	1,158523	0,517235
4,670000	1,153265	0,506718
4,680000	1,148006	0,501459
4,690000	1,137490	0,490942
4,700000	1,132232	0,480425
4,710000	1,121716	0,475167
4,720000	1,111199	0,459391
4,730000	1,095425	0,443615
4,740000	1,090167	0,433098
4,750000	1,074392	0,417322
4,760000	1,063876	0,401547
4,770000	1,048101	0,385771
4,780000	1,032327	0,364737
4,790000	1,011294	0,348961
4,800000	0,995520	0,327927
4,810000	0,974487	0,306893
4,820000	0,958713	0,285858
4,830000	0,937680	0,264824
4,840000	0,921906	0,243790
4,850000	0,895615	0,212238
4,860000	0,874582	0,191204
4,870000	0,853549	0,164911
4,880000	0,827259	0,138619
4,890000	0,806226	0,112326
4,900000	0,779935	0,080774
4,910000	0,753644	0,054482
4,920000	0,727354	0,022930
4,930000	0,695805	-0,008621
4,940000	0,674772	-0,040173
4,950000	0,643223	-0,071724
4,960000	0,616932	-0,098017
4,970000	0,590641	-0,134827
4,980000	0,559092	-0,166378
4,990000	0,532802	-0,197929
5,000000	0,506511	-0,229481
5,010000	0,474962	-0,261032
5,020000	0,443413	-0,292584
5,030000	0,411864	-0,324135
5,040000	0,380315	-0,350428
5,050000	0,354024	-0,381979
5,060000	0,322475	-0,413531
5,070000	0,290926	-0,450340
5,080000	0,259377	-0,476633
5,090000	0,227828	-0,508185
5,100000	0,196279	-0,544995
5,110000	0,164730	-0,576546
5,120000	0,133181	-0,608097
5,130000	0,101632	-0,634390
5,140000	0,070083	-0,665942
5,150000	0,038534	-0,692234
5,160000	0,012244	-0,723786
5,170000	-0,019305	-0,755337
5,180000	-0,045596	-0,781630
5,190000	-0,077145	-0,813181
5,200000	-0,103436	-0,839474
5,210000	-0,129727	-0,865767
5,220000	-0,156018	-0,892060
5,230000	-0,182308	-0,918353
5,240000	-0,208599	-0,944645
5,250000	-0,234890	-0,965680
5,260000	-0,261181	-0,991972
5,270000	-0,282213	-1,013007
5,280000	-0,308504	-1,039299
5,290000	-0,329537	-1,060334
5,300000	-0,350570	-1,081368
5,310000	-0,371602	-1,102402
5,320000	-0,392635	-1,123436
5,330000	-0,413668	-1,139212
5,340000	-0,429442	-1,160246
5,350000	-0,450475	-1,176022
5,360000	-0,466249	-1,191798
5,370000	-0,482024	-1,202315
5,380000	-0,497798	-1,218091
5,390000	-0,513573	-1,233866
5,400000	-0,524089	-1,244383
5,410000	-0,539863	-1,254901
5,420000	-0,550380	-1,265418
5,430000	-0,560896	-1,270676
5,440000	-0,571412	-1,275935
5,450000	-0,576671	-1,281193
5,460000	-0,587187	-1,286452
5,470000	-0,592445	-1,291710
5,480000	-0,597703	-1,291710
5,490000	-0,608219	-1,296969
5,500000	-0,608219	-1,296969
5,510000	-0,613478	-1,291710
5,520000	-0,613478	-1,296969
5,530000	-0,613478	-1,291710
5,540000	-0,613478	-1,291710
5,550000	-0,608219	-1,286452
5,560000	-0,613478	-1,281193
5,570000	-0,608219	-1,275935
5,580000	-0,602961	-1,270676
5,590000	-0,597703	-1,260159
5,600000	-0,592445	-1,254901
5,610000	-0,581929	-1,239125
5,620000	-0,571412	-1,228608
5,630000	-0,566154	-1,218091
5,640000	-0,555638	-1,207573
5,650000	-0,539863	-1,191798
5,660000	-0,529347	-1,181281
5,670000	-0,513573	-1,160246
5,680000	-0,503056	-1,149729
5,690000	-0,487282	-1,133954
5,700000	-0,471507	-1,112919
5,710000	-0,450475	-1,097144
5,720000	-0,429442	-1,076109
5,730000	-0,413668	-1,055075
5,740000	-0,392635	-1,034041
5,750000	-0,371602	-1,013007
5,760000	-0,350570	-0,986714
5,770000	-0,329537	-0,960421
5,780000	-0,303246	-0,939387
5,790000	-0,282213	-0,913094
5,800000	-0,255923	-0,892060
5,810000	-0,229632	-0,865767
5,820000	-0,208599	-0,839474
5,830000	-0,182308	-0,807923
5,840000	-0,156018	-0,781630
5,850000	-0,124469	-0,750079
5,860000	-0,098178	-0,723786
5,870000	-0,066629	-0,686976
5,880000	-0,045596	-0,655424
5,890000	-0,014047	-0,623873
5,900000	0,017502	-0,597580
5,910000	0,043793	-0,560770
5,920000	0,080600	-0,529219
5,930000	0,106890	-0,502926
5,940000	0,138439	-0,471375
5,950000	0,169988	-0,439823
5,960000	0,201537	-0,408272
5,970000	0,233086	-0,376721
5,980000	0,264635	-0,345169
5,990000	0,296184	-0,313618
6,000000	0,327733	-0,282066
6,010000	0,359282	-0,250515
6,020000	0,385573	-0,224222
6,030000	0,417122	-0,192671
6,040000	0,448671	-0,161120
6,050000	0,480220	-0,134827
6,060000	0,511769	-0,108534
6,070000	0,543318	-0,076983
6,080000	0,569609	-0,050690
6,090000	0,601158	-0,024397
6,100000	0,627448	0,007154
6,110000	0,664256	0,038706
6,120000	0,690546	0,064999
6,130000	0,722095	0,091291
6,140000	0,743128	0,117584
6,150000	0,774677	0,143877
6,160000	0,800968	0,170170
6,170000	0,827259	0,196463
6,180000	0,853549	0,222756
6,190000	0,874582	0,243790
6,200000	0,900873	0,264824
6,210000	0,927164	0,291117
6,220000	0,942938	0,306893
6,230000	0,969229	0,333185
6,240000	0,990262	0,348961
6,250000	1,006036	0,364737
6,260000	1,027069	0,385771
6,270000	1,042843	0,396288
6,280000	1,063876	0,412064
6,290000	1,074392	0,427839
6,300000	1,095425	0,438357
6,310000	1,105941	0,454132
6,320000	1,121716	0,459391
6,330000	1,137490	0,469908
6,340000	1,148006	0,475167
6,350000	1,158523	0,485684
6,360000	1,163781	0,485684
6,370000	1,174297	0,496201
6,380000	1,179555	0,496201
6,390000	1,184814	0,501459
6,400000	1,195330	0,506718
6,410000	1,195330	0,506718
6,420000	1,200588	0,511976
6,430000	1,200588	0,511976
6,440000	1,205846	0,511976
6,450000	1,200588	0,506718
6,460000	1,200588	0,506718
6,470000	1,200588	0,501459
6,480000	1,195330	0,496201
6,490000	1,190072	0,485684
6,500000	1,184814	0,480425
6,510000	1,179555	0,469908
6,520000	1,169039	0,459391
6,530000	1,163781	0,448874
6,540000	1,153265	0,433098
6,550000	1,137490	0,422581
6,560000	1,126974	0,412064
6,570000	1,116458	0,396288
6,580000	1,100683	0,380512
6,590000	1,084909	0,359478
6,600000	1,069134	0,348961
6,610000	1,053360	0,327927
6,620000	1,032327	0,306893
6,630000	1,011294	0,285858
6,640000	0,990262	0,264824
6,650000	0,969229	0,243790
6,660000	0,948196	0,222756
6,670000	0,927164	0,196463
6,680000	0,906131	0,175428
6,690000	0,885098	0,149136
6,700000	0,858808	0,128101
6,710000	0,832517	0,101809
6,720000	0,811484	0,075516
6,730000	0,779935	0,049223
6,740000	0,758903	0,022930
6,750000	0,727354	-0,003363
6,760000	0,701063	-0,034914
6,770000	0,669514	-0,066465
6,780000	0,643223	-0,092758
6,790000	0,606416	-0,129568
6,800000	0,580125	-0,155861
6,810000	0,548576	-0,187412
6,820000	0,517027	-0,224222
6,830000	0,485478	-0,250515
6,840000	0,453929	-0,282066
6,850000	0,422380	-0,313618
6,860000	0,390831	-0,350428
6,870000	0,359282	-0,381979
6,880000	0,327733	-0,408272
6,890000	0,296184	-0,445082
6,900000	0,264635	-0,471375
6,910000	0,233086	-0,502926
6,920000	0,196279	-0,534477
6,930000	0,164730	-0,566029
6,940000	0,133181	-0,597580
6,950000	0,101632	-0,623873
6,960000	0,070083	-0,650166
6,970000	0,038534	-0,681717
6,980000	0,012244	-0,713269
6,990000	-0,024564	-0,739561
7,000000	-0,056113	-0,771113
7,010000	-0,082403	-0,797406
7,020000	-0,113952	-0,823698
7,030000	-0,145501	-0,849991
7,040000	-0,171792	-0,876284
7,050000	-0,198083	-0,902577
7,060000	-0,224374	-0,928870
7,070000	-0,250664	-0,949904
7,080000	-0,276955	-0,976197
7,090000	-0,303246	-0,991972
7,100000	-0,324279	-1,013007
7,110000	-0,355828	-1,034041
7,120000	-0,371602	-1,049817
7,130000	-0,397893	-1,070851
7,140000	-0,418926	-1,086627
7,150000	-0,439958	-1,102402
7,160000	-0,460991	-1,118178
7,170000	-0,476765	-1,133954
7,180000	-0,492540	-1,149729
7,190000	-0,513573	-1,165505
7,200000	-0,529347	-1,176022
7,210000	-0,545122	-1,191798
7,220000	-0,560896	-1,202315
7,230000	-0,576671	-1,212832
7,240000	-0,587187	-1,223349
7,250000	-0,597703	-1,228608
7,260000	-0,602961	-1,233866
7,270000	-0,618736	-1,239125
7,280000	-0,623994	-1,239125
7,290000	-0,629252	-1,249642
7,300000	-0,639768	-1,249642
7,310000	-0,645027	-1,254901
7,320000	-0,645027	-1,254901
7,330000	-0,650285	-1,254901
7,340000	-0,650285	-1,254901
7,350000	-0,650285	-1,260159
7,360000	-0,650285	-1,260159
7,370000	-0,645027	-1,254901
7,380000	-0,645027	-1,254901
7,390000	-0,639768	-1,254901
7,400000	-0,634510	-1,244383
7,410000	-0,629252	-1,239125
7,420000	-0,623994	-1,233866
7,430000	-0,613478	-1,223349
7,440000	-0,608219	-1,212832
7,450000	-0,597703	-1,197056
7,460000	-0,587187	-1,186539
7,470000	-0,571412	-1,170764
7,480000	-0,560896	-1,154988
7,490000	-0,545122	-1,144471
7,500000	-0,529347	-1,128695
7,510000	-0,513573	-1,107661
7,520000	-0,497798	-1,091885
7,530000	-0,476765	-1,070851
7,540000	-0,455733	-1,055075
7,550000	-0,439958	-1,034041
7,560000	-0,418926	-1,013007
7,570000	-0,392635	-0,991972
7,580000	-0,371602	-0,970938
7,590000	-0,345311	-0,944645
7,600000	-0,324279	-0,923611
7,610000	-0,297988	-0,902577
7,620000	-0,271697	-0,876284
7,630000	-0,245406	-0,849991
7,640000	-0,224374	-0,823698
7,650000	-0,192825	-0,797406
7,660000	-0,166534	-0,776371
7,670000	-0,134985	-0,750079
7,680000	-0,103436	-0,718527
7,690000	-0,077145	-0,692234
7,700000	-0,045596	-0,665942
7,710000	-0,014047	-0,634390
7,720000	0,017502	-0,608097
7,730000	0,054309	-0,576546
7,740000	0,080600	-0,550253
7,750000	0,112149	-0,518702
7,760000	0,143698	-0,487150
7,770000	0,175247	-0,460858
7,780000	0,212054	-0,429306
7,790000	0,243603	-0,392496
7,800000	0,275152	-0,366203
7,810000	0,306701	-0,334652
7,820000	0,338250	-0,303101
7,830000	0,375057	-0,276808
7,840000	0,406606	-0,245257
7,850000	0,438155	-0,218964
7,860000	0,469704	-0,187412
7,870000	0,501253	-0,161120
7,880000	0,538060	-0,129568
7,890000	0,564351	-0,108534
7,900000	0,595900	-0,076983
7,910000	0,627448	-0,050690
7,920000	0,658997	-0,024397
7,930000	0,690546	0,007154
7,940000	0,716837	0,028189
7,950000	0,743128	0,054482
7,960000	0,769419	0,080774
7,970000	0,800968	0,107067
7,980000	0,827259	0,128101
7,990000	0,853549	0,154394
8,000000	0,879840	0,180687
8,010000	0,900873	0,196463
8,020000	0,927164	0,222756
8,030000	0,953455	0,238531
8,040000	0,974487	0,259565
8,050000	0,995520	0,280600
8,060000	1,016552	0,296375
8,070000	1,037585	0,312151
8,080000	1,058618	0,333185
8,090000	1,074392	0,354220
8,100000	1,095425	0,364737
8,110000	1,111199	0,380512
8,120000	1,126974	0,391030
8,130000	1,142748	0,412064
8,140000	1,153265	0,422581
8,150000	1,163781	0,433098
8,160000	1,174297	0,443615
8,170000	1,184814	0,454132
8,180000	1,190072	0,459391
8,190000	1,200588	0,469908
8,200000	1,211104	0,475167
8,210000	1,211104	0,480425
8,220000	1,216363	0,485684
8,230000	1,221621	0,485684
8,240000	1,221621	0,485684
8,250000	1,226879	0,485684
8,260000	1,226879	0,485684
8,270000	1,226879	0,480425
8,280000	1,226879	0,475167
8,290000	1,226879	0,475167
8,300000	1,216363	0,464649
8,310000	1,211104	0,459391
8,320000	1,200588	0,448874
8,330000	1,195330	0,443615
8,340000	1,190072	0,433098
8,350000	1,179555	0,422581
8,360000	1,169039	0,412064
8,370000	1,158523	0,401547
8,380000	1,137490	0,385771
8,390000	1,126974	0,375254
8,400000	1,111199	0,359478
8,410000	1,095425	0,343702
8,420000	1,079650	0,327927
8,430000	1,058618	0,306893
8,440000	1,042843	0,291117
8,450000	1,021811	0,275341
8,460000	0,995520	0,254307
8,470000	0,979745	0,233273
8,480000	0,958713	0,212238
8,490000	0,937680	0,191204
8,500000	0,911389	0,170170
8,510000	0,885098	0,149136
8,520000	0,858808	0,122843
8,530000	0,832517	0,101809
8,540000	0,800968	0,075516
8,550000	0,774677	0,043964
8,560000	0,753644	0,022930
8,570000	0,716837	-0,008621
8,580000	0,690546	-0,034914
8,590000	0,658997	-0,061207
8,600000	0,627448	-0,092758
8,610000	0,595900	-0,119051
8,620000	0,564351	-0,150602
8,630000	0,532802	-0,182154
8,640000	0,501253	-0,218964
8,650000	0,469704	-0,239998
8,660000	0,438155	-0,276808
8,670000	0,406606	-0,303101
8,680000	0,369799	-0,334652
8,690000	0,338250	-0,366203
8,700000	0,306701	-0,397755
8,710000	0,269894	-0,429306
8,720000	0,238345	-0,460858
8,730000	0,206796	-0,487150
8,740000	0,169988	-0,518702
8,750000	0,138439	-0,550253
8,760000	0,106890	-0,576546
8,770000	0,075342	-0,608097
8,780000	0,043793	-0,634390
8,790000	0,012244	-0,665942
8,800000	-0,024564	-0,692234
8,810000	-0,056113	-0,718527
8,820000	-0,082403	-0,744820
8,830000	-0,113952	-0,771113
8,840000	-0,140243	-0,797406
8,850000	-0,171792	-0,823698
8,860000	-0,198083	-0,849991
8,870000	-0,229632	-0,876284
8,880000	-0,250664	-0,897318
8,890000	-0,276955	-0,918353
8,900000	-0,308504	-0,939387
8,910000	-0,329537	-0,965680
8,920000	-0,355828	-0,986714
8,930000	-0,376860	-1,002490
8,940000	-0,403151	-1,023524
8,950000	-0,424184	-1,039299
8,960000	-0,445216	-1,060334
8,970000	-0,466249	-1,076109
8,980000	-0,487282	-1,086627
8,990000	-0,503056	-1,107661
9,000000	-0,518831	-1,118178
9,010000	-0,539863	-1,133954
9,020000	-0,555638	-1,144471
9,030000	-0,566154	-1,154988
9,040000	-0,581929	-1,165505
9,050000	-0,592445	-1,176022
9,060000	-0,608219	-1,191798
9,070000	-0,618736	-1,202315
9,080000	-0,629252	-1,207573
9,090000	-0,634510	-1,218091
9,100000	-0,639768	-1,223349
9,110000	-0,650285	-1,228608
9,120000	-0,655543	-1,239125
9,130000	-0,660801	-1,239125
9,140000	-0,660801	-1,244383
9,150000	-0,660801	-1,249642
9,160000	-0,666059	-1,249642
9,170000	-0,660801	-1,249642
9,180000	-0,655543	-1,254901
9,190000	-0,655543	-1,249642
9,200000	-0,650285	-1,244383
9,210000	-0,650285	-1,244383
9,220000	-0,639768	-1,239125
9,230000	-0,629252	-1,228608
9,240000	-0,629252	-1,223349
9,250000	-0,618736	-1,212832
9,260000	-0,608219	-1,207573
9,270000	-0,592445	-1,197056
9,280000	-0,587187	-1,181281
9,290000	-0,571412	-1,170764
9,300000	-0,555638	-1,165505
9,310000	-0,539863	-1,149729
9,320000	-0,524089	-1,133954
9,330000	-0,503056	-1,118178
9,340000	-0,492540	-1,102402
9,350000	-0,471507	-1,086627
9,360000	-0,445216	-1,070851
9,370000	-0,424184	-1,049817
9,380000	-0,403151	-1,034041
9,390000	-0,376860	-1,013007
9,400000	-0,355828	-0,991972
9,410000	-0,329537	-0,970938
9,420000	-0,308504	-0,949904
9,430000	-0,282213	-0,923611
9,440000	-0,255923	-0,902577
9,450000	-0,224374	-0,876284
9,460000	-0,203341	-0,849991
9,470000	-0,171792	-0,823698
9,480000	-0,140243	-0,802664
9,490000	-0,113952	-0,776371
9,500000	-0,087661	-0,750079
9,510000	-0,056113	-0,723786
9,520000	-0,024564	-0,692234
9,530000	0,006985	-0,660683
9,540000	0,043793	-0,634390
9,550000	0,075342	-0,602839
9,560000	0,106890	-0,576546
9,570000	0,138439	-0,550253
9,580000	0,169988	-0,518702
9,590000	0,206796	-0,492409
9,600000	0,238345	-0,460858
9,610000	0,269894	-0,429306
9,620000	0,306701	-0,403013
9,630000	0,338250	-0,376721
9,640000	0,375057	-0,339911
9,650000	0,406606	-0,308359
9,660000	0,438155	-0,282066
9,670000	0,464445	-0,250515
9,680000	0,501253	-0,224222
9,690000	0,532802	-0,192671
9,700000	0,564351	-0,161120
9,710000	0,595900	-0,134827
9,720000	0,622190	-0,103275
9,730000	0,658997	-0,076983
9,740000	0,685288	-0,050690
9,750000	0,716837	-0,024397
9,760000	0,748386	0,007154
9,770000	0,774677	0,033447
9,780000	0,800968	0,059740
9,790000	0,832517	0,080774
9,800000	0,858808	0,107067
9,810000	0,879840	0,133360
9,820000	0,906131	0,159653
9,830000	0,927164	0,180687
9,840000	0,953455	0,206980
9,850000	0,979745	0,228014
9,860000	1,000778	0,249048
9,870000	1,016552	0,270083
9,880000	1,037585	0,285858
9,890000	1,058618	0,306893
9,900000	1,074392	0,322668
9,910000	1,090167	0,338444
9,920000	1,111199	0,359478
9,930000	1,121716	0,375254
9,940000	1,137490	0,391030
9,950000	1,148006	0,406805
9,960000	1,163781	0,417322
9,970000	1,174297	0,433098
9,980000	1,184814	0,443615
9,990000	1,190072	0,448874
10,000000	1,200588	0,459391
10,010000	1,205846	0,469908
10,020000	1,216363	0,475167
10,030000	1,216363	0,480425
10,040000	1,221621	0,485684
10,050000	1,221621	0,490942
10,060000	1,221621	0,490942
10,070000	1,226879	0,496201
10,080000	1,221621	0,496201
10,090000	1,221621	0,496201
10,100000	1,216363	0,490942
10,110000	1,211104	0,490942
10,120000	1,211104	0,485684
10,130000	1,200588	0,480425
10,140000	1,190072	0,469908
10,150000	1,184814	0,464649
10,160000	1,174297	0,454132
10,170000	1,163781	0,443615
10,180000	1,148006	0,433098
10,190000	1,137490	0,427839
10,200000	1,121716	0,412064
10,210000	1,105941	0,396288
10,220000	1,095425	0,380512
10,230000	1,074392	0,364737
10,240000	1,053360	0,348961
10,250000	1,032327	0,327927
10,260000	1,016552	0,312151
10,270000	0,990262	0,291117
10,280000	0,969229	0,275341
10,290000	0,948196	0,254307
10,300000	0,927164	0,238531
10,310000	0,906131	0,217497
10,320000	0,874582	0,196463
10,330000	0,853549	0,175428
10,340000	0,822000	0,149136
10,350000	0,795710	0,128101
10,360000	0,769419	0,101809
10,370000	0,737870	0,075516
10,380000	0,711579	0,049223
10,390000	0,685288	0,022930
10,400000	0,653739	0,001896
10,410000	0,622190	-0,034914
10,420000	0,590641	-0,061207
10,430000	0,564351	-0,087500
10,440000	0,532802	-0,119051
10,450000	0,501253	-0,145344
10,460000	0,469704	-0,176895
10,470000	0,438155	-0,203188
10,480000	0,406606	-0,229481
10,490000	0,375057	-0,261032
10,500000	0,343508	-0,292584
10,510000	0,311959	-0,318876
10,520000	0,280410	-0,350428
10,530000	0,243603	-0,381979
10,540000	0,212054	-0,413531
10,550000	0,185763	-0,445082
10,560000	0,154214	-0,476633
10,570000	0,122665	-0,508185
10,580000	0,091116	-0,534477
10,590000	0,054309	-0,560770
10,600000	0,028018	-0,592322
10,610000	-0,003531	-0,618614
10,620000	-0,035080	-0,650166
10,630000	-0,066629	-0,676459
10,640000	-0,098178	-0,702751
10,650000	-0,124469	-0,734303
10,660000	-0,150759	-0,765854
10,670000	-0,182308	-0,792147
10,680000	-0,208599	-0,823698
10,690000	-0,234890	-0,844733
10,700000	-0,261181	-0,871025
10,710000	-0,287472	-0,897318
10,720000	-0,313762	-0,923611
10,730000	-0,334795	-0,944645
10,740000	-0,361086	-0,970938
10,750000	-0,382119	-0,991972
10,760000	-0,397893	-1,013007
10,770000	-0,424184	-1,034041
10,780000	-0,445216	-1,049817
10,790000	-0,460991	-1,070851
10,800000	-0,482024	-1,086627
10,810000	-0,503056	-1,102402
10,820000	-0,513573	-1,123436
10,830000	-0,529347	-1,139212
10,840000	-0,539863	-1,154988
10,850000	-0,555638	-1,170764
10,860000	-0,571412	-1,186539
10,870000	-0,581929	-1,197056
10,880000	-0,592445	-1,202315
10,890000	-0,602961	-1,218091
10,900000	-0,608219	-1,228608
10,910000	-0,613478	-1,233866
10,920000	-0,623994	-1,244383
10,930000	-0,623994	-1,249642
10,940000	-0,629252	-1,254901
10,950000	-0,629252	-1,260159
10,960000	-0,639768	-1,265418
10,970000	-0,639768	-1,270676
10,980000	-0,634510	-1,270676
10,990000	-0,634510	-1,275935
11,000000	-0,634510	-1,275935
11,010000	-0,629252	-1,275935
11,020000	-0,623994	-1,275935
11,030000	-0,618736	-1,270676
11,040000	-0,613478	-1,265418
11,050000	-0,608219	-1,260159
11,060000	-0,597703	-1,254901
11,070000	-0,587187	-1,244383
11,080000	-0,576671	-1,233866
11,090000	-0,566154	-1,228608
11,100000	-0,550380	-1,218091
11,110000	-0,539863	-1,207573
11,120000	-0,524089	-1,191798
11,130000	-0,508314	-1,181281
11,140000	-0,492540	-1,165505
11,150000	-0,471507	-1,149729
11,160000	-0,455733	-1,133954
11,170000	-0,434700	-1,118178
11,180000	-0,413668	-1,097144
11,190000	-0,387377	-1,081368
11,200000	-0,366344	-1,065592
11,210000	-0,345311	-1,044558
11,220000	-0,324279	-1,023524
11,230000	-0,303246	-1,002490
11,240000	-0,276955	-0,981455
11,250000	-0,250664	-0,955162
11,260000	-0,224374	-0,934128
11,270000	-0,198083	-0,907835
11,280000	-0,171792	-0,881543
11,290000	-0,145501	-0,855250
11,300000	-0,119210	-0,834216
11,310000	-0,087661	-0,802664
11,320000	-0,061371	-0,776371
11,330000	-0,029822	-0,744820
11,340000	0,001727	-0,718527
11,350000	0,033276	-0,692234
11,360000	0,064825	-0,660683
11,370000	0,096374	-0,634390
11,380000	0,127923	-0,602839
11,390000	0,164730	-0,576546
11,400000	0,191021	-0,544995
11,410000	0,222570	-0,518702
11,420000	0,254119	-0,492409
11,430000	0,280410	-0,455599
11,440000	0,317217	-0,424048
11,450000	0,348766	-0,397755
11,460000	0,380315	-0,366203
11,470000	0,411864	-0,334652
11,480000	0,438155	-0,303101
11,490000	0,469704	-0,271549
11,500000	0,501253	-0,239998
11,510000	0,532802	-0,208447
11,520000	0,559092	-0,176895
11,530000	0,590641	-0,150602
11,540000	0,616932	-0,124310
11,550000	0,643223	-0,087500
11,560000	0,674772	-0,061207
11,570000	0,701063	-0,029655
11,580000	0,732612	0,001896
11,590000	0,758903	0,028189
11,600000	0,785193	0,054482
11,610000	0,811484	0,080774
11,620000	0,837775	0,107067
11,630000	0,858808	0,133360
11,640000	0,879840	0,154394
11,650000	0,906131	0,180687
11,660000	0,921906	0,201721
11,670000	0,948196	0,228014
11,680000	0,969229	0,249048
11,690000	0,990262	0,275341
11,700000	1,006036	0,291117
11,710000	1,027069	0,312151
11,720000	1,042843	0,327927
11,730000	1,058618	0,348961
11,740000	1,074392	0,364737
11,750000	1,090167	0,380512
11,760000	1,100683	0,401547
11,770000	1,116458	0,417322
11,780000	1,126974	0,427839
11,790000	1,137490	0,438357
11,800000	1,142748	0,448874
11,810000	1,153265	0,459391
11,820000	1,153265	0,469908
11,830000	1,163781	0,480425
11,840000	1,169039	0,485684
11,850000	1,169039	0,496201
11,860000	1,174297	0,501459
11,870000	1,179555	0,511976
11,880000	1,179555	0,511976
11,890000	1,179555	0,517235
11,900000	1,179555	0,517235
11,910000	1,174297	0,517235
11,920000	1,174297	0,517235
11,930000	1,169039	0,517235
11,940000	1,163781	0,511976
11,950000	1,158523	0,501459
11,960000	1,153265	0,496201
11,970000	1,142748	0,490942
11,980000	1,132232	0,480425
11,990000	1,121716	0,475167
12,000000	1,111199	0,464649
12,010000	1,100683	0,454132
12,020000	1,084909	0,438357
12,030000	1,074392	0,427839
12,040000	1,053360	0,412064
12,050000	1,042843	0,396288
12,060000	1,021811	0,380512
12,070000	1,006036	0,364737
12,080000	0,985003	0,348961
12,090000	0,963971	0,327927
12,100000	0,942938	0,306893
12,110000	0,921906	0,285858
12,120000	0,895615	0,264824
12,130000	0,874582	0,243790
12,140000	0,853549	0,217497
12,150000	0,827259	0,201721
12,160000	0,800968	0,175428
12,170000	0,774677	0,149136
12,180000	0,748386	0,122843
12,190000	0,722095	0,101809
12,200000	0,695805	0,075516
12,210000	0,669514	0,049223
12,220000	0,637965	0,022930
12,230000	0,611674	-0,008621
12,240000	0,580125	-0,040173
12,250000	0,553834	-0,066465
12,260000	0,522285	-0,098017
12,270000	0,490736	-0,129568
12,280000	0,459187	-0,155861
12,290000	0,427638	-0,187412
12,300000	0,401348	-0,213705
12,310000	0,369799	-0,250515
12,320000	0,338250	-0,276808
12,330000	0,306701	-0,308359
12,340000	0,280410	-0,339911
12,350000	0,248861	-0,371462
12,360000	0,222570	-0,408272
12,370000	0,185763	-0,434565
12,380000	0,159472	-0,471375
12,390000	0,122665	-0,502926
12,400000	0,096374	-0,534477
12,410000	0,064825	-0,560770
12,420000	0,033276	-0,597580
12,430000	0,006985	-0,629132
12,440000	-0,024564	-0,655424
12,450000	-0,050854	-0,686976
12,460000	-0,082403	-0,718527
12,470000	-0,108694	-0,744820
12,480000	-0,134985	-0,776371
12,490000	-0,161276	-0,807923
12,500000	-0,187567	-0,834216
12,510000	-0,208599	-0,860508
12,520000	-0,234890	-0,886801
12,530000	-0,261181	-0,918353
12,540000	-0,282213	-0,944645
12,550000	-0,308504	-0,965680
12,560000	-0,329537	-0,991972
12,570000	-0,350570	-1,018265
12,580000	-0,371602	-1,034041
12,590000	-0,387377	-1,060334
12,600000	-0,408409	-1,081368
12,610000	-0,429442	-1,102402
12,620000	-0,445216	-1,123436
12,630000	-0,460991	-1,144471
12,640000	-0,482024	-1,160246
12,650000	-0,492540	-1,176022
12,660000	-0,508314	-1,191798
12,670000	-0,518831	-1,207573
12,680000	-0,534605	-1,223349
12,690000	-0,545122	-1,239125
12,700000	-0,550380	-1,249642
12,710000	-0,566154	-1,260159
12,720000	-0,571412	-1,270676
12,730000	-0,581929	-1,275935
12,740000	-0,587187	-1,286452
12,750000	-0,587187	-1,291710
12,760000	-0,592445	-1,291710
12,770000	-0,592445	-1,302228
12,780000	-0,597703	-1,302228
12,790000	-0,597703	-1,302228
12,800000	-0,597703	-1,302228
12,810000	-0,592445	-1,307486
12,820000	-0,597703	-1,302228
12,830000	-0,592445	-1,302228
12,840000	-0,587187	-1,302228
12,850000	-0,587187	-1,302228
12,860000	-0,576671	-1,296969
12,870000	-0,571412	-1,291710
12,880000	-0,566154	-1,281193
12,890000	-0,555638	-1,275935
12,900000	-0,545122	-1,265418
12,910000	-0,534605	-1,254901
12,920000	-0,524089	-1,249642
12,930000	-0,508314	-1,233866
12,940000	-0,492540	-1,218091
12,950000	-0,482024	-1,202315
12,960000	-0,460991	-1,191798
12,970000	-0,445216	-1,176022
12,980000	-0,429442	-1,154988
12,990000	-0,408409	-1,139212
13,000000	-0,392635	-1,118178
13,010000	-0,371602	-1,097144
13,020000	-0,355828	-1,081368
13,030000	-0,329537	-1,060334
13,040000	-0,308504	-1,039299
13,050000	-0,287472	-1,018265
13,060000	-0,266439	-0,991972
13,070000	-0,240148	-0,970938
13,080000	-0,213857	-0,944645
13,090000	-0,192825	-0,918353
13,100000	-0,166534	-0,892060
13,110000	-0,140243	-0,860508
13,120000	-0,108694	-0,839474
13,130000	-0,087661	-0,807923
13,140000	-0,061371	-0,781630
13,150000	-0,035080	-0,750079
13,160000	0,001727	-0,723786
13,170000	0,028018	-0,692234
13,180000	0,059567	-0,660683
13,190000	0,085858	-0,634390
13,200000	0,117407	-0,602839
13,210000	0,143698	-0,571287
13,220000	0,175247	-0,539736
13,230000	0,201537	-0,508185
13,240000	0,233086	-0,481892
13,250000	0,259377	-0,450340
13,260000	0,290926	-0,413531
13,270000	0,322475	-0,381979
13,280000	0,354024	-0,350428
13,290000	0,380315	-0,318876
13,300000	0,411864	-0,282066
13,310000	0,438155	-0,250515
13,320000	0,469704	-0,218964
13,330000	0,501253	-0,187412
13,340000	0,527543	-0,155861
13,350000	0,559092	-0,124310
13,360000	0,585383	-0,092758
13,370000	0,611674	-0,061207
13,380000	0,643223	-0,034914
13,390000	0,664256	0,001896
13,400000	0,695805	0,028189
13,410000	0,722095	0,059740
13,420000	0,748386	0,086033
13,430000	0,774677	0,112326
13,440000	0,795710	0,143877
13,450000	0,822000	0,170170
13,460000	0,843033	0,196463
13,470000	0,864066	0,217497
13,480000	0,885098	0,243790
13,490000	0,906131	0,264824
13,500000	0,927164	0,285858
13,510000	0,948196	0,306893
13,520000	0,963971	0,327927
13,530000	0,985003	0,348961
13,540000	1,000778	0,364737
13,550000	1,016552	0,385771
13,560000	1,037585	0,406805
13,570000	1,048101	0,422581
13,580000	1,063876	0,433098
13,590000	1,074392	0,443615
13,600000	1,090167	0,459391
13,610000	1,100683	0,469908
13,620000	1,111199	0,480425
13,630000	1,121716	0,496201
13,640000	1,126974	0,501459
13,650000	1,132232	0,511976
13,660000	1,137490	0,517235
13,670000	1,142748	0,517235
13,680000	1,153265	0,522494
13,690000	1,158523	0,527752
13,700000	1,158523	0,527752
13,710000	1,158523	0,527752
13,720000	1,158523	0,533011
13,730000	1,158523	0,527752
13,740000	1,153265	0,522494
13,750000	1,153265	0,517235
13,760000	1,148006	0,517235
13,770000	1,142748	0,506718
13,780000	1,137490	0,501459
13,790000	1,126974	0,490942
13,800000	1,116458	0,480425
13,810000	1,111199	0,469908
13,820000	1,100683	0,459391
13,830000	1,090167	0,448874
13,840000	1,079650	0,438357
13,850000	1,063876	0,422581
13,860000	1,048101	0,412064
13,870000	1,032327	0,396288
13,880000	1,016552	0,380512
13,890000	1,000778	0,364737
13,900000	0,985003	0,348961
13,910000	0,969229	0,327927
13,920000	0,948196	0,312151
13,930000	0,927164	0,285858
13,940000	0,906131	0,264824
13,950000	0,885098	0,243790
13,960000	0,864066	0,217497
13,970000	0,843033	0,191204
13,980000	0,816742	0,164911
13,990000	0,795710	0,133360
14,000000	0,769419	0,112326
14,010000	0,748386	0,080774
14,020000	0,722095	0,054482
14,030000	0,695805	0,028189
14,040000	0,669514	-0,003363
14,050000	0,637965	-0,034914
14,060000	0,611674	-0,066465
14,070000	0,585383	-0,098017
14,080000	0,553834	-0,129568
14,090000	0,527543	-0,161120
14,100000	0,501253	-0,192671
14,110000	0,469704	-0,224222
14,120000	0,438155	-0,261032
14,130000	0,406606	-0,287325
14,140000	0,380315	-0,318876
14,150000	0,348766	-0,350428
14,160000	0,317217	-0,381979
14,170000	0,290926	-0,413531
14,180000	0,254119	-0,445082
14,190000	0,227828	-0,481892
14,200000	0,196279	-0,508185
14,210000	0,164730	-0,544995
14,220000	0,138439	-0,571287
14,230000	0,106890	-0,602839
14,240000	0,080600	-0,634390
14,250000	0,049051	-0,665942
14,260000	0,017502	-0,697493
14,270000	-0,008789	-0,723786
14,280000	-0,035080	-0,760596
14,290000	-0,066629	-0,786888
14,300000	-0,092920	-0,813181
14,310000	-0,124469	-0,844733
14,320000	-0,150759	-0,865767
14,330000	-0,171792	-0,892060
14,340000	-0,198083	-0,918353
14,350000	-0,219116	-0,949904
14,360000	-0,245406	-0,970938
14,370000	-0,266439	-0,997231
14,380000	-0,292730	-1,018265
14,390000	-0,308504	-1,039299
14,400000	-0,334795	-1,060334
14,410000	-0,355828	-1,081368
14,420000	-0,371602	-1,102402
14,430000	-0,392635	-1,118178
14,440000	-0,408409	-1,139212
14,450000	-0,429442	-1,154988
14,460000	-0,445216	-1,176022
14,470000	-0,460991	-1,186539
14,480000	-0,476765	-1,207573
14,490000	-0,487282	-1,223349
14,500000	-0,503056	-1,233866
14,510000	-0,513573	-1,249642
14,520000	-0,529347	-1,254901
14,530000	-0,534605	-1,270676
14,540000	-0,550380	-1,275935
14,550000	-0,555638	-1,286452
14,560000	-0,560896	-1,291710
14,570000	-0,571412	-1,296969
14,580000	-0,576671	-1,302228
14,590000	-0,581929	-1,302228
14,600000	-0,587187	-1,307486
14,610000	-0,587187	-1,307486
14,620000	-0,592445	-1,307486
14,630000	-0,592445	-1,307486
14,640000	-0,592445	-1,302228
14,650000	-0,592445	-1,302228
14,660000	-0,587187	-1,296969
14,670000	-0,587187	-1,291710
14,680000	-0,581929	-1,286452
14,690000	-0,571412	-1,281193
14,700000	-0,571412	-1,275935
14,710000	-0,560896	-1,265418
14,720000	-0,555638	-1,249642
14,730000	-0,545122	-1,239125
14,740000	-0,534605	-1,228608
14,750000	-0,524089	-1,212832
14,760000	-0,513573	-1,202315
14,770000	-0,503056	-1,186539
14,780000	-0,487282	-1,170764
14,790000	-0,471507	-1,154988
14,800000	-0,455733	-1,139212
14,810000	-0,434700	-1,118178
14,820000	-0,418926	-1,102402
14,830000	-0,403151	-1,076109
14,840000	-0,382119	-1,060334
14,850000	-0,366344	-1,034041
14,860000	-0,340053	-1,013007
14,870000	-0,324279	-0,991972
14,880000	-0,303246	-0,965680
14,890000	-0,276955	-0,944645
14,900000	-0,255923	-0,913094
14,910000	-0,229632	-0,881543
14,920000	-0,203341	-0,855250
14,930000	-0,182308	-0,828957
14,940000	-0,156018	-0,802664
14,950000	-0,124469	-0,776371
14,960000	-0,103436	-0,750079
14,970000	-0,071887	-0,718527
14,980000	-0,045596	-0,686976
14,990000	-0,019305	-0,660683
15,000000	0,017502	-0,629132
15,010000	0,043793	-0,597580
15,020000	0,075342	-0,566029
15,030000	0,106890	-0,534477
15,040000	0,138439	-0,508185
15,050000	0,164730	-0,471375
15,060000	0,191021	-0,445082
15,070000	0,222570	-0,413531
15,080000	0,254119	-0,381979
15,090000	0,285668	-0,350428
15,100000	0,317217	-0,318876
15,110000	0,343508	-0,287325
15,120000	0,375057	-0,255774
15,130000	0,401348	-0,218964
15,140000	0,432897	-0,192671
15,150000	0,464445	-0,161120
15,160000	0,495994	-0,129568
15,170000	0,527543	-0,098017
15,180000	0,553834	-0,066465
15,190000	0,585383	-0,040173
15,200000	0,611674	-0,008621
15,210000	0,637965	0,022930
15,220000	0,664256	0,054482
15,230000	0,695805	0,086033
15,240000	0,722095	0,112326
15,250000	0,743128	0,138619
15,260000	0,769419	0,170170
15,270000	0,795710	0,191204
15,280000	0,822000	0,217497
15,290000	0,848291	0,243790
15,300000	0,869324	0,264824
15,310000	0,890357	0,291117
15,320000	0,916647	0,306893
15,330000	0,937680	0,322668
15,340000	0,958713	0,343702
15,350000	0,974487	0,359478
15,360000	0,995520	0,375254
15,370000	1,011294	0,396288
15,380000	1,032327	0,406805
15,390000	1,042843	0,422581
15,400000	1,063876	0,438357
15,410000	1,074392	0,448874
15,420000	1,090167	0,459391
15,430000	1,100683	0,469908
15,440000	1,111199	0,480425
15,450000	1,121716	0,485684
15,460000	1,132232	0,496201
15,470000	1,142748	0,501459
15,480000	1,148006	0,506718
15,490000	1,158523	0,511976
15,500000	1,163781	0,517235
15,510000	1,163781	0,517235
15,520000	1,169039	0,517235
15,530000	1,174297	0,517235
15,540000	1,174297	0,511976
15,550000	1,174297	0,511976
15,560000	1,174297	0,511976
15,570000	1,169039	0,501459
15,580000	1,169039	0,501459
15,590000	1,163781	0,490942
15,600000	1,163781	0,485684
15,610000	1,153265	0,480425
15,620000	1,148006	0,475167
15,630000	1,137490	0,464649
15,640000	1,132232	0,454132
15,650000	1,121716	0,443615
15,660000	1,111199	0,427839
15,670000	1,095425	0,417322
15,680000	1,084909	0,401547
15,690000	1,069134	0,380512
15,700000	1,053360	0,364737
15,710000	1,042843	0,343702
15,720000	1,021811	0,322668
15,730000	1,006036	0,301634
15,740000	0,990262	0,280600
15,750000	0,963971	0,259565
15,760000	0,948196	0,233273
15,770000	0,927164	0,212238
15,780000	0,906131	0,180687
15,790000	0,885098	0,159653
15,800000	0,864066	0,128101
15,810000	0,837775	0,107067
15,820000	0,811484	0,080774
15,830000	0,790451	0,054482
15,840000	0,758903	0,028189
15,850000	0,732612	-0,003363
15,860000	0,706321	-0,034914
15,870000	0,680030	-0,061207
15,880000	0,653739	-0,098017
15,890000	0,622190	-0,124310
15,900000	0,590641	-0,155861
15,910000	0,559092	-0,187412
15,920000	0,538060	-0,218964
15,930000	0,506511	-0,250515
15,940000	0,474962	-0,276808
15,950000	0,443413	-0,308359
15,960000	0,417122	-0,334652
15,970000	0,385573	-0,366203
15,980000	0,354024	-0,397755
15,990000	0,322475	-0,429306
16,000000	0,290926	-0,460858
16,010000	0,259377	-0,487150
16,020000	0,227828	-0,523960
16,030000	0,196279	-0,555512
16,040000	0,164730	-0,581805
16,050000	0,133181	-0,613356
16,060000	0,101632	-0,644907
16,070000	0,075342	-0,671200
16,080000	0,043793	-0,702751
16,090000	0,017502	-0,734303
16,100000	-0,014047	-0,760596
16,110000	-0,045596	-0,792147
16,120000	-0,071887	-0,813181
16,130000	-0,103436	-0,839474
16,140000	-0,134985	-0,860508
16,150000	-0,156018	-0,886801
16,160000	-0,187567	-0,913094
16,170000	-0,213857	-0,934128
16,180000	-0,240148	-0,960421
16,190000	-0,261181	-0,981455
16,200000	-0,287472	-1,002490
16,210000	-0,313762	-1,028782
16,220000	-0,334795	-1,049817
16,230000	-0,355828	-1,070851
16,240000	-0,376860	-1,086627
16,250000	-0,397893	-1,102402
16,260000	-0,418926	-1,123436
16,270000	-0,439958	-1,139212
16,280000	-0,455733	-1,154988
16,290000	-0,476765	-1,170764
16,300000	-0,492540	-1,181281
16,310000	-0,508314	-1,197056
16,320000	-0,518831	-1,207573
16,330000	-0,534605	-1,212832
16,340000	-0,550380	-1,223349
16,350000	-0,555638	-1,228608
16,360000	-0,571412	-1,239125
16,370000	-0,581929	-1,244383
16,380000	-0,587187	-1,249642
16,390000	-0,597703	-1,254901
16,400000	-0,602961	-1,260159
16,410000	-0,608219	-1,260159
16,420000	-0,613478	-1,265418
16,430000	-0,618736	-1,265418
16,440000	-0,618736	-1,265418
16,450000	-0,623994	-1,265418
16,460000	-0,623994	-1,265418
16,470000	-0,618736	-1,260159
16,480000	-0,618736	-1,254901
16,490000	-0,618736	-1,249642
16,500000	-0,613478	-1,244383
16,510000	-0,608219	-1,233866
16,520000	-0,602961	-1,228608
16,530000	-0,597703	-1,218091
16,540000	-0,587187	-1,207573
16,550000	-0,576671	-1,197056
16,560000	-0,571412	-1,181281
16,570000	-0,555638	-1,165505
16,580000	-0,550380	-1,154988
16,590000	-0,534605	-1,139212
16,600000	-0,518831	-1,123436
16,610000	-0,508314	-1,107661
16,620000	-0,492540	-1,091885
16,630000	-0,476765	-1,076109
16,640000	-0,460991	-1,055075
16,650000	-0,439958	-1,044558
16,660000	-0,418926	-1,018265
16,670000	-0,397893	-1,002490
16,680000	-0,376860	-0,976197
16,690000	-0,355828	-0,955162
16,700000	-0,334795	-0,934128
16,710000	-0,313762	-0,907835
16,720000	-0,287472	-0,886801
16,730000	-0,261181	-0,855250
16,740000	-0,234890	-0,834216
16,750000	-0,208599	-0,807923
16,760000	-0,182308	-0,781630
16,770000	-0,150759	-0,755337
16,780000	-0,129727	-0,729044
16,790000	-0,103436	-0,697493
16,800000	-0,071887	-0,665942
16,810000	-0,040338	-0,639649
16,820000	-0,014047	-0,608097
16,830000	0,022760	-0,581805
16,840000	0,054309	-0,550253
16,850000	0,080600	-0,523960
16,860000	0,112149	-0,492409
16,870000	0,143698	-0,460858
16,880000	0,169988	-0,434565
16,890000	0,206796	-0,408272
16,900000	0,238345	-0,376721
16,910000	0,269894	-0,345169
16,920000	0,301442	-0,318876
16,930000	0,332991	-0,287325
16,940000	0,364540	-0,261032
16,950000	0,396089	-0,229481
16,960000	0,427638	-0,197929
16,970000	0,459187	-0,171637
16,980000	0,490736	-0,140085
16,990000	0,522285	-0,108534
17,000000	0,548576	-0,082241
17,010000	0,580125	-0,061207
17,020000	0,616932	-0,029655
17,030000	0,648481	-0,003363
17,040000	0,674772	0,022930
17,050000	0,706321	0,049223
17,060000	0,732612	0,075516
17,070000	0,758903	0,101809
17,080000	0,785193	0,128101
17,090000	0,811484	0,149136
17,100000	0,837775	0,170170
17,110000	0,864066	0,196463
17,120000	0,885098	0,217497
17,130000	0,911389	0,238531
17,140000	0,937680	0,259565
17,150000	0,958713	0,275341
17,160000	0,985003	0,296375
17,170000	1,000778	0,312151
17,180000	1,021811	0,333185
17,190000	1,037585	0,348961
17,200000	1,053360	0,369995
17,210000	1,074392	0,380512
17,220000	1,090167	0,391030
17,230000	1,105941	0,401547
17,240000	1,121716	0,417322
17,250000	1,132232	0,422581
17,260000	1,142748	0,433098
17,270000	1,153265	0,438357
17,280000	1,163781	0,454132
17,290000	1,174297	0,454132
17,300000	1,179555	0,464649
17,310000	1,190072	0,469908
17,320000	1,195330	0,469908
17,330000	1,200588	0,469908
17,340000	1,205846	0,475167
17,350000	1,205846	0,475167
17,360000	1,211104	0,475167
17,370000	1,205846	0,475167
17,380000	1,211104	0,469908
17,390000	1,205846	0,464649
17,400000	1,200588	0,464649
17,410000	1,200588	0,454132
17,420000	1,195330	0,448874
17,430000	1,190072	0,443615
17,440000	1,179555	0,433098
17,450000	1,174297	0,422581
17,460000	1,163781	0,406805
17,470000	1,153265	0,396288
17,480000	1,142748	0,380512
17,490000	1,132232	0,369995
17,500000	1,116458	0,348961
17,510000	1,100683	0,333185
17,520000	1,084909	0,312151
17,530000	1,074392	0,296375
17,540000	1,053360	0,280600
17,550000	1,037585	0,259565
17,560000	1,016552	0,238531
17,570000	0,995520	0,217497
17,580000	0,974487	0,201721
17,590000	0,953455	0,175428
17,600000	0,932422	0,154394
17,610000	0,906131	0,128101
17,620000	0,885098	0,101809
17,630000	0,858808	0,075516
17,640000	0,832517	0,049223
17,650000	0,800968	0,028189
17,660000	0,774677	-0,008621
17,670000	0,748386	-0,034914
17,680000	0,716837	-0,066465
17,690000	0,690546	-0,092758
17,700000	0,658997	-0,119051
17,710000	0,627448	-0,145344
17,720000	0,595900	-0,176895
17,730000	0,569609	-0,197929
17,740000	0,532802	-0,229481
17,750000	0,501253	-0,255774
17,760000	0,469704	-0,287325
17,770000	0,438155	-0,308359
17,780000	0,406606	-0,339911
17,790000	0,375057	-0,371462
17,800000	0,338250	-0,397755
17,810000	0,306701	-0,434565
17,820000	0,280410	-0,460858
17,830000	0,243603	-0,492409
17,840000	0,212054	-0,523960
17,850000	0,180505	-0,550253
17,860000	0,148956	-0,576546
17,870000	0,117407	-0,608097
17,880000	0,091116	-0,634390
17,890000	0,059567	-0,660683
17,900000	0,028018	-0,692234
17,910000	-0,008789	-0,718527
17,920000	-0,035080	-0,750079
17,930000	-0,066629	-0,771113
17,940000	-0,098178	-0,797406
17,950000	-0,124469	-0,823698
17,960000	-0,156018	-0,849991
17,970000	-0,187567	-0,876284
17,980000	-0,208599	-0,897318
17,990000	-0,240148	-0,918353
18,000000	-0,266439	-0,944645
18,010000	-0,292730	-0,965680
18,020000	-0,319021	-0,986714
18,030000	-0,340053	-1,007748
18,040000	-0,361086	-1,028782
18,050000	-0,387377	-1,044558
18,060000	-0,408409	-1,065592
18,070000	-0,429442	-1,086627
18,080000	-0,445216	-1,102402
18,090000	-0,466249	-1,118178
18,100000	-0,487282	-1,128695
18,110000	-0,503056	-1,144471
18,120000	-0,524089	-1,154988
18,130000	-0,539863	-1,170764
18,140000	-0,555638	-1,181281
18,150000	-0,566154	-1,191798
18,160000	-0,581929	-1,202315
18,170000	-0,592445	-1,212832
18,180000	-0,597703	-1,223349
18,190000	-0,613478	-1,228608
18,200000	-0,623994	-1,233866
18,210000	-0,623994	-1,239125
18,220000	-0,634510	-1,244383
18,230000	-0,639768	-1,249642
18,240000	-0,645027	-1,249642
18,250000	-0,645027	-1,254901
18,260000	-0,650285	-1,254901
18,270000	-0,650285	-1,254901
18,280000	-0,650285	-1,249642
18,290000	-0,650285	-1,244383
18,300000	-0,650285	-1,244383
18,310000	-0,645027	-1,244383
18,320000	-0,639768	-1,233866
18,330000	-0,634510	-1,228608
18,340000	-0,629252	-1,223349
18,350000	-0,623994	-1,212832
18,360000	-0,613478	-1,207573
18,370000	-0,602961	-1,197056
18,380000	-0,592445	-1,191798
18,390000	-0,581929	-1,181281
18,400000	-0,571412	-1,170764
18,410000	-0,555638	-1,160246
18,420000	-0,545122	-1,144471
18,430000	-0,524089	-1,128695
18,440000	-0,508314	-1,118178
18,450000	-0,492540	-1,102402
18,460000	-0,471507	-1,081368
18,470000	-0,450475	-1,065592
18,480000	-0,429442	-1,044558
18,490000	-0,408409	-1,023524
18,500000	-0,387377	-1,002490
18,510000	-0,361086	-0,981455
18,520000	-0,334795	-0,960421
18,530000	-0,313762	-0,934128
18,540000	-0,287472	-0,907835
18,550000	-0,255923	-0,881543
18,560000	-0,229632	-0,860508
18,570000	-0,208599	-0,834216
18,580000	-0,177050	-0,813181
18,590000	-0,145501	-0,781630
18,600000	-0,119210	-0,755337
18,610000	-0,092920	-0,729044
18,620000	-0,061371	-0,702751
18,630000	-0,029822	-0,676459
18,640000	0,001727	-0,644907
18,650000	0,033276	-0,618614
18,660000	0,064825	-0,587063
18,670000	0,101632	-0,560770
18,680000	0,133181	-0,534477
18,690000	0,164730	-0,502926
18,700000	0,196279	-0,476633
18,710000	0,227828	-0,450340
18,720000	0,259377	-0,418789
18,730000	0,296184	-0,387238
18,740000	0,327733	-0,360945
18,750000	0,359282	-0,334652
18,760000	0,390831	-0,303101
18,770000	0,422380	-0,276808
18,780000	0,453929	-0,245257
18,790000	0,485478	-0,213705
18,800000	0,517027	-0,187412
18,810000	0,548576	-0,155861
18,820000	0,580125	-0,124310
18,830000	0,611674	-0,098017
18,840000	0,643223	-0,066465
18,850000	0,674772	-0,040173
18,860000	0,701063	-0,013880
18,870000	0,732612	0,017672
18,880000	0,758903	0,038706
18,890000	0,790451	0,064999
18,900000	0,816742	0,096550
18,910000	0,843033	0,117584
18,920000	0,869324	0,143877
18,930000	0,890357	0,170170
18,940000	0,911389	0,191204
18,950000	0,937680	0,212238
18,960000	0,963971	0,233273
18,970000	0,985003	0,254307
18,980000	1,006036	0,275341
18,990000	1,027069	0,291117
19,000000	1,042843	0,312151
19,010000	1,063876	0,327927
19,020000	1,079650	0,343702
19,030000	1,095425	0,359478
19,040000	1,111199	0,375254
19,050000	1,126974	0,391030
19,060000	1,142748	0,406805
19,070000	1,153265	0,412064
19,080000	1,163781	0,422581
19,090000	1,174297	0,433098
19,100000	1,179555	0,438357
19,110000	1,190072	0,448874
19,120000	1,195330	0,454132
19,130000	1,205846	0,459391
19,140000	1,211104	0,459391
19,150000	1,211104	0,469908
19,160000	1,216363	0,469908
19,170000	1,216363	0,469908
19,180000	1,216363	0,475167
19,190000	1,216363	0,475167
19,200000	1,216363	0,475167
19,210000	1,211104	0,469908
19,220000	1,211104	0,464649
19,230000	1,200588	0,459391
19,240000	1,195330	0,448874
19,250000	1,190072	0,443615
19,260000	1,179555	0,433098
19,270000	1,169039	0,422581
19,280000	1,163781	0,412064
19,290000	1,153265	0,401547
19,300000	1,137490	0,391030
19,310000	1,121716	0,380512
19,320000	1,105941	0,364737
19,330000	1,090167	0,348961
19,340000	1,074392	0,333185
19,350000	1,058618	0,317410
19,360000	1,037585	0,301634
19,370000	1,021811	0,285858
19,380000	0,995520	0,264824
19,390000	0,974487	0,243790
19,400000	0,953455	0,228014
19,410000	0,932422	0,201721
19,420000	0,906131	0,180687
19,430000	0,879840	0,159653
19,440000	0,858808	0,133360
19,450000	0,832517	0,112326
19,460000	0,800968	0,086033
19,470000	0,779935	0,059740
19,480000	0,748386	0,038706
19,490000	0,722095	0,017672
19,500000	0,690546	-0,013880
19,510000	0,664256	-0,040173
19,520000	0,627448	-0,066465
19,530000	0,601158	-0,092758
19,540000	0,569609	-0,124310
19,550000	0,538060	-0,150602
19,560000	0,506511	-0,182154
19,570000	0,469704	-0,208447
19,580000	0,438155	-0,239998
19,590000	0,406606	-0,266291
19,600000	0,380315	-0,297842
19,610000	0,348766	-0,324135
19,620000	0,311959	-0,355686
19,630000	0,280410	-0,381979
19,640000	0,248861	-0,413531
19,650000	0,217312	-0,439823
19,660000	0,185763	-0,471375
19,670000	0,148956	-0,502926
19,680000	0,122665	-0,534477
19,690000	0,091116	-0,560770
19,700000	0,054309	-0,592322
19,710000	0,022760	-0,618614
19,720000	-0,008789	-0,644907
19,730000	-0,035080	-0,671200
19,740000	-0,071887	-0,702751
19,750000	-0,098178	-0,729044
19,760000	-0,129727	-0,755337
19,770000	-0,156018	-0,781630
19,780000	-0,182308	-0,807923
19,790000	-0,213857	-0,828957
19,800000	-0,234890	-0,855250
19,810000	-0,266439	-0,881543
19,820000	-0,292730	-0,902577
19,830000	-0,319021	-0,923611
19,840000	-0,340053	-0,949904
19,850000	-0,361086	-0,970938
19,860000	-0,387377	-0,991972
19,870000	-0,408409	-1,013007
19,880000	-0,429442	-1,028782
19,890000	-0,450475	-1,049817
19,900000	-0,471507	-1,070851
19,910000	-0,487282	-1,086627
19,920000	-0,508314	-1,107661
19,930000	-0,518831	-1,123436
19,940000	-0,539863	-1,139212
19,950000	-0,550380	-1,149729
19,960000	-0,566154	-1,165505
19,970000	-0,581929	-1,176022
19,980000	-0,592445	-1,186539
19,990000	-0,602961	-1,197056
