t (s)	U1(V)	U2(V)
0,000000	-0,371602	0,333185
0,010000	-0,361086	0,327927
0,020000	-0,361086	0,322668
0,030000	-0,355828	0,317410
0,040000	-0,345311	0,312151
0,050000	-0,340053	0,306893
0,060000	-0,334795	0,301634
0,070000	-0,324279	0,296375
0,080000	-0,319021	0,285858
0,090000	-0,308504	0,280600
0,100000	-0,297988	0,270083
0,110000	-0,287472	0,259565
0,120000	-0,276955	0,249048
0,130000	-0,266439	0,243790
0,140000	-0,255923	0,233273
0,150000	-0,240148	0,222756
0,160000	-0,229632	0,206980
0,170000	-0,213857	0,196463
0,180000	-0,203341	0,185946
0,190000	-0,187567	0,175428
0,200000	-0,171792	0,159653
0,210000	-0,161276	0,149136
0,220000	-0,145501	0,133360
0,230000	-0,124469	0,117584
0,240000	-0,108694	0,101809
0,250000	-0,098178	0,086033
0,260000	-0,082403	0,070257
0,270000	-0,061371	0,054482
0,280000	-0,040338	0,038706
0,290000	-0,024564	0,017672
0,300000	-0,003531	0,007154
0,310000	0,017502	-0,013880
0,320000	0,033276	-0,029655
0,330000	0,054309	-0,045431
0,340000	0,070083	-0,061207
0,350000	0,091116	-0,076983
0,360000	0,106890	-0,092758
0,370000	0,122665	-0,119051
0,380000	0,143698	-0,129568
0,390000	0,159472	-0,150602
0,400000	0,180505	-0,166378
0,410000	0,201537	-0,182154
0,420000	0,217312	-0,197929
0,430000	0,238345	-0,218964
0,440000	0,254119	-0,234739
0,450000	0,269894	-0,250515
0,460000	0,290926	-0,271549
0,470000	0,306701	-0,287325
0,480000	0,322475	-0,303101
0,490000	0,343508	-0,324135
0,500000	0,359282	-0,345169
0,510000	0,380315	-0,355686
0,520000	0,396089	-0,371462
0,530000	0,411864	-0,392496
0,540000	0,427638	-0,408272
0,550000	0,443413	-0,424048
0,560000	0,453929	-0,439823
0,570000	0,469704	-0,450340
0,580000	0,485478	-0,466116
0,590000	0,495994	-0,476633
0,600000	0,511769	-0,487150
0,610000	0,522285	-0,502926
0,620000	0,538060	-0,513443
0,630000	0,548576	-0,523960
0,640000	0,559092	-0,534477
0,650000	0,569609	-0,544995
0,660000	0,580125	-0,555512
0,670000	0,590641	-0,566029
0,680000	0,601158	-0,581805
0,690000	0,606416	-0,587063
0,700000	0,611674	-0,597580
0,710000	0,622190	-0,602839
0,720000	0,627448	-0,613356
0,730000	0,632707	-0,618614
0,740000	0,637965	-0,629132
0,750000	0,643223	-0,634390
0,760000	0,648481	-0,639649
0,770000	0,653739	-0,644907
0,780000	0,653739	-0,655424
0,790000	0,653739	-0,655424
0,800000	0,658997	-0,665942
0,810000	0,664256	-0,665942
0,820000	0,658997	-0,671200
0,830000	0,658997	-0,671200
0,840000	0,658997	-0,671200
0,850000	0,658997	-0,671200
0,860000	0,653739	-0,671200
0,870000	0,648481	-0,671200
0,880000	0,648481	-0,671200
0,890000	0,643223	-0,665942
0,900000	0,637965	-0,665942
0,910000	0,637965	-0,660683
0,920000	0,627448	-0,655424
0,930000	0,622190	-0,650166
0,940000	0,611674	-0,650166
0,950000	0,606416	-0,639649
0,960000	0,601158	-0,634390
0,970000	0,590641	-0,629132
0,980000	0,580125	-0,618614
0,990000	0,574867	-0,608097
1,000000	0,559092	-0,602839
1,010000	0,548576	-0,592322
1,020000	0,538060	-0,581805
1,030000	0,522285	-0,571287
1,040000	0,511769	-0,560770
1,050000	0,495994	-0,550253
1,060000	0,480220	-0,534477
1,070000	0,464445	-0,523960
1,080000	0,453929	-0,513443
1,090000	0,438155	-0,497668
1,100000	0,422380	-0,481892
1,110000	0,406606	-0,471375
1,120000	0,390831	-0,460858
1,130000	0,375057	-0,445082
1,140000	0,359282	-0,429306
1,150000	0,338250	-0,413531
1,160000	0,322475	-0,397755
1,170000	0,306701	-0,381979
1,180000	0,290926	-0,366203
1,190000	0,269894	-0,345169
1,200000	0,248861	-0,334652
1,210000	0,238345	-0,313618
1,220000	0,217312	-0,292584
1,230000	0,196279	-0,276808
1,240000	0,180505	-0,266291
1,250000	0,159472	-0,245257
1,260000	0,143698	-0,229481
1,270000	0,122665	-0,208447
1,280000	0,106890	-0,192671
1,290000	0,085858	-0,176895
1,300000	0,070083	-0,155861
1,310000	0,054309	-0,134827
1,320000	0,033276	-0,119051
1,330000	0,017502	-0,103275
1,340000	-0,003531	-0,087500
1,350000	-0,024564	-0,066465
1,360000	-0,040338	-0,055948
1,370000	-0,061371	-0,034914
1,380000	-0,071887	-0,013880
1,390000	-0,092920	0,007154
1,400000	-0,108694	0,022930
1,410000	-0,124469	0,038706
1,420000	-0,140243	0,054482
1,430000	-0,156018	0,064999
1,440000	-0,171792	0,086033
1,450000	-0,187567	0,101809
1,460000	-0,203341	0,112326
1,470000	-0,213857	0,128101
1,480000	-0,229632	0,143877
1,490000	-0,240148	0,154394
1,500000	-0,255923	0,170170
1,510000	-0,261181	0,180687
1,520000	-0,276955	0,196463
1,530000	-0,287472	0,206980
1,540000	-0,297988	0,217497
1,550000	-0,308504	0,233273
1,560000	-0,319021	0,243790
1,570000	-0,329537	0,254307
1,580000	-0,340053	0,264824
1,590000	-0,345311	0,275341
1,600000	-0,355828	0,285858
1,610000	-0,361086	0,291117
1,620000	-0,366344	0,296375
1,630000	-0,371602	0,306893
1,640000	-0,376860	0,306893
1,650000	-0,382119	0,312151
1,660000	-0,382119	0,317410
1,670000	-0,387377	0,322668
1,680000	-0,387377	0,322668
1,690000	-0,392635	0,327927
1,700000	-0,392635	0,327927
1,710000	-0,392635	0,327927
1,720000	-0,387377	0,327927
1,730000	-0,387377	0,327927
1,740000	-0,387377	0,327927
1,750000	-0,382119	0,327927
1,760000	-0,382119	0,327927
1,770000	-0,376860	0,327927
1,780000	-0,376860	0,327927
1,790000	-0,366344	0,327927
1,800000	-0,366344	0,322668
1,810000	-0,355828	0,317410
1,820000	-0,350570	0,312151
1,830000	-0,345311	0,301634
1,840000	-0,334795	0,296375
1,850000	-0,329537	0,285858
1,860000	-0,319021	0,275341
1,870000	-0,308504	0,270083
1,880000	-0,297988	0,259565
1,890000	-0,292730	0,249048
1,900000	-0,276955	0,238531
1,910000	-0,266439	0,228014
1,920000	-0,250664	0,217497
1,930000	-0,240148	0,212238
1,940000	-0,229632	0,196463
1,950000	-0,213857	0,191204
1,960000	-0,203341	0,175428
1,970000	-0,187567	0,164911
1,980000	-0,171792	0,149136
1,990000	-0,161276	0,133360
2,000000	-0,145501	0,122843
2,010000	-0,129727	0,107067
2,020000	-0,113952	0,091291
2,030000	-0,092920	0,075516
2,040000	-0,077145	0,059740
2,050000	-0,061371	0,043964
2,060000	-0,045596	0,022930
2,070000	-0,024564	0,007154
2,080000	-0,008789	-0,008621
2,090000	0,012244	-0,024397
2,100000	0,028018	-0,040173
2,110000	0,049051	-0,055948
2,120000	0,070083	-0,071724
2,130000	0,085858	-0,092758
2,140000	0,106890	-0,108534
2,150000	0,133181	-0,124310
2,160000	0,143698	-0,140085
2,170000	0,164730	-0,155861
2,180000	0,180505	-0,176895
2,190000	0,201537	-0,192671
2,200000	0,217312	-0,208447
2,210000	0,238345	-0,224222
2,220000	0,254119	-0,239998
2,230000	0,275152	-0,255774
2,240000	0,290926	-0,271549
2,250000	0,311959	-0,292584
2,260000	0,327733	-0,308359
2,270000	0,343508	-0,324135
2,280000	0,359282	-0,339911
2,290000	0,375057	-0,355686
2,300000	0,390831	-0,371462
2,310000	0,411864	-0,387238
2,320000	0,422380	-0,408272
2,330000	0,443413	-0,418789
2,340000	0,453929	-0,434565
2,350000	0,469704	-0,450340
2,360000	0,480220	-0,460858
2,370000	0,495994	-0,476633
2,380000	0,506511	-0,487150
2,390000	0,522285	-0,497668
2,400000	0,532802	-0,513443
2,410000	0,543318	-0,523960
2,420000	0,553834	-0,534477
2,430000	0,564351	-0,544995
2,440000	0,580125	-0,555512
2,450000	0,585383	-0,566029
2,460000	0,595900	-0,576546
2,470000	0,606416	-0,587063
2,480000	0,616932	-0,592322
2,490000	0,622190	-0,602839
2,500000	0,627448	-0,613356
2,510000	0,637965	-0,618614
2,520000	0,643223	-0,623873
2,530000	0,648481	-0,629132
2,540000	0,653739	-0,634390
2,550000	0,658997	-0,639649
2,560000	0,658997	-0,639649
2,570000	0,664256	-0,644907
2,580000	0,658997	-0,650166
2,590000	0,664256	-0,650166
2,600000	0,664256	-0,655424
2,610000	0,664256	-0,655424
2,620000	0,664256	-0,655424
2,630000	0,658997	-0,655424
2,640000	0,653739	-0,660683
2,650000	0,653739	-0,660683
2,660000	0,648481	-0,655424
2,670000	0,648481	-0,655424
2,680000	0,643223	-0,650166
2,690000	0,637965	-0,650166
2,700000	0,632707	-0,644907
2,710000	0,627448	-0,639649
2,720000	0,616932	-0,639649
2,730000	0,611674	-0,629132
2,740000	0,601158	-0,623873
2,750000	0,590641	-0,613356
2,760000	0,580125	-0,608097
2,770000	0,569609	-0,602839
2,780000	0,559092	-0,592322
2,790000	0,548576	-0,581805
2,800000	0,538060	-0,576546
2,810000	0,527543	-0,566029
2,820000	0,511769	-0,555512
2,830000	0,501253	-0,550253
2,840000	0,485478	-0,534477
2,850000	0,469704	-0,523960
2,860000	0,453929	-0,513443
2,870000	0,438155	-0,497668
2,880000	0,422380	-0,487150
2,890000	0,406606	-0,471375
2,900000	0,390831	-0,455599
2,910000	0,375057	-0,445082
2,920000	0,359282	-0,429306
2,930000	0,343508	-0,408272
2,940000	0,327733	-0,397755
2,950000	0,306701	-0,376721
2,960000	0,290926	-0,360945
2,970000	0,275152	-0,345169
2,980000	0,254119	-0,329394
2,990000	0,238345	-0,308359
3,000000	0,217312	-0,292584
3,010000	0,201537	-0,271549
3,020000	0,180505	-0,255774
3,030000	0,164730	-0,234739
3,040000	0,143698	-0,218964
3,050000	0,122665	-0,203188
3,060000	0,101632	-0,187412
3,070000	0,085858	-0,166378
3,080000	0,070083	-0,150602
3,090000	0,049051	-0,129568
3,100000	0,033276	-0,113792
3,110000	0,017502	-0,098017
3,120000	-0,003531	-0,082241
3,130000	-0,024564	-0,066465
3,140000	-0,045596	-0,050690
3,150000	-0,061371	-0,034914
3,160000	-0,077145	-0,013880
3,170000	-0,092920	0,007154
3,180000	-0,113952	0,022930
3,190000	-0,124469	0,038706
3,200000	-0,145501	0,054482
3,210000	-0,156018	0,075516
3,220000	-0,171792	0,091291
3,230000	-0,187567	0,107067
3,240000	-0,203341	0,122843
3,250000	-0,213857	0,133360
3,260000	-0,229632	0,149136
3,270000	-0,240148	0,159653
3,280000	-0,255923	0,170170
3,290000	-0,271697	0,185946
3,300000	-0,276955	0,196463
3,310000	-0,292730	0,212238
3,320000	-0,303246	0,222756
3,330000	-0,313762	0,233273
3,340000	-0,324279	0,243790
3,350000	-0,329537	0,254307
3,360000	-0,340053	0,264824
3,370000	-0,345311	0,270083
3,380000	-0,355828	0,280600
3,390000	-0,361086	0,291117
3,400000	-0,366344	0,301634
3,410000	-0,371602	0,306893
3,420000	-0,376860	0,312151
3,430000	-0,382119	0,317410
3,440000	-0,387377	0,322668
3,450000	-0,387377	0,327927
3,460000	-0,392635	0,327927
3,470000	-0,387377	0,333185
3,480000	-0,392635	0,338444
3,490000	-0,392635	0,338444
3,500000	-0,392635	0,343702
3,510000	-0,392635	0,343702
3,520000	-0,392635	0,343702
3,530000	-0,387377	0,343702
3,540000	-0,387377	0,343702
3,550000	-0,387377	0,338444
3,560000	-0,382119	0,338444
3,570000	-0,376860	0,338444
3,580000	-0,371602	0,338444
3,590000	-0,366344	0,333185
3,600000	-0,355828	0,327927
3,610000	-0,355828	0,322668
3,620000	-0,345311	0,317410
3,630000	-0,340053	0,312151
3,640000	-0,329537	0,301634
3,650000	-0,319021	0,296375
3,660000	-0,308504	0,285858
3,670000	-0,297988	0,280600
3,680000	-0,292730	0,270083
3,690000	-0,276955	0,259565
3,700000	-0,266439	0,243790
3,710000	-0,250664	0,238531
3,720000	-0,240148	0,222756
3,730000	-0,224374	0,212238
3,740000	-0,208599	0,191204
3,750000	-0,198083	0,180687
3,760000	-0,182308	0,164911
3,770000	-0,166534	0,149136
3,780000	-0,150759	0,133360
3,790000	-0,134985	0,117584
3,800000	-0,119210	0,107067
3,810000	-0,103436	0,091291
3,820000	-0,087661	0,070257
3,830000	-0,066629	0,059740
3,840000	-0,050854	0,043964
3,850000	-0,035080	0,028189
3,860000	-0,014047	0,007154
3,870000	0,006985	-0,008621
3,880000	0,022760	-0,019138
3,890000	0,038534	-0,040173
3,900000	0,059567	-0,055948
3,910000	0,075342	-0,076983
3,920000	0,096374	-0,087500
3,930000	0,117407	-0,108534
3,940000	0,133181	-0,124310
3,950000	0,148956	-0,140085
3,960000	0,169988	-0,155861
3,970000	0,185763	-0,171637
3,980000	0,206796	-0,192671
3,990000	0,227828	-0,208447
4,000000	0,248861	-0,229481
4,010000	0,259377	-0,245257
4,020000	0,280410	-0,266291
4,030000	0,301442	-0,282066
4,040000	0,317217	-0,303101
4,050000	0,338250	-0,318876
4,060000	0,354024	-0,334652
4,070000	0,375057	-0,350428
4,080000	0,390831	-0,371462
4,090000	0,406606	-0,381979
4,100000	0,422380	-0,397755
4,110000	0,438155	-0,418789
4,120000	0,453929	-0,429306
4,130000	0,469704	-0,445082
4,140000	0,480220	-0,460858
4,150000	0,495994	-0,476633
4,160000	0,511769	-0,492409
4,170000	0,522285	-0,502926
4,180000	0,532802	-0,518702
4,190000	0,548576	-0,529219
4,200000	0,559092	-0,539736
4,210000	0,569609	-0,550253
4,220000	0,580125	-0,566029
4,230000	0,590641	-0,576546
4,240000	0,595900	-0,587063
4,250000	0,606416	-0,592322
4,260000	0,616932	-0,602839
4,270000	0,627448	-0,613356
4,280000	0,632707	-0,618614
4,290000	0,637965	-0,623873
4,300000	0,643223	-0,634390
4,310000	0,648481	-0,639649
4,320000	0,653739	-0,644907
4,330000	0,653739	-0,650166
4,340000	0,658997	-0,650166
4,350000	0,664256	-0,650166
4,360000	0,664256	-0,660683
4,370000	0,664256	-0,660683
4,380000	0,664256	-0,660683
4,390000	0,669514	-0,665942
4,400000	0,664256	-0,665942
4,410000	0,664256	-0,665942
4,420000	0,664256	-0,665942
4,430000	0,664256	-0,660683
4,440000	0,658997	-0,660683
4,450000	0,648481	-0,660683
4,460000	0,648481	-0,655424
4,470000	0,643223	-0,650166
4,480000	0,637965	-0,644907
4,490000	0,627448	-0,639649
4,500000	0,622190	-0,634390
4,510000	0,611674	-0,629132
4,520000	0,606416	-0,623873
4,530000	0,595900	-0,613356
4,540000	0,585383	-0,608097
4,550000	0,574867	-0,597580
4,560000	0,564351	-0,592322
4,570000	0,553834	-0,581805
4,580000	0,538060	-0,571287
4,590000	0,532802	-0,560770
4,600000	0,522285	-0,555512
4,610000	0,506511	-0,544995
4,620000	0,490736	-0,534477
4,630000	0,480220	-0,518702
4,640000	0,464445	-0,502926
4,650000	0,448671	-0,492409
4,660000	0,432897	-0,476633
4,670000	0,417122	-0,466116
4,680000	0,401348	-0,450340
4,690000	0,385573	-0,439823
4,700000	0,369799	-0,424048
4,710000	0,354024	-0,408272
4,720000	0,332991	-0,392496
4,730000	0,317217	-0,376721
4,740000	0,301442	-0,360945
4,750000	0,280410	-0,345169
4,760000	0,264635	-0,334652
4,770000	0,243603	-0,318876
4,780000	0,227828	-0,303101
4,790000	0,206796	-0,282066
4,800000	0,191021	-0,271549
4,810000	0,175247	-0,250515
4,820000	0,148956	-0,234739
4,830000	0,133181	-0,218964
4,840000	0,117407	-0,197929
4,850000	0,101632	-0,187412
4,860000	0,080600	-0,171637
4,870000	0,064825	-0,150602
4,880000	0,043793	-0,140085
4,890000	0,022760	-0,119051
4,900000	0,006985	-0,103275
4,910000	-0,014047	-0,092758
4,920000	-0,035080	-0,071724
4,930000	-0,050854	-0,055948
4,940000	-0,066629	-0,040173
4,950000	-0,087661	-0,019138
4,960000	-0,103436	0,001896
4,970000	-0,113952	0,017672
4,980000	-0,134985	0,033447
4,990000	-0,150759	0,049223
5,000000	-0,161276	0,059740
5,010000	-0,177050	0,080774
5,020000	-0,192825	0,096550
5,030000	-0,208599	0,112326
5,040000	-0,219116	0,128101
5,050000	-0,234890	0,138619
5,060000	-0,250664	0,154394
5,070000	-0,261181	0,170170
5,080000	-0,271697	0,180687
5,090000	-0,287472	0,196463
5,100000	-0,292730	0,206980
5,110000	-0,308504	0,217497
5,120000	-0,313762	0,228014
5,130000	-0,324279	0,243790
5,140000	-0,334795	0,249048
5,150000	-0,340053	0,264824
5,160000	-0,350570	0,270083
5,170000	-0,355828	0,275341
5,180000	-0,361086	0,280600
5,190000	-0,371602	0,285858
5,200000	-0,376860	0,291117
5,210000	-0,376860	0,296375
5,220000	-0,382119	0,301634
5,230000	-0,387377	0,306893
5,240000	-0,387377	0,312151
5,250000	-0,387377	0,317410
5,260000	-0,387377	0,322668
5,270000	-0,392635	0,322668
5,280000	-0,387377	0,322668
5,290000	-0,392635	0,322668
5,300000	-0,387377	0,327927
5,310000	-0,387377	0,327927
5,320000	-0,387377	0,327927
5,330000	-0,382119	0,322668
5,340000	-0,376860	0,322668
5,350000	-0,371602	0,317410
5,360000	-0,366344	0,312151
5,370000	-0,361086	0,306893
5,380000	-0,355828	0,306893
5,390000	-0,345311	0,301634
5,400000	-0,340053	0,291117
5,410000	-0,334795	0,291117
5,420000	-0,324279	0,280600
5,430000	-0,313762	0,275341
5,440000	-0,303246	0,270083
5,450000	-0,297988	0,259565
5,460000	-0,287472	0,249048
5,470000	-0,276955	0,238531
5,480000	-0,261181	0,228014
5,490000	-0,250664	0,217497
5,500000	-0,234890	0,206980
5,510000	-0,224374	0,201721
5,520000	-0,208599	0,191204
5,530000	-0,192825	0,175428
5,540000	-0,177050	0,164911
5,550000	-0,166534	0,154394
5,560000	-0,150759	0,138619
5,570000	-0,129727	0,128101
5,580000	-0,113952	0,112326
5,590000	-0,098178	0,101809
5,600000	-0,082403	0,080774
5,610000	-0,066629	0,070257
5,620000	-0,050854	0,054482
5,630000	-0,029822	0,038706
5,640000	-0,014047	0,017672
5,650000	0,006985	0,007154
5,660000	0,028018	-0,013880
5,670000	0,043793	-0,024397
5,680000	0,064825	-0,050690
5,690000	0,080600	-0,066465
5,700000	0,096374	-0,082241
5,710000	0,117407	-0,103275
5,720000	0,138439	-0,119051
5,730000	0,154214	-0,134827
5,740000	0,175247	-0,155861
5,750000	0,191021	-0,171637
5,760000	0,206796	-0,187412
5,770000	0,227828	-0,213705
5,780000	0,248861	-0,224222
5,790000	0,264635	-0,245257
5,800000	0,285668	-0,261032
5,810000	0,301442	-0,276808
5,820000	0,317217	-0,292584
5,830000	0,338250	-0,313618
5,840000	0,354024	-0,329394
5,850000	0,369799	-0,339911
5,860000	0,390831	-0,360945
5,870000	0,406606	-0,376721
5,880000	0,422380	-0,392496
5,890000	0,438155	-0,408272
5,900000	0,453929	-0,424048
5,910000	0,464445	-0,439823
5,920000	0,480220	-0,455599
5,930000	0,495994	-0,471375
5,940000	0,506511	-0,481892
5,950000	0,522285	-0,492409
5,960000	0,532802	-0,502926
5,970000	0,548576	-0,518702
5,980000	0,559092	-0,529219
5,990000	0,574867	-0,544995
6,000000	0,585383	-0,550253
6,010000	0,590641	-0,566029
6,020000	0,601158	-0,571287
6,030000	0,611674	-0,587063
6,040000	0,622190	-0,592322
6,050000	0,627448	-0,602839
6,060000	0,637965	-0,608097
6,070000	0,643223	-0,613356
6,080000	0,648481	-0,623873
6,090000	0,648481	-0,629132
6,100000	0,658997	-0,639649
6,110000	0,658997	-0,639649
6,120000	0,664256	-0,650166
6,130000	0,669514	-0,650166
6,140000	0,669514	-0,655424
6,150000	0,674772	-0,655424
6,160000	0,669514	-0,660683
6,170000	0,674772	-0,665942
6,180000	0,674772	-0,665942
6,190000	0,669514	-0,665942
6,200000	0,669514	-0,665942
6,210000	0,664256	-0,665942
6,220000	0,664256	-0,660683
6,230000	0,653739	-0,660683
6,240000	0,653739	-0,655424
6,250000	0,648481	-0,650166
6,260000	0,643223	-0,650166
6,270000	0,637965	-0,644907
6,280000	0,627448	-0,639649
6,290000	0,622190	-0,634390
6,300000	0,616932	-0,629132
6,310000	0,606416	-0,623873
6,320000	0,601158	-0,618614
6,330000	0,585383	-0,608097
6,340000	0,580125	-0,602839
6,350000	0,564351	-0,592322
6,360000	0,553834	-0,587063
6,370000	0,543318	-0,571287
6,380000	0,532802	-0,560770
6,390000	0,517027	-0,550253
6,400000	0,501253	-0,539736
6,410000	0,485478	-0,523960
6,420000	0,469704	-0,513443
6,430000	0,459187	-0,502926
6,440000	0,443413	-0,492409
6,450000	0,427638	-0,476633
6,460000	0,417122	-0,460858
6,470000	0,396089	-0,450340
6,480000	0,380315	-0,434565
6,490000	0,364540	-0,418789
6,500000	0,343508	-0,403013
6,510000	0,327733	-0,392496
6,520000	0,311959	-0,371462
6,530000	0,296184	-0,355686
6,540000	0,275152	-0,334652
6,550000	0,259377	-0,318876
6,560000	0,238345	-0,308359
6,570000	0,217312	-0,292584
6,580000	0,201537	-0,276808
6,590000	0,185763	-0,261032
6,600000	0,164730	-0,245257
6,610000	0,148956	-0,224222
6,620000	0,122665	-0,208447
6,630000	0,106890	-0,192671
6,640000	0,091116	-0,176895
6,650000	0,070083	-0,161120
6,660000	0,054309	-0,140085
6,670000	0,033276	-0,119051
6,680000	0,012244	-0,103275
6,690000	-0,003531	-0,082241
6,700000	-0,024564	-0,066465
6,710000	-0,040338	-0,050690
6,720000	-0,056113	-0,034914
6,730000	-0,077145	-0,019138
6,740000	-0,092920	0,001896
6,750000	-0,113952	0,017672
6,760000	-0,129727	0,038706
6,770000	-0,145501	0,054482
6,780000	-0,161276	0,070257
6,790000	-0,177050	0,086033
6,800000	-0,192825	0,101809
6,810000	-0,203341	0,117584
6,820000	-0,219116	0,133360
6,830000	-0,234890	0,143877
6,840000	-0,245406	0,159653
6,850000	-0,261181	0,170170
6,860000	-0,271697	0,180687
6,870000	-0,287472	0,191204
6,880000	-0,297988	0,206980
6,890000	-0,303246	0,212238
6,900000	-0,319021	0,222756
6,910000	-0,329537	0,233273
6,920000	-0,334795	0,243790
6,930000	-0,345311	0,254307
6,940000	-0,350570	0,259565
6,950000	-0,361086	0,270083
6,960000	-0,366344	0,280600
6,970000	-0,371602	0,285858
6,980000	-0,376860	0,296375
6,990000	-0,376860	0,301634
7,000000	-0,382119	0,312151
7,010000	-0,387377	0,312151
7,020000	-0,392635	0,317410
7,030000	-0,392635	0,317410
7,040000	-0,392635	0,322668
7,050000	-0,397893	0,322668
7,060000	-0,397893	0,327927
7,070000	-0,397893	0,327927
7,080000	-0,392635	0,327927
7,090000	-0,392635	0,327927
7,100000	-0,387377	0,327927
7,110000	-0,387377	0,327927
7,120000	-0,382119	0,327927
7,130000	-0,376860	0,322668
7,140000	-0,371602	0,317410
7,150000	-0,366344	0,312151
7,160000	-0,361086	0,312151
7,170000	-0,355828	0,301634
7,180000	-0,345311	0,296375
7,190000	-0,334795	0,291117
7,200000	-0,329537	0,285858
7,210000	-0,319021	0,280600
7,220000	-0,308504	0,270083
7,230000	-0,303246	0,264824
7,240000	-0,292730	0,254307
7,250000	-0,282213	0,249048
7,260000	-0,266439	0,233273
7,270000	-0,255923	0,228014
7,280000	-0,240148	0,212238
7,290000	-0,229632	0,201721
7,300000	-0,219116	0,191204
7,310000	-0,203341	0,180687
7,320000	-0,187567	0,159653
7,330000	-0,171792	0,149136
7,340000	-0,161276	0,133360
7,350000	-0,145501	0,117584
7,360000	-0,129727	0,101809
7,370000	-0,108694	0,091291
7,380000	-0,092920	0,075516
7,390000	-0,077145	0,059740
7,400000	-0,061371	0,049223
7,410000	-0,040338	0,028189
7,420000	-0,019305	0,017672
7,430000	-0,003531	0,001896
7,440000	0,017502	-0,019138
7,450000	0,033276	-0,034914
7,460000	0,054309	-0,055948
7,470000	0,075342	-0,071724
7,480000	0,091116	-0,087500
7,490000	0,112149	-0,103275
7,500000	0,127923	-0,124310
7,510000	0,148956	-0,134827
7,520000	0,169988	-0,150602
7,530000	0,185763	-0,166378
7,540000	0,206796	-0,187412
7,550000	0,222570	-0,203188
7,560000	0,238345	-0,224222
7,570000	0,259377	-0,239998
7,580000	0,280410	-0,255774
7,590000	0,290926	-0,271549
7,600000	0,311959	-0,287325
7,610000	0,327733	-0,297842
7,620000	0,348766	-0,313618
7,630000	0,364540	-0,329394
7,640000	0,380315	-0,345169
7,650000	0,396089	-0,360945
7,660000	0,411864	-0,376721
7,670000	0,432897	-0,392496
7,680000	0,448671	-0,408272
7,690000	0,464445	-0,424048
7,700000	0,474962	-0,439823
7,710000	0,490736	-0,455599
7,720000	0,501253	-0,471375
7,730000	0,517027	-0,487150
7,740000	0,527543	-0,497668
7,750000	0,543318	-0,513443
7,760000	0,559092	-0,523960
7,770000	0,564351	-0,539736
7,780000	0,580125	-0,550253
7,790000	0,590641	-0,560770
7,800000	0,595900	-0,571287
7,810000	0,606416	-0,576546
7,820000	0,616932	-0,587063
7,830000	0,627448	-0,597580
7,840000	0,632707	-0,608097
7,850000	0,637965	-0,618614
7,860000	0,643223	-0,629132
7,870000	0,648481	-0,634390
7,880000	0,653739	-0,639649
7,890000	0,658997	-0,644907
7,900000	0,664256	-0,650166
7,910000	0,664256	-0,650166
7,920000	0,664256	-0,655424
7,930000	0,669514	-0,660683
7,940000	0,669514	-0,665942
7,950000	0,674772	-0,660683
7,960000	0,674772	-0,665942
7,970000	0,674772	-0,665942
7,980000	0,669514	-0,665942
7,990000	0,669514	-0,665942
8,000000	0,664256	-0,665942
8,010000	0,664256	-0,665942
8,020000	0,658997	-0,660683
8,030000	0,653739	-0,655424
8,040000	0,648481	-0,650166
8,050000	0,643223	-0,650166
8,060000	0,637965	-0,639649
8,070000	0,627448	-0,639649
8,080000	0,622190	-0,629132
8,090000	0,611674	-0,618614
8,100000	0,601158	-0,618614
8,110000	0,590641	-0,613356
8,120000	0,585383	-0,597580
8,130000	0,574867	-0,587063
8,140000	0,564351	-0,581805
8,150000	0,548576	-0,571287
8,160000	0,532802	-0,566029
8,170000	0,522285	-0,555512
8,180000	0,506511	-0,544995
8,190000	0,490736	-0,534477
8,200000	0,480220	-0,518702
8,210000	0,464445	-0,508185
8,220000	0,448671	-0,492409
8,230000	0,438155	-0,476633
8,240000	0,417122	-0,466116
8,250000	0,401348	-0,450340
8,260000	0,385573	-0,439823
8,270000	0,364540	-0,424048
8,280000	0,354024	-0,408272
8,290000	0,332991	-0,392496
8,300000	0,317217	-0,376721
8,310000	0,296184	-0,360945
8,320000	0,280410	-0,345169
8,330000	0,259377	-0,329394
8,340000	0,243603	-0,313618
8,350000	0,227828	-0,297842
8,360000	0,206796	-0,287325
8,370000	0,191021	-0,271549
8,380000	0,175247	-0,255774
8,390000	0,148956	-0,239998
8,400000	0,133181	-0,224222
8,410000	0,112149	-0,203188
8,420000	0,096374	-0,192671
8,430000	0,075342	-0,171637
8,440000	0,059567	-0,155861
8,450000	0,038534	-0,134827
8,460000	0,022760	-0,113792
8,470000	0,001727	-0,098017
8,480000	-0,019305	-0,082241
8,490000	-0,040338	-0,061207
8,500000	-0,056113	-0,045431
8,510000	-0,071887	-0,024397
8,520000	-0,087661	-0,013880
8,530000	-0,108694	0,007154
8,540000	-0,124469	0,022930
8,550000	-0,140243	0,038706
8,560000	-0,156018	0,049223
8,570000	-0,171792	0,064999
8,580000	-0,187567	0,080774
8,590000	-0,198083	0,096550
8,600000	-0,213857	0,112326
8,610000	-0,229632	0,122843
8,620000	-0,240148	0,133360
8,630000	-0,250664	0,143877
8,640000	-0,266439	0,164911
8,650000	-0,276955	0,170170
8,660000	-0,287472	0,185946
8,670000	-0,303246	0,191204
8,680000	-0,313762	0,201721
8,690000	-0,324279	0,212238
8,700000	-0,334795	0,222756
8,710000	-0,340053	0,233273
8,720000	-0,350570	0,243790
8,730000	-0,355828	0,254307
8,740000	-0,361086	0,264824
8,750000	-0,366344	0,275341
8,760000	-0,376860	0,285858
8,770000	-0,376860	0,291117
8,780000	-0,382119	0,296375
8,790000	-0,387377	0,301634
8,800000	-0,387377	0,306893
8,810000	-0,392635	0,312151
8,820000	-0,392635	0,312151
8,830000	-0,397893	0,312151
8,840000	-0,397893	0,317410
8,850000	-0,397893	0,322668
8,860000	-0,397893	0,322668
8,870000	-0,392635	0,327927
8,880000	-0,392635	0,327927
8,890000	-0,387377	0,333185
8,900000	-0,387377	0,327927
8,910000	-0,382119	0,322668
8,920000	-0,376860	0,317410
8,930000	-0,371602	0,312151
8,940000	-0,371602	0,306893
8,950000	-0,361086	0,301634
8,960000	-0,355828	0,296375
8,970000	-0,345311	0,291117
8,980000	-0,334795	0,280600
8,990000	-0,324279	0,275341
9,000000	-0,319021	0,270083
9,010000	-0,303246	0,264824
9,020000	-0,297988	0,254307
9,030000	-0,282213	0,243790
9,040000	-0,271697	0,238531
9,050000	-0,261181	0,228014
9,060000	-0,245406	0,217497
9,070000	-0,234890	0,201721
9,080000	-0,219116	0,191204
9,090000	-0,208599	0,180687
9,100000	-0,192825	0,164911
9,110000	-0,177050	0,154394
9,120000	-0,161276	0,143877
9,130000	-0,145501	0,128101
9,140000	-0,129727	0,112326
9,150000	-0,113952	0,096550
9,160000	-0,092920	0,080774
9,170000	-0,077145	0,070257
9,180000	-0,061371	0,049223
9,190000	-0,045596	0,033447
9,200000	-0,024564	0,017672
9,210000	-0,008789	0,007154
9,220000	0,012244	-0,013880
9,230000	0,028018	-0,029655
9,240000	0,049051	-0,045431
9,250000	0,070083	-0,061207
9,260000	0,085858	-0,076983
9,270000	0,101632	-0,092758
9,280000	0,122665	-0,108534
9,290000	0,138439	-0,124310
9,300000	0,159472	-0,140085
9,310000	0,175247	-0,155861
9,320000	0,196279	-0,171637
9,330000	0,217312	-0,187412
9,340000	0,233086	-0,203188
9,350000	0,254119	-0,224222
9,360000	0,269894	-0,239998
9,370000	0,290926	-0,255774
9,380000	0,306701	-0,276808
9,390000	0,322475	-0,292584
9,400000	0,343508	-0,308359
9,410000	0,359282	-0,334652
9,420000	0,375057	-0,345169
9,430000	0,390831	-0,360945
9,440000	0,411864	-0,381979
9,450000	0,422380	-0,397755
9,460000	0,443413	-0,413531
9,470000	0,453929	-0,429306
9,480000	0,469704	-0,439823
9,490000	0,485478	-0,460858
9,500000	0,501253	-0,471375
9,510000	0,511769	-0,481892
9,520000	0,527543	-0,497668
9,530000	0,543318	-0,508185
9,540000	0,548576	-0,518702
9,550000	0,564351	-0,529219
9,560000	0,574867	-0,544995
9,570000	0,585383	-0,550253
9,580000	0,595900	-0,560770
9,590000	0,606416	-0,571287
9,600000	0,611674	-0,581805
9,610000	0,616932	-0,587063
9,620000	0,627448	-0,597580
9,630000	0,632707	-0,608097
9,640000	0,637965	-0,608097
9,650000	0,643223	-0,613356
9,660000	0,653739	-0,618614
9,670000	0,653739	-0,623873
9,680000	0,658997	-0,629132
9,690000	0,664256	-0,634390
9,700000	0,664256	-0,639649
9,710000	0,669514	-0,639649
9,720000	0,669514	-0,639649
9,730000	0,669514	-0,639649
9,740000	0,669514	-0,639649
9,750000	0,674772	-0,639649
9,760000	0,669514	-0,639649
9,770000	0,669514	-0,639649
9,780000	0,664256	-0,639649
9,790000	0,664256	-0,639649
9,800000	0,658997	-0,639649
9,810000	0,653739	-0,634390
9,820000	0,653739	-0,629132
9,830000	0,648481	-0,629132
9,840000	0,643223	-0,629132
9,850000	0,632707	-0,623873
9,860000	0,622190	-0,618614
9,870000	0,616932	-0,613356
9,880000	0,606416	-0,602839
9,890000	0,595900	-0,597580
9,900000	0,585383	-0,587063
9,910000	0,574867	-0,576546
9,920000	0,564351	-0,571287
9,930000	0,548576	-0,560770
9,940000	0,538060	-0,550253
9,950000	0,522285	-0,539736
9,960000	0,506511	-0,529219
9,970000	0,495994	-0,513443
9,980000	0,485478	-0,497668
9,990000	0,464445	-0,487150
10,000000	0,453929	-0,476633
10,010000	0,438155	-0,460858
10,020000	0,422380	-0,450340
10,030000	0,406606	-0,434565
10,040000	0,390831	-0,424048
10,050000	0,375057	-0,413531
10,060000	0,354024	-0,397755
10,070000	0,338250	-0,381979
10,080000	0,322475	-0,366203
10,090000	0,301442	-0,355686
10,100000	0,285668	-0,339911
10,110000	0,269894	-0,318876
10,120000	0,248861	-0,308359
10,130000	0,233086	-0,292584
10,140000	0,212054	-0,276808
10,150000	0,191021	-0,255774
10,160000	0,175247	-0,245257
10,170000	0,154214	-0,224222
10,180000	0,138439	-0,213705
10,190000	0,122665	-0,197929
10,200000	0,101632	-0,176895
10,210000	0,080600	-0,161120
10,220000	0,064825	-0,145344
10,230000	0,043793	-0,129568
10,240000	0,028018	-0,113792
10,250000	0,006985	-0,092758
10,260000	-0,014047	-0,076983
10,270000	-0,029822	-0,061207
10,280000	-0,050854	-0,040173
10,290000	-0,066629	-0,024397
10,300000	-0,082403	-0,013880
10,310000	-0,103436	0,007154
10,320000	-0,119210	0,017672
10,330000	-0,134985	0,033447
10,340000	-0,150759	0,049223
10,350000	-0,166534	0,064999
10,360000	-0,182308	0,075516
10,370000	-0,192825	0,096550
10,380000	-0,208599	0,107067
10,390000	-0,224374	0,122843
10,400000	-0,240148	0,138619
10,410000	-0,250664	0,154394
10,420000	-0,261181	0,164911
10,430000	-0,276955	0,180687
10,440000	-0,287472	0,191204
10,450000	-0,297988	0,206980
10,460000	-0,308504	0,212238
10,470000	-0,313762	0,228014
10,480000	-0,329537	0,238531
10,490000	-0,334795	0,249048
10,500000	-0,345311	0,259565
10,510000	-0,350570	0,264824
10,520000	-0,361086	0,275341
10,530000	-0,366344	0,280600
10,540000	-0,371602	0,285858
10,550000	-0,376860	0,291117
10,560000	-0,382119	0,296375
10,570000	-0,382119	0,301634
10,580000	-0,387377	0,306893
10,590000	-0,392635	0,312151
10,600000	-0,392635	0,312151
10,610000	-0,392635	0,317410
10,620000	-0,397893	0,317410
10,630000	-0,392635	0,322668
10,640000	-0,392635	0,322668
10,650000	-0,392635	0,322668
10,660000	-0,392635	0,317410
10,670000	-0,387377	0,317410
10,680000	-0,387377	0,317410
10,690000	-0,382119	0,312151
10,700000	-0,382119	0,306893
10,710000	-0,371602	0,301634
10,720000	-0,371602	0,301634
10,730000	-0,366344	0,296375
10,740000	-0,355828	0,291117
10,750000	-0,350570	0,285858
10,760000	-0,345311	0,275341
10,770000	-0,334795	0,270083
10,780000	-0,329537	0,259565
10,790000	-0,319021	0,259565
10,800000	-0,308504	0,243790
10,810000	-0,297988	0,238531
10,820000	-0,287472	0,233273
10,830000	-0,271697	0,222756
10,840000	-0,261181	0,206980
10,850000	-0,250664	0,201721
10,860000	-0,234890	0,185946
10,870000	-0,219116	0,175428
10,880000	-0,208599	0,164911
10,890000	-0,187567	0,154394
10,900000	-0,177050	0,143877
10,910000	-0,161276	0,128101
10,920000	-0,140243	0,117584
10,930000	-0,124469	0,101809
10,940000	-0,108694	0,086033
10,950000	-0,092920	0,070257
10,960000	-0,077145	0,059740
10,970000	-0,056113	0,049223
10,980000	-0,040338	0,028189
10,990000	-0,024564	0,017672
11,000000	0,001727	-0,003363
11,010000	0,017502	-0,024397
11,020000	0,033276	-0,034914
11,030000	0,054309	-0,055948
11,040000	0,070083	-0,071724
11,050000	0,091116	-0,087500
11,060000	0,112149	-0,103275
11,070000	0,127923	-0,124310
11,080000	0,148956	-0,140085
11,090000	0,164730	-0,155861
11,100000	0,185763	-0,171637
11,110000	0,206796	-0,192671
11,120000	0,227828	-0,208447
11,130000	0,248861	-0,229481
11,140000	0,264635	-0,250515
11,150000	0,285668	-0,261032
11,160000	0,301442	-0,276808
11,170000	0,317217	-0,297842
11,180000	0,338250	-0,313618
11,190000	0,354024	-0,329394
11,200000	0,369799	-0,350428
11,210000	0,385573	-0,366203
11,220000	0,401348	-0,381979
11,230000	0,417122	-0,397755
11,240000	0,432897	-0,413531
11,250000	0,448671	-0,424048
11,260000	0,464445	-0,439823
11,270000	0,480220	-0,450340
11,280000	0,490736	-0,466116
11,290000	0,501253	-0,476633
11,300000	0,517027	-0,492409
11,310000	0,532802	-0,508185
11,320000	0,548576	-0,513443
11,330000	0,559092	-0,529219
11,340000	0,569609	-0,539736
11,350000	0,574867	-0,555512
11,360000	0,590641	-0,560770
11,370000	0,601158	-0,571287
11,380000	0,611674	-0,581805
11,390000	0,616932	-0,587063
11,400000	0,627448	-0,597580
11,410000	0,637965	-0,602839
11,420000	0,643223	-0,613356
11,430000	0,653739	-0,618614
11,440000	0,658997	-0,623873
11,450000	0,658997	-0,629132
11,460000	0,664256	-0,629132
11,470000	0,669514	-0,639649
11,480000	0,674772	-0,639649
11,490000	0,669514	-0,639649
11,500000	0,674772	-0,644907
11,510000	0,674772	-0,644907
11,520000	0,669514	-0,644907
11,530000	0,669514	-0,650166
11,540000	0,669514	-0,650166
11,550000	0,669514	-0,644907
11,560000	0,669514	-0,644907
11,570000	0,664256	-0,644907
11,580000	0,658997	-0,639649
11,590000	0,658997	-0,639649
11,600000	0,648481	-0,634390
11,610000	0,643223	-0,629132
11,620000	0,637965	-0,629132
11,630000	0,632707	-0,623873
11,640000	0,622190	-0,618614
11,650000	0,616932	-0,608097
11,660000	0,606416	-0,602839
11,670000	0,595900	-0,597580
11,680000	0,590641	-0,587063
11,690000	0,580125	-0,581805
11,700000	0,564351	-0,571287
11,710000	0,553834	-0,566029
11,720000	0,543318	-0,555512
11,730000	0,527543	-0,544995
11,740000	0,517027	-0,534477
11,750000	0,501253	-0,518702
11,760000	0,490736	-0,508185
11,770000	0,474962	-0,492409
11,780000	0,459187	-0,481892
11,790000	0,443413	-0,471375
11,800000	0,427638	-0,455599
11,810000	0,411864	-0,445082
11,820000	0,396089	-0,429306
11,830000	0,380315	-0,418789
11,840000	0,364540	-0,408272
11,850000	0,343508	-0,392496
11,860000	0,327733	-0,376721
11,870000	0,306701	-0,360945
11,880000	0,290926	-0,350428
11,890000	0,269894	-0,334652
11,900000	0,254119	-0,318876
11,910000	0,238345	-0,303101
11,920000	0,217312	-0,287325
11,930000	0,201537	-0,271549
11,940000	0,180505	-0,255774
11,950000	0,164730	-0,245257
11,960000	0,143698	-0,229481
11,970000	0,122665	-0,213705
11,980000	0,106890	-0,197929
11,990000	0,085858	-0,182154
12,000000	0,070083	-0,166378
12,010000	0,049051	-0,150602
12,020000	0,033276	-0,134827
12,030000	0,012244	-0,119051
12,040000	-0,008789	-0,103275
12,050000	-0,024564	-0,087500
12,060000	-0,045596	-0,071724
12,070000	-0,066629	-0,055948
12,080000	-0,082403	-0,040173
12,090000	-0,103436	-0,019138
12,100000	-0,119210	-0,008621
12,110000	-0,129727	0,017672
12,120000	-0,150759	0,033447
12,130000	-0,166534	0,043964
12,140000	-0,177050	0,059740
12,150000	-0,192825	0,075516
12,160000	-0,208599	0,091291
12,170000	-0,219116	0,101809
12,180000	-0,234890	0,122843
12,190000	-0,245406	0,133360
12,200000	-0,261181	0,149136
12,210000	-0,276955	0,159653
12,220000	-0,282213	0,170170
12,230000	-0,297988	0,180687
12,240000	-0,308504	0,191204
12,250000	-0,319021	0,206980
12,260000	-0,329537	0,217497
12,270000	-0,340053	0,228014
12,280000	-0,350570	0,233273
12,290000	-0,355828	0,243790
12,300000	-0,361086	0,254307
12,310000	-0,366344	0,259565
12,320000	-0,371602	0,270083
12,330000	-0,376860	0,275341
12,340000	-0,382119	0,280600
12,350000	-0,387377	0,285858
12,360000	-0,392635	0,291117
12,370000	-0,397893	0,301634
12,380000	-0,397893	0,301634
12,390000	-0,403151	0,312151
12,400000	-0,403151	0,312151
12,410000	-0,403151	0,312151
12,420000	-0,403151	0,312151
12,430000	-0,403151	0,317410
12,440000	-0,403151	0,312151
12,450000	-0,397893	0,312151
12,460000	-0,397893	0,306893
12,470000	-0,392635	0,306893
12,480000	-0,387377	0,306893
12,490000	-0,382119	0,301634
12,500000	-0,376860	0,301634
12,510000	-0,371602	0,296375
12,520000	-0,361086	0,291117
12,530000	-0,355828	0,285858
12,540000	-0,350570	0,280600
12,550000	-0,340053	0,275341
12,560000	-0,329537	0,264824
12,570000	-0,319021	0,259565
12,580000	-0,313762	0,249048
12,590000	-0,297988	0,238531
12,600000	-0,287472	0,228014
12,610000	-0,276955	0,222756
12,620000	-0,261181	0,212238
12,630000	-0,245406	0,201721
12,640000	-0,234890	0,185946
12,650000	-0,224374	0,180687
12,660000	-0,203341	0,164911
12,670000	-0,192825	0,154394
12,680000	-0,177050	0,138619
12,690000	-0,161276	0,128101
12,700000	-0,145501	0,112326
12,710000	-0,129727	0,101809
12,720000	-0,113952	0,086033
12,730000	-0,092920	0,070257
12,740000	-0,077145	0,054482
12,750000	-0,061371	0,038706
12,760000	-0,045596	0,022930
12,770000	-0,024564	0,007154
12,780000	-0,008789	-0,008621
12,790000	0,012244	-0,029655
12,800000	0,033276	-0,045431
12,810000	0,054309	-0,066465
12,820000	0,070083	-0,076983
12,830000	0,091116	-0,092758
12,840000	0,112149	-0,113792
12,850000	0,127923	-0,129568
12,860000	0,148956	-0,145344
12,870000	0,164730	-0,166378
12,880000	0,185763	-0,187412
12,890000	0,201537	-0,203188
12,900000	0,222570	-0,213705
12,910000	0,238345	-0,229481
12,920000	0,259377	-0,250515
12,930000	0,275152	-0,261032
12,940000	0,296184	-0,276808
12,950000	0,311959	-0,292584
12,960000	0,327733	-0,308359
12,970000	0,348766	-0,324135
12,980000	0,364540	-0,339911
12,990000	0,380315	-0,355686
13,000000	0,396089	-0,371462
13,010000	0,417122	-0,387238
13,020000	0,432897	-0,403013
13,030000	0,443413	-0,418789
13,040000	0,459187	-0,434565
13,050000	0,474962	-0,445082
13,060000	0,490736	-0,460858
13,070000	0,506511	-0,471375
13,080000	0,517027	-0,481892
13,090000	0,532802	-0,492409
13,100000	0,543318	-0,502926
13,110000	0,559092	-0,513443
13,120000	0,569609	-0,523960
13,130000	0,580125	-0,534477
13,140000	0,590641	-0,544995
13,150000	0,601158	-0,555512
13,160000	0,606416	-0,560770
13,170000	0,616932	-0,566029
13,180000	0,627448	-0,576546
13,190000	0,632707	-0,587063
13,200000	0,643223	-0,592322
13,210000	0,648481	-0,597580
13,220000	0,653739	-0,608097
13,230000	0,658997	-0,608097
13,240000	0,664256	-0,613356
13,250000	0,669514	-0,623873
13,260000	0,669514	-0,623873
13,270000	0,669514	-0,629132
13,280000	0,674772	-0,634390
13,290000	0,674772	-0,634390
13,300000	0,674772	-0,639649
13,310000	0,674772	-0,639649
13,320000	0,674772	-0,639649
13,330000	0,674772	-0,639649
13,340000	0,669514	-0,639649
13,350000	0,669514	-0,634390
13,360000	0,664256	-0,634390
13,370000	0,658997	-0,629132
13,380000	0,653739	-0,634390
13,390000	0,643223	-0,629132
13,400000	0,637965	-0,623873
13,410000	0,632707	-0,618614
13,420000	0,627448	-0,613356
13,430000	0,616932	-0,613356
13,440000	0,606416	-0,602839
13,450000	0,601158	-0,597580
13,460000	0,595900	-0,592322
13,470000	0,585383	-0,581805
13,480000	0,569609	-0,571287
13,490000	0,559092	-0,566029
13,500000	0,548576	-0,560770
13,510000	0,538060	-0,550253
13,520000	0,522285	-0,539736
13,530000	0,511769	-0,529219
13,540000	0,495994	-0,518702
13,550000	0,480220	-0,508185
13,560000	0,464445	-0,497668
13,570000	0,448671	-0,487150
13,580000	0,432897	-0,471375
13,590000	0,417122	-0,460858
13,600000	0,406606	-0,445082
13,610000	0,385573	-0,439823
13,620000	0,369799	-0,424048
13,630000	0,354024	-0,408272
13,640000	0,332991	-0,397755
13,650000	0,317217	-0,381979
13,660000	0,301442	-0,360945
13,670000	0,280410	-0,350428
13,680000	0,264635	-0,334652
13,690000	0,243603	-0,318876
13,700000	0,227828	-0,297842
13,710000	0,206796	-0,282066
13,720000	0,191021	-0,266291
13,730000	0,169988	-0,250515
13,740000	0,148956	-0,234739
13,750000	0,127923	-0,218964
13,760000	0,112149	-0,203188
13,770000	0,091116	-0,182154
13,780000	0,075342	-0,166378
13,790000	0,049051	-0,150602
13,800000	0,033276	-0,134827
13,810000	0,017502	-0,113792
13,820000	0,001727	-0,103275
13,830000	-0,024564	-0,082241
13,840000	-0,040338	-0,071724
13,850000	-0,056113	-0,050690
13,860000	-0,077145	-0,034914
13,870000	-0,092920	-0,019138
13,880000	-0,108694	0,001896
13,890000	-0,124469	0,017672
13,900000	-0,140243	0,033447
13,910000	-0,156018	0,054482
13,920000	-0,171792	0,070257
13,930000	-0,187567	0,086033
13,940000	-0,208599	0,101809
13,950000	-0,219116	0,117584
13,960000	-0,234890	0,133360
13,970000	-0,245406	0,143877
13,980000	-0,261181	0,159653
13,990000	-0,271697	0,170170
14,000000	-0,287472	0,180687
14,010000	-0,297988	0,191204
14,020000	-0,308504	0,201721
14,030000	-0,319021	0,217497
14,040000	-0,329537	0,222756
14,050000	-0,340053	0,238531
14,060000	-0,345311	0,243790
14,070000	-0,355828	0,254307
14,080000	-0,366344	0,259565
14,090000	-0,366344	0,264824
14,100000	-0,376860	0,270083
14,110000	-0,387377	0,275341
14,120000	-0,392635	0,280600
14,130000	-0,397893	0,285858
14,140000	-0,397893	0,296375
14,150000	-0,403151	0,296375
14,160000	-0,403151	0,301634
14,170000	-0,397893	0,306893
14,180000	-0,403151	0,301634
14,190000	-0,403151	0,312151
14,200000	-0,403151	0,312151
14,210000	-0,403151	0,312151
14,220000	-0,403151	0,312151
14,230000	-0,397893	0,312151
14,240000	-0,397893	0,306893
14,250000	-0,392635	0,312151
14,260000	-0,392635	0,306893
14,270000	-0,387377	0,301634
14,280000	-0,382119	0,296375
14,290000	-0,371602	0,296375
14,300000	-0,366344	0,291117
14,310000	-0,361086	0,285858
14,320000	-0,355828	0,280600
14,330000	-0,340053	0,275341
14,340000	-0,334795	0,270083
14,350000	-0,319021	0,254307
14,360000	-0,313762	0,243790
14,370000	-0,308504	0,238531
14,380000	-0,297988	0,228014
14,390000	-0,282213	0,217497
14,400000	-0,271697	0,206980
14,410000	-0,261181	0,196463
14,420000	-0,245406	0,180687
14,430000	-0,234890	0,170170
14,440000	-0,219116	0,159653
14,450000	-0,203341	0,143877
14,460000	-0,187567	0,128101
14,470000	-0,171792	0,117584
14,480000	-0,156018	0,101809
14,490000	-0,140243	0,091291
14,500000	-0,124469	0,075516
14,510000	-0,108694	0,064999
14,520000	-0,087661	0,049223
14,530000	-0,077145	0,033447
14,540000	-0,056113	0,022930
14,550000	-0,040338	0,007154
14,560000	-0,019305	-0,013880
14,570000	0,001727	-0,029655
14,580000	0,017502	-0,045431
14,590000	0,038534	-0,061207
14,600000	0,059567	-0,076983
14,610000	0,075342	-0,092758
14,620000	0,096374	-0,108534
14,630000	0,117407	-0,124310
14,640000	0,133181	-0,145344
14,650000	0,154214	-0,155861
14,660000	0,175247	-0,176895
14,670000	0,196279	-0,192671
14,680000	0,212054	-0,208447
14,690000	0,227828	-0,229481
14,700000	0,248861	-0,245257
14,710000	0,264635	-0,266291
14,720000	0,280410	-0,282066
14,730000	0,306701	-0,297842
14,740000	0,317217	-0,313618
14,750000	0,338250	-0,329394
14,760000	0,354024	-0,345169
14,770000	0,369799	-0,360945
14,780000	0,390831	-0,376721
14,790000	0,406606	-0,387238
14,800000	0,422380	-0,403013
14,810000	0,438155	-0,418789
14,820000	0,453929	-0,429306
14,830000	0,469704	-0,445082
14,840000	0,485478	-0,455599
14,850000	0,501253	-0,466116
14,860000	0,517027	-0,481892
14,870000	0,527543	-0,492409
14,880000	0,538060	-0,502926
14,890000	0,548576	-0,518702
14,900000	0,564351	-0,534477
14,910000	0,574867	-0,544995
14,920000	0,585383	-0,550253
14,930000	0,595900	-0,560770
14,940000	0,601158	-0,571287
14,950000	0,611674	-0,581805
14,960000	0,622190	-0,587063
14,970000	0,627448	-0,592322
14,980000	0,637965	-0,597580
14,990000	0,643223	-0,608097
15,000000	0,653739	-0,613356
15,010000	0,658997	-0,618614
15,020000	0,658997	-0,623873
15,030000	0,669514	-0,623873
15,040000	0,669514	-0,634390
15,050000	0,674772	-0,634390
15,060000	0,674772	-0,634390
15,070000	0,680030	-0,639649
15,080000	0,680030	-0,639649
15,090000	0,680030	-0,639649
15,100000	0,680030	-0,639649
15,110000	0,674772	-0,644907
15,120000	0,674772	-0,644907
15,130000	0,674772	-0,644907
15,140000	0,669514	-0,644907
15,150000	0,664256	-0,639649
15,160000	0,658997	-0,639649
15,170000	0,658997	-0,634390
15,180000	0,653739	-0,634390
15,190000	0,643223	-0,629132
15,200000	0,637965	-0,618614
15,210000	0,627448	-0,613356
15,220000	0,622190	-0,608097
15,230000	0,611674	-0,602839
15,240000	0,601158	-0,592322
15,250000	0,590641	-0,581805
15,260000	0,585383	-0,576546
15,270000	0,569609	-0,566029
15,280000	0,559092	-0,555512
15,290000	0,548576	-0,550253
15,300000	0,538060	-0,534477
15,310000	0,522285	-0,523960
15,320000	0,506511	-0,513443
15,330000	0,495994	-0,502926
15,340000	0,480220	-0,492409
15,350000	0,459187	-0,476633
15,360000	0,443413	-0,466116
15,370000	0,427638	-0,455599
15,380000	0,411864	-0,439823
15,390000	0,396089	-0,424048
15,400000	0,380315	-0,413531
15,410000	0,359282	-0,397755
15,420000	0,343508	-0,381979
15,430000	0,327733	-0,366203
15,440000	0,306701	-0,350428
15,450000	0,285668	-0,339911
15,460000	0,269894	-0,324135
15,470000	0,248861	-0,303101
15,480000	0,233086	-0,287325
15,490000	0,212054	-0,271549
15,500000	0,196279	-0,255774
15,510000	0,175247	-0,239998
15,520000	0,159472	-0,224222
15,530000	0,138439	-0,208447
15,540000	0,117407	-0,187412
15,550000	0,101632	-0,171637
15,560000	0,080600	-0,155861
15,570000	0,059567	-0,140085
15,580000	0,049051	-0,124310
15,590000	0,028018	-0,108534
15,600000	0,006985	-0,087500
15,610000	-0,014047	-0,071724
15,620000	-0,035080	-0,055948
15,630000	-0,056113	-0,040173
15,640000	-0,066629	-0,024397
15,650000	-0,087661	-0,008621
15,660000	-0,103436	0,007154
15,670000	-0,119210	0,022930
15,680000	-0,140243	0,043964
15,690000	-0,156018	0,059740
15,700000	-0,166534	0,070257
15,710000	-0,187567	0,086033
15,720000	-0,198083	0,101809
15,730000	-0,213857	0,117584
15,740000	-0,229632	0,133360
15,750000	-0,240148	0,143877
15,760000	-0,255923	0,154394
15,770000	-0,266439	0,170170
15,780000	-0,282213	0,180687
15,790000	-0,292730	0,191204
15,800000	-0,303246	0,201721
15,810000	-0,313762	0,206980
15,820000	-0,319021	0,217497
15,830000	-0,329537	0,228014
15,840000	-0,340053	0,233273
15,850000	-0,350570	0,243790
15,860000	-0,355828	0,249048
15,870000	-0,366344	0,259565
15,880000	-0,371602	0,264824
15,890000	-0,376860	0,275341
15,900000	-0,382119	0,275341
15,910000	-0,387377	0,280600
15,920000	-0,392635	0,285858
15,930000	-0,397893	0,291117
15,940000	-0,397893	0,296375
15,950000	-0,403151	0,306893
15,960000	-0,403151	0,306893
15,970000	-0,403151	0,312151
15,980000	-0,403151	0,312151
15,990000	-0,403151	0,312151
16,000000	-0,403151	0,312151
16,010000	-0,403151	0,312151
16,020000	-0,397893	0,312151
16,030000	-0,397893	0,312151
16,040000	-0,387377	0,306893
16,050000	-0,387377	0,306893
16,060000	-0,382119	0,306893
16,070000	-0,376860	0,301634
16,080000	-0,371602	0,296375
16,090000	-0,361086	0,296375
16,100000	-0,355828	0,291117
16,110000	-0,345311	0,280600
16,120000	-0,334795	0,275341
16,130000	-0,329537	0,264824
16,140000	-0,319021	0,254307
16,150000	-0,308504	0,243790
16,160000	-0,292730	0,233273
16,170000	-0,282213	0,222756
16,180000	-0,266439	0,212238
16,190000	-0,255923	0,201721
16,200000	-0,245406	0,191204
16,210000	-0,229632	0,175428
16,220000	-0,213857	0,164911
16,230000	-0,198083	0,154394
16,240000	-0,187567	0,143877
16,250000	-0,171792	0,133360
16,260000	-0,161276	0,117584
16,270000	-0,145501	0,101809
16,280000	-0,124469	0,086033
16,290000	-0,108694	0,075516
16,300000	-0,092920	0,059740
16,310000	-0,077145	0,043964
16,320000	-0,061371	0,033447
16,330000	-0,040338	0,017672
16,340000	-0,024564	0,001896
16,350000	0,001727	-0,019138
16,360000	0,017502	-0,034914
16,370000	0,038534	-0,050690
16,380000	0,059567	-0,061207
16,390000	0,075342	-0,076983
16,400000	0,091116	-0,092758
16,410000	0,112149	-0,108534
16,420000	0,133181	-0,124310
16,430000	0,148956	-0,145344
16,440000	0,169988	-0,161120
16,450000	0,191021	-0,176895
16,460000	0,206796	-0,192671
16,470000	0,227828	-0,208447
16,480000	0,243603	-0,224222
16,490000	0,269894	-0,239998
16,500000	0,280410	-0,261032
16,510000	0,301442	-0,276808
16,520000	0,317217	-0,292584
16,530000	0,332991	-0,308359
16,540000	0,354024	-0,324135
16,550000	0,369799	-0,339911
16,560000	0,390831	-0,355686
16,570000	0,406606	-0,371462
16,580000	0,422380	-0,387238
16,590000	0,438155	-0,397755
16,600000	0,453929	-0,413531
16,610000	0,469704	-0,424048
16,620000	0,480220	-0,439823
16,630000	0,495994	-0,450340
16,640000	0,511769	-0,466116
16,650000	0,522285	-0,476633
16,660000	0,538060	-0,487150
16,670000	0,553834	-0,502926
16,680000	0,564351	-0,513443
16,690000	0,574867	-0,523960
16,700000	0,585383	-0,534477
16,710000	0,595900	-0,539736
16,720000	0,606416	-0,550253
16,730000	0,622190	-0,560770
16,740000	0,632707	-0,571287
16,750000	0,632707	-0,576546
16,760000	0,637965	-0,587063
16,770000	0,643223	-0,592322
16,780000	0,653739	-0,597580
16,790000	0,658997	-0,602839
16,800000	0,664256	-0,608097
16,810000	0,669514	-0,613356
16,820000	0,669514	-0,618614
16,830000	0,680030	-0,618614
16,840000	0,674772	-0,623873
16,850000	0,680030	-0,629132
16,860000	0,680030	-0,629132
16,870000	0,680030	-0,629132
16,880000	0,685288	-0,629132
16,890000	0,680030	-0,629132
16,900000	0,674772	-0,623873
16,910000	0,674772	-0,623873
16,920000	0,669514	-0,623873
16,930000	0,669514	-0,623873
16,940000	0,664256	-0,618614
16,950000	0,653739	-0,618614
16,960000	0,653739	-0,613356
16,970000	0,643223	-0,608097
16,980000	0,643223	-0,608097
16,990000	0,632707	-0,602839
17,000000	0,622190	-0,597580
17,010000	0,611674	-0,587063
17,020000	0,606416	-0,587063
17,030000	0,590641	-0,576546
17,040000	0,585383	-0,571287
17,050000	0,569609	-0,560770
17,060000	0,559092	-0,550253
17,070000	0,548576	-0,539736
17,080000	0,538060	-0,529219
17,090000	0,522285	-0,518702
17,100000	0,517027	-0,508185
17,110000	0,495994	-0,492409
17,120000	0,480220	-0,481892
17,130000	0,469704	-0,466116
17,140000	0,453929	-0,460858
17,150000	0,432897	-0,445082
17,160000	0,417122	-0,429306
17,170000	0,401348	-0,418789
17,180000	0,385573	-0,403013
17,190000	0,369799	-0,392496
17,200000	0,348766	-0,376721
17,210000	0,332991	-0,360945
17,220000	0,317217	-0,345169
17,230000	0,296184	-0,329394
17,240000	0,280410	-0,313618
17,250000	0,264635	-0,297842
17,260000	0,243603	-0,287325
17,270000	0,222570	-0,271549
17,280000	0,206796	-0,250515
17,290000	0,185763	-0,234739
17,300000	0,169988	-0,218964
17,310000	0,148956	-0,197929
17,320000	0,127923	-0,182154
17,330000	0,112149	-0,161120
17,340000	0,091116	-0,145344
17,350000	0,075342	-0,124310
17,360000	0,054309	-0,108534
17,370000	0,038534	-0,092758
17,380000	0,017502	-0,076983
17,390000	0,001727	-0,061207
17,400000	-0,019305	-0,045431
17,410000	-0,040338	-0,029655
17,420000	-0,061371	-0,013880
17,430000	-0,077145	0,001896
17,440000	-0,092920	0,017672
17,450000	-0,108694	0,033447
17,460000	-0,129727	0,049223
17,470000	-0,145501	0,059740
17,480000	-0,161276	0,075516
17,490000	-0,177050	0,091291
17,500000	-0,192825	0,101809
17,510000	-0,208599	0,117584
17,520000	-0,224374	0,133360
17,530000	-0,234890	0,143877
17,540000	-0,250664	0,154394
17,550000	-0,261181	0,170170
17,560000	-0,276955	0,180687
17,570000	-0,287472	0,191204
17,580000	-0,303246	0,206980
17,590000	-0,308504	0,217497
17,600000	-0,319021	0,222756
17,610000	-0,329537	0,238531
17,620000	-0,340053	0,249048
17,630000	-0,350570	0,254307
17,640000	-0,355828	0,264824
17,650000	-0,366344	0,270083
17,660000	-0,371602	0,275341
17,670000	-0,376860	0,285858
17,680000	-0,382119	0,285858
17,690000	-0,387377	0,296375
17,700000	-0,392635	0,301634
17,710000	-0,397893	0,306893
17,720000	-0,397893	0,312151
17,730000	-0,397893	0,312151
17,740000	-0,403151	0,317410
17,750000	-0,403151	0,317410
17,760000	-0,397893	0,322668
17,770000	-0,397893	0,322668
17,780000	-0,397893	0,317410
17,790000	-0,397893	0,317410
17,800000	-0,392635	0,317410
17,810000	-0,397893	0,317410
17,820000	-0,387377	0,312151
17,830000	-0,387377	0,312151
17,840000	-0,382119	0,306893
17,850000	-0,376860	0,306893
17,860000	-0,371602	0,301634
17,870000	-0,361086	0,291117
17,880000	-0,355828	0,285858
17,890000	-0,345311	0,280600
17,900000	-0,334795	0,275341
17,910000	-0,329537	0,270083
17,920000	-0,319021	0,259565
17,930000	-0,308504	0,254307
17,940000	-0,297988	0,238531
17,950000	-0,287472	0,233273
17,960000	-0,271697	0,222756
17,970000	-0,261181	0,206980
17,980000	-0,245406	0,196463
17,990000	-0,234890	0,185946
18,000000	-0,219116	0,170170
18,010000	-0,203341	0,159653
18,020000	-0,192825	0,149136
18,030000	-0,177050	0,138619
18,040000	-0,166534	0,122843
18,050000	-0,150759	0,107067
18,060000	-0,129727	0,091291
18,070000	-0,113952	0,075516
18,080000	-0,103436	0,059740
18,090000	-0,082403	0,043964
18,100000	-0,066629	0,028189
18,110000	-0,050854	0,012413
18,120000	-0,035080	-0,008621
18,130000	-0,014047	-0,024397
18,140000	0,012244	-0,034914
18,150000	0,028018	-0,055948
18,160000	0,043793	-0,071724
18,170000	0,064825	-0,087500
18,180000	0,085858	-0,103275
18,190000	0,101632	-0,113792
18,200000	0,117407	-0,140085
18,210000	0,143698	-0,155861
18,220000	0,164730	-0,171637
18,230000	0,175247	-0,187412
18,240000	0,196279	-0,208447
18,250000	0,217312	-0,218964
18,260000	0,233086	-0,239998
18,270000	0,254119	-0,255774
18,280000	0,275152	-0,271549
18,290000	0,290926	-0,282066
18,300000	0,306701	-0,303101
18,310000	0,327733	-0,318876
18,320000	0,348766	-0,334652
18,330000	0,364540	-0,345169
18,340000	0,380315	-0,360945
18,350000	0,396089	-0,376721
18,360000	0,411864	-0,392496
18,370000	0,427638	-0,408272
18,380000	0,448671	-0,418789
18,390000	0,464445	-0,434565
18,400000	0,480220	-0,445082
18,410000	0,495994	-0,460858
18,420000	0,506511	-0,466116
18,430000	0,522285	-0,481892
18,440000	0,532802	-0,497668
18,450000	0,543318	-0,502926
18,460000	0,559092	-0,513443
18,470000	0,569609	-0,529219
18,480000	0,580125	-0,539736
18,490000	0,590641	-0,544995
18,500000	0,601158	-0,555512
18,510000	0,611674	-0,566029
18,520000	0,622190	-0,571287
18,530000	0,627448	-0,576546
18,540000	0,643223	-0,587063
18,550000	0,643223	-0,592322
18,560000	0,653739	-0,602839
18,570000	0,658997	-0,608097
18,580000	0,664256	-0,613356
18,590000	0,664256	-0,618614
18,600000	0,669514	-0,623873
18,610000	0,680030	-0,629132
18,620000	0,680030	-0,629132
18,630000	0,680030	-0,634390
18,640000	0,680030	-0,639649
18,650000	0,680030	-0,644907
18,660000	0,680030	-0,644907
18,670000	0,680030	-0,639649
18,680000	0,680030	-0,644907
18,690000	0,674772	-0,650166
18,700000	0,669514	-0,644907
18,710000	0,669514	-0,639649
18,720000	0,664256	-0,639649
18,730000	0,658997	-0,629132
18,740000	0,653739	-0,629132
18,750000	0,648481	-0,618614
18,760000	0,637965	-0,613356
18,770000	0,632707	-0,608097
18,780000	0,622190	-0,602839
18,790000	0,611674	-0,592322
18,800000	0,606416	-0,592322
18,810000	0,595900	-0,581805
18,820000	0,585383	-0,571287
18,830000	0,574867	-0,560770
18,840000	0,564351	-0,550253
18,850000	0,548576	-0,539736
18,860000	0,538060	-0,529219
18,870000	0,522285	-0,518702
18,880000	0,511769	-0,508185
18,890000	0,495994	-0,497668
18,900000	0,480220	-0,487150
18,910000	0,469704	-0,471375
18,920000	0,453929	-0,466116
18,930000	0,438155	-0,445082
18,940000	0,422380	-0,434565
18,950000	0,411864	-0,418789
18,960000	0,390831	-0,408272
18,970000	0,375057	-0,392496
18,980000	0,359282	-0,376721
18,990000	0,343508	-0,360945
19,000000	0,322475	-0,350428
19,010000	0,301442	-0,334652
19,020000	0,290926	-0,318876
19,030000	0,264635	-0,303101
19,040000	0,248861	-0,292584
19,050000	0,233086	-0,276808
19,060000	0,212054	-0,261032
19,070000	0,191021	-0,250515
19,080000	0,169988	-0,234739
19,090000	0,154214	-0,213705
19,100000	0,127923	-0,197929
19,110000	0,112149	-0,182154
19,120000	0,096374	-0,166378
19,130000	0,080600	-0,150602
19,140000	0,054309	-0,134827
19,150000	0,038534	-0,113792
19,160000	0,017502	-0,098017
19,170000	0,001727	-0,076983
19,180000	-0,024564	-0,061207
19,190000	-0,035080	-0,045431
19,200000	-0,056113	-0,029655
19,210000	-0,071887	-0,019138
19,220000	-0,087661	-0,003363
19,230000	-0,108694	0,017672
19,240000	-0,124469	0,028189
19,250000	-0,140243	0,043964
19,260000	-0,161276	0,054482
19,270000	-0,171792	0,064999
19,280000	-0,187567	0,080774
19,290000	-0,203341	0,096550
19,300000	-0,219116	0,112326
19,310000	-0,234890	0,122843
19,320000	-0,245406	0,133360
19,330000	-0,261181	0,143877
19,340000	-0,271697	0,159653
19,350000	-0,287472	0,175428
19,360000	-0,297988	0,185946
19,370000	-0,308504	0,196463
19,380000	-0,319021	0,212238
19,390000	-0,329537	0,222756
19,400000	-0,340053	0,233273
19,410000	-0,350570	0,243790
19,420000	-0,361086	0,249048
19,430000	-0,361086	0,254307
19,440000	-0,371602	0,270083
19,450000	-0,376860	0,275341
19,460000	-0,382119	0,280600
19,470000	-0,387377	0,285858
19,480000	-0,387377	0,296375
19,490000	-0,397893	0,301634
19,500000	-0,397893	0,306893
19,510000	-0,397893	0,312151
19,520000	-0,403151	0,312151
19,530000	-0,403151	0,317410
19,540000	-0,403151	0,317410
19,550000	-0,403151	0,317410
19,560000	-0,403151	0,317410
19,570000	-0,403151	0,312151
19,580000	-0,403151	0,312151
19,590000	-0,397893	0,306893
19,600000	-0,392635	0,306893
19,610000	-0,392635	0,301634
19,620000	-0,382119	0,296375
19,630000	-0,376860	0,296375
19,640000	-0,376860	0,291117
19,650000	-0,366344	0,285858
19,660000	-0,361086	0,275341
19,670000	-0,355828	0,270083
19,680000	-0,345311	0,259565
19,690000	-0,340053	0,254307
19,700000	-0,329537	0,249048
19,710000	-0,319021	0,238531
19,720000	-0,308504	0,228014
19,730000	-0,297988	0,217497
19,740000	-0,287472	0,206980
19,750000	-0,271697	0,196463
19,760000	-0,261181	0,185946
19,770000	-0,245406	0,175428
19,780000	-0,229632	0,159653
19,790000	-0,219116	0,149136
19,800000	-0,203341	0,138619
19,810000	-0,187567	0,122843
19,820000	-0,171792	0,112326
19,830000	-0,156018	0,096550
19,840000	-0,140243	0,086033
19,850000	-0,124469	0,070257
19,860000	-0,108694	0,054482
19,870000	-0,087661	0,043964
19,880000	-0,071887	0,028189
19,890000	-0,050854	0,012413
19,900000	-0,035080	-0,003363
19,910000	-0,014047	-0,019138
19,920000	0,006985	-0,034914
19,930000	0,028018	-0,050690
19,940000	0,043793	-0,066465
19,950000	0,059567	-0,087500
19,960000	0,080600	-0,103275
19,970000	0,096374	-0,119051
19,980000	0,117407	-0,134827
19,990000	0,138439	-0,150602
