t (s)	U1(V)	U2(V)
0,000000	0,196279	-0,239998
0,010000	0,217312	-0,255774
0,020000	0,233086	-0,276808
0,030000	0,254119	-0,292584
0,040000	0,269894	-0,313618
0,050000	0,285668	-0,329394
0,060000	0,306701	-0,350428
0,070000	0,322475	-0,366203
0,080000	0,338250	-0,381979
0,090000	0,354024	-0,397755
0,100000	0,369799	-0,413531
0,110000	0,380315	-0,429306
0,120000	0,396089	-0,445082
0,130000	0,417122	-0,460858
0,140000	0,432897	-0,476633
0,150000	0,448671	-0,492409
0,160000	0,459187	-0,508185
0,170000	0,474962	-0,523960
0,180000	0,485478	-0,534477
0,190000	0,501253	-0,550253
0,200000	0,511769	-0,566029
0,210000	0,527543	-0,571287
0,220000	0,538060	-0,581805
0,230000	0,548576	-0,592322
0,240000	0,559092	-0,602839
0,250000	0,574867	-0,613356
0,260000	0,580125	-0,618614
0,270000	0,590641	-0,634390
0,280000	0,601158	-0,639649
0,290000	0,606416	-0,644907
0,300000	0,616932	-0,650166
0,310000	0,622190	-0,660683
0,320000	0,627448	-0,665942
0,330000	0,632707	-0,671200
0,340000	0,637965	-0,676459
0,350000	0,643223	-0,681717
0,360000	0,648481	-0,686976
0,370000	0,648481	-0,686976
0,380000	0,653739	-0,692234
0,390000	0,653739	-0,697493
0,400000	0,653739	-0,697493
0,410000	0,653739	-0,702751
0,420000	0,653739	-0,697493
0,430000	0,658997	-0,697493
0,440000	0,653739	-0,697493
0,450000	0,653739	-0,697493
0,460000	0,648481	-0,692234
0,470000	0,643223	-0,692234
0,480000	0,637965	-0,686976
0,490000	0,637965	-0,681717
0,500000	0,632707	-0,676459
0,510000	0,627448	-0,671200
0,520000	0,622190	-0,665942
0,530000	0,611674	-0,660683
0,540000	0,606416	-0,655424
0,550000	0,595900	-0,644907
0,560000	0,590641	-0,634390
0,570000	0,580125	-0,623873
0,580000	0,569609	-0,618614
0,590000	0,559092	-0,608097
0,600000	0,548576	-0,602839
0,610000	0,538060	-0,587063
0,620000	0,527543	-0,576546
0,630000	0,517027	-0,566029
0,640000	0,506511	-0,555512
0,650000	0,490736	-0,539736
0,660000	0,480220	-0,529219
0,670000	0,464445	-0,518702
0,680000	0,448671	-0,508185
0,690000	0,432897	-0,492409
0,700000	0,422380	-0,471375
0,710000	0,406606	-0,460858
0,720000	0,385573	-0,445082
0,730000	0,369799	-0,429306
0,740000	0,354024	-0,418789
0,750000	0,338250	-0,403013
0,760000	0,322475	-0,387238
0,770000	0,306701	-0,371462
0,780000	0,290926	-0,355686
0,790000	0,275152	-0,339911
0,800000	0,254119	-0,324135
0,810000	0,238345	-0,308359
0,820000	0,217312	-0,292584
0,830000	0,201537	-0,276808
0,840000	0,185763	-0,261032
0,850000	0,164730	-0,245257
0,860000	0,143698	-0,234739
0,870000	0,127923	-0,213705
0,880000	0,112149	-0,203188
0,890000	0,091116	-0,182154
0,900000	0,075342	-0,171637
0,910000	0,059567	-0,150602
0,920000	0,038534	-0,129568
0,930000	0,028018	-0,113792
0,940000	0,006985	-0,098017
0,950000	-0,014047	-0,082241
0,960000	-0,029822	-0,066465
0,970000	-0,045596	-0,045431
0,980000	-0,061371	-0,029655
0,990000	-0,077145	-0,019138
1,000000	-0,092920	0,001896
1,010000	-0,103436	0,012413
1,020000	-0,119210	0,028189
1,030000	-0,134985	0,043964
1,040000	-0,145501	0,059740
1,050000	-0,161276	0,075516
1,060000	-0,177050	0,091291
1,070000	-0,187567	0,101809
1,080000	-0,203341	0,117584
1,090000	-0,208599	0,128101
1,100000	-0,224374	0,143877
1,110000	-0,234890	0,154394
1,120000	-0,245406	0,164911
1,130000	-0,255923	0,175428
1,140000	-0,261181	0,185946
1,150000	-0,271697	0,196463
1,160000	-0,282213	0,212238
1,170000	-0,287472	0,217497
1,180000	-0,297988	0,228014
1,190000	-0,303246	0,233273
1,200000	-0,308504	0,238531
1,210000	-0,319021	0,243790
1,220000	-0,319021	0,249048
1,230000	-0,324279	0,254307
1,240000	-0,324279	0,259565
1,250000	-0,329537	0,264824
1,260000	-0,329537	0,270083
1,270000	-0,329537	0,270083
1,280000	-0,329537	0,275341
1,290000	-0,334795	0,275341
1,300000	-0,334795	0,270083
1,310000	-0,329537	0,275341
1,320000	-0,329537	0,275341
1,330000	-0,329537	0,270083
1,340000	-0,324279	0,270083
1,350000	-0,324279	0,264824
1,360000	-0,319021	0,259565
1,370000	-0,313762	0,254307
1,380000	-0,308504	0,249048
1,390000	-0,303246	0,238531
1,400000	-0,297988	0,233273
1,410000	-0,292730	0,228014
1,420000	-0,282213	0,217497
1,430000	-0,276955	0,212238
1,440000	-0,266439	0,206980
1,450000	-0,255923	0,201721
1,460000	-0,245406	0,191204
1,470000	-0,234890	0,175428
1,480000	-0,224374	0,170170
1,490000	-0,213857	0,159653
1,500000	-0,203341	0,143877
1,510000	-0,192825	0,133360
1,520000	-0,182308	0,122843
1,530000	-0,166534	0,112326
1,540000	-0,156018	0,101809
1,550000	-0,140243	0,086033
1,560000	-0,129727	0,075516
1,570000	-0,113952	0,064999
1,580000	-0,098178	0,049223
1,590000	-0,082403	0,033447
1,600000	-0,066629	0,017672
1,610000	-0,050854	0,001896
1,620000	-0,035080	-0,013880
1,630000	-0,014047	-0,029655
1,640000	0,001727	-0,045431
1,650000	0,017502	-0,061207
1,660000	0,038534	-0,071724
1,670000	0,054309	-0,092758
1,680000	0,070083	-0,108534
1,690000	0,091116	-0,124310
1,700000	0,106890	-0,145344
1,710000	0,122665	-0,161120
1,720000	0,143698	-0,176895
1,730000	0,159472	-0,192671
1,740000	0,175247	-0,208447
1,750000	0,191021	-0,229481
1,760000	0,212054	-0,245257
1,770000	0,227828	-0,255774
1,780000	0,248861	-0,276808
1,790000	0,264635	-0,292584
1,800000	0,280410	-0,308359
1,810000	0,296184	-0,329394
1,820000	0,317217	-0,339911
1,830000	0,332991	-0,355686
1,840000	0,348766	-0,371462
1,850000	0,364540	-0,387238
1,860000	0,380315	-0,397755
1,870000	0,396089	-0,418789
1,880000	0,417122	-0,429306
1,890000	0,432897	-0,445082
1,900000	0,443413	-0,466116
1,910000	0,459187	-0,476633
1,920000	0,469704	-0,492409
1,930000	0,485478	-0,502926
1,940000	0,501253	-0,518702
1,950000	0,511769	-0,529219
1,960000	0,527543	-0,544995
1,970000	0,532802	-0,560770
1,980000	0,548576	-0,571287
1,990000	0,559092	-0,581805
2,000000	0,569609	-0,592322
2,010000	0,574867	-0,602839
2,020000	0,590641	-0,613356
2,030000	0,595900	-0,623873
2,040000	0,606416	-0,634390
2,050000	0,611674	-0,639649
2,060000	0,622190	-0,650166
2,070000	0,627448	-0,655424
2,080000	0,632707	-0,665942
2,090000	0,637965	-0,671200
2,100000	0,643223	-0,676459
2,110000	0,648481	-0,681717
2,120000	0,648481	-0,686976
2,130000	0,653739	-0,686976
2,140000	0,653739	-0,692234
2,150000	0,658997	-0,697493
2,160000	0,658997	-0,697493
2,170000	0,658997	-0,697493
2,180000	0,658997	-0,697493
2,190000	0,658997	-0,692234
2,200000	0,653739	-0,692234
2,210000	0,653739	-0,692234
2,220000	0,648481	-0,692234
2,230000	0,643223	-0,692234
2,240000	0,637965	-0,686976
2,250000	0,637965	-0,681717
2,260000	0,627448	-0,676459
2,270000	0,622190	-0,671200
2,280000	0,616932	-0,665942
2,290000	0,606416	-0,660683
2,300000	0,595900	-0,655424
2,310000	0,590641	-0,650166
2,320000	0,580125	-0,639649
2,330000	0,569609	-0,629132
2,340000	0,564351	-0,623873
2,350000	0,548576	-0,613356
2,360000	0,538060	-0,602839
2,370000	0,527543	-0,592322
2,380000	0,517027	-0,581805
2,390000	0,501253	-0,566029
2,400000	0,490736	-0,555512
2,410000	0,480220	-0,544995
2,420000	0,464445	-0,529219
2,430000	0,448671	-0,518702
2,440000	0,432897	-0,502926
2,450000	0,422380	-0,487150
2,460000	0,406606	-0,476633
2,470000	0,390831	-0,460858
2,480000	0,375057	-0,445082
2,490000	0,359282	-0,429306
2,500000	0,343508	-0,413531
2,510000	0,327733	-0,397755
2,520000	0,306701	-0,381979
2,530000	0,296184	-0,360945
2,540000	0,280410	-0,345169
2,550000	0,259377	-0,324135
2,560000	0,243603	-0,308359
2,570000	0,222570	-0,292584
2,580000	0,206796	-0,276808
2,590000	0,185763	-0,261032
2,600000	0,169988	-0,245257
2,610000	0,154214	-0,224222
2,620000	0,133181	-0,208447
2,630000	0,112149	-0,192671
2,640000	0,096374	-0,176895
2,650000	0,080600	-0,161120
2,660000	0,064825	-0,140085
2,670000	0,043793	-0,124310
2,680000	0,028018	-0,103275
2,690000	0,006985	-0,087500
2,700000	-0,008789	-0,071724
2,710000	-0,024564	-0,055948
2,720000	-0,040338	-0,034914
2,730000	-0,056113	-0,019138
2,740000	-0,071887	-0,003363
2,750000	-0,087661	0,017672
2,760000	-0,103436	0,033447
2,770000	-0,119210	0,043964
2,780000	-0,129727	0,064999
2,790000	-0,145501	0,080774
2,800000	-0,161276	0,091291
2,810000	-0,171792	0,107067
2,820000	-0,182308	0,117584
2,830000	-0,198083	0,133360
2,840000	-0,208599	0,143877
2,850000	-0,219116	0,159653
2,860000	-0,229632	0,164911
2,870000	-0,240148	0,180687
2,880000	-0,250664	0,185946
2,890000	-0,261181	0,196463
2,900000	-0,266439	0,206980
2,910000	-0,282213	0,212238
2,920000	-0,282213	0,222756
2,930000	-0,292730	0,233273
2,940000	-0,303246	0,243790
2,950000	-0,308504	0,249048
2,960000	-0,313762	0,254307
2,970000	-0,319021	0,259565
2,980000	-0,329537	0,270083
2,990000	-0,329537	0,270083
3,000000	-0,329537	0,275341
3,010000	-0,334795	0,275341
3,020000	-0,329537	0,275341
3,030000	-0,334795	0,280600
3,040000	-0,334795	0,280600
3,050000	-0,340053	0,285858
3,060000	-0,334795	0,285858
3,070000	-0,340053	0,285858
3,080000	-0,334795	0,280600
3,090000	-0,329537	0,280600
3,100000	-0,329537	0,275341
3,110000	-0,324279	0,275341
3,120000	-0,319021	0,270083
3,130000	-0,313762	0,270083
3,140000	-0,313762	0,259565
3,150000	-0,303246	0,254307
3,160000	-0,297988	0,249048
3,170000	-0,292730	0,243790
3,180000	-0,282213	0,233273
3,190000	-0,271697	0,228014
3,200000	-0,261181	0,217497
3,210000	-0,255923	0,206980
3,220000	-0,240148	0,201721
3,230000	-0,234890	0,191204
3,240000	-0,224374	0,180687
3,250000	-0,208599	0,170170
3,260000	-0,198083	0,159653
3,270000	-0,182308	0,149136
3,280000	-0,171792	0,133360
3,290000	-0,161276	0,122843
3,300000	-0,145501	0,107067
3,310000	-0,129727	0,091291
3,320000	-0,119210	0,080774
3,330000	-0,098178	0,064999
3,340000	-0,082403	0,054482
3,350000	-0,071887	0,038706
3,360000	-0,056113	0,017672
3,370000	-0,035080	0,007154
3,380000	-0,019305	-0,008621
3,390000	-0,003531	-0,024397
3,400000	0,012244	-0,045431
3,410000	0,033276	-0,061207
3,420000	0,049051	-0,076983
3,430000	0,059567	-0,092758
3,440000	0,080600	-0,108534
3,450000	0,096374	-0,124310
3,460000	0,117407	-0,140085
3,470000	0,138439	-0,155861
3,480000	0,154214	-0,176895
3,490000	0,169988	-0,192671
3,500000	0,185763	-0,213705
3,510000	0,206796	-0,229481
3,520000	0,222570	-0,245257
3,530000	0,243603	-0,261032
3,540000	0,259377	-0,276808
3,550000	0,280410	-0,292584
3,560000	0,296184	-0,308359
3,570000	0,311959	-0,324135
3,580000	0,327733	-0,339911
3,590000	0,343508	-0,360945
3,600000	0,364540	-0,371462
3,610000	0,380315	-0,392496
3,620000	0,396089	-0,403013
3,630000	0,411864	-0,424048
3,640000	0,427638	-0,439823
3,650000	0,443413	-0,455599
3,660000	0,453929	-0,471375
3,670000	0,469704	-0,481892
3,680000	0,480220	-0,497668
3,690000	0,495994	-0,508185
3,700000	0,506511	-0,523960
3,710000	0,522285	-0,534477
3,720000	0,532802	-0,544995
3,730000	0,543318	-0,555512
3,740000	0,559092	-0,566029
3,750000	0,564351	-0,576546
3,760000	0,574867	-0,587063
3,770000	0,585383	-0,597580
3,780000	0,595900	-0,608097
3,790000	0,601158	-0,618614
3,800000	0,611674	-0,623873
3,810000	0,616932	-0,634390
3,820000	0,627448	-0,639649
3,830000	0,632707	-0,644907
3,840000	0,637965	-0,650166
3,850000	0,637965	-0,655424
3,860000	0,643223	-0,660683
3,870000	0,648481	-0,660683
3,880000	0,653739	-0,665942
3,890000	0,653739	-0,665942
3,900000	0,653739	-0,671200
3,910000	0,653739	-0,671200
3,920000	0,658997	-0,676459
3,930000	0,658997	-0,671200
3,940000	0,658997	-0,676459
3,950000	0,653739	-0,676459
3,960000	0,653739	-0,676459
3,970000	0,653739	-0,676459
3,980000	0,648481	-0,676459
3,990000	0,643223	-0,671200
4,000000	0,637965	-0,665942
4,010000	0,637965	-0,660683
4,020000	0,632707	-0,655424
4,030000	0,622190	-0,650166
4,040000	0,611674	-0,644907
4,050000	0,606416	-0,634390
4,060000	0,601158	-0,629132
4,070000	0,590641	-0,623873
4,080000	0,580125	-0,618614
4,090000	0,574867	-0,608097
4,100000	0,559092	-0,602839
4,110000	0,548576	-0,592322
4,120000	0,538060	-0,581805
4,130000	0,527543	-0,571287
4,140000	0,511769	-0,566029
4,150000	0,501253	-0,550253
4,160000	0,485478	-0,539736
4,170000	0,474962	-0,529219
4,180000	0,464445	-0,518702
4,190000	0,443413	-0,502926
4,200000	0,427638	-0,487150
4,210000	0,417122	-0,476633
4,220000	0,401348	-0,460858
4,230000	0,380315	-0,445082
4,240000	0,369799	-0,429306
4,250000	0,354024	-0,413531
4,260000	0,332991	-0,397755
4,270000	0,317217	-0,381979
4,280000	0,301442	-0,366203
4,290000	0,285668	-0,350428
4,300000	0,264635	-0,334652
4,310000	0,248861	-0,318876
4,320000	0,233086	-0,297842
4,330000	0,217312	-0,287325
4,340000	0,196279	-0,261032
4,350000	0,180505	-0,250515
4,360000	0,164730	-0,234739
4,370000	0,143698	-0,213705
4,380000	0,127923	-0,197929
4,390000	0,112149	-0,182154
4,400000	0,091116	-0,166378
4,410000	0,075342	-0,150602
4,420000	0,059567	-0,134827
4,430000	0,038534	-0,119051
4,440000	0,017502	-0,098017
4,450000	0,001727	-0,076983
4,460000	-0,014047	-0,066465
4,470000	-0,029822	-0,050690
4,480000	-0,045596	-0,029655
4,490000	-0,061371	-0,013880
4,500000	-0,077145	0,001896
4,510000	-0,092920	0,022930
4,520000	-0,108694	0,033447
4,530000	-0,124469	0,049223
4,540000	-0,140243	0,064999
4,550000	-0,150759	0,075516
4,560000	-0,166534	0,091291
4,570000	-0,177050	0,107067
4,580000	-0,187567	0,112326
4,590000	-0,203341	0,128101
4,600000	-0,213857	0,138619
4,610000	-0,224374	0,149136
4,620000	-0,234890	0,159653
4,630000	-0,245406	0,170170
4,640000	-0,250664	0,180687
4,650000	-0,266439	0,191204
4,660000	-0,271697	0,201721
4,670000	-0,282213	0,206980
4,680000	-0,287472	0,217497
4,690000	-0,297988	0,222756
4,700000	-0,308504	0,228014
4,710000	-0,313762	0,238531
4,720000	-0,313762	0,243790
4,730000	-0,319021	0,249048
4,740000	-0,324279	0,254307
4,750000	-0,329537	0,259565
4,760000	-0,329537	0,264824
4,770000	-0,329537	0,270083
4,780000	-0,329537	0,270083
4,790000	-0,334795	0,270083
4,800000	-0,334795	0,270083
4,810000	-0,334795	0,270083
4,820000	-0,334795	0,270083
4,830000	-0,334795	0,275341
4,840000	-0,329537	0,270083
4,850000	-0,324279	0,264824
4,860000	-0,324279	0,264824
4,870000	-0,319021	0,264824
4,880000	-0,313762	0,259565
4,890000	-0,313762	0,259565
4,900000	-0,303246	0,249048
4,910000	-0,297988	0,243790
4,920000	-0,287472	0,238531
4,930000	-0,282213	0,228014
4,940000	-0,276955	0,222756
4,950000	-0,266439	0,212238
4,960000	-0,255923	0,206980
4,970000	-0,250664	0,196463
4,980000	-0,234890	0,191204
4,990000	-0,229632	0,180687
5,000000	-0,213857	0,170170
5,010000	-0,203341	0,159653
5,020000	-0,192825	0,143877
5,030000	-0,177050	0,133360
5,040000	-0,166534	0,122843
5,050000	-0,156018	0,112326
5,060000	-0,134985	0,096550
5,070000	-0,119210	0,080774
5,080000	-0,108694	0,064999
5,090000	-0,092920	0,054482
5,100000	-0,077145	0,038706
5,110000	-0,061371	0,022930
5,120000	-0,045596	0,007154
5,130000	-0,029822	-0,013880
5,140000	-0,008789	-0,029655
5,150000	0,006985	-0,045431
5,160000	0,022760	-0,066465
5,170000	0,043793	-0,082241
5,180000	0,059567	-0,098017
5,190000	0,075342	-0,119051
5,200000	0,096374	-0,134827
5,210000	0,112149	-0,150602
5,220000	0,127923	-0,166378
5,230000	0,143698	-0,182154
5,240000	0,164730	-0,203188
5,250000	0,180505	-0,224222
5,260000	0,196279	-0,239998
5,270000	0,217312	-0,261032
5,280000	0,238345	-0,276808
5,290000	0,254119	-0,292584
5,300000	0,269894	-0,308359
5,310000	0,290926	-0,329394
5,320000	0,306701	-0,345169
5,330000	0,322475	-0,360945
5,340000	0,343508	-0,376721
5,350000	0,359282	-0,392496
5,360000	0,375057	-0,403013
5,370000	0,390831	-0,418789
5,380000	0,406606	-0,434565
5,390000	0,422380	-0,445082
5,400000	0,438155	-0,460858
5,410000	0,448671	-0,471375
5,420000	0,464445	-0,487150
5,430000	0,480220	-0,497668
5,440000	0,490736	-0,513443
5,450000	0,506511	-0,523960
5,460000	0,522285	-0,534477
5,470000	0,527543	-0,544995
5,480000	0,543318	-0,560770
5,490000	0,553834	-0,566029
5,500000	0,564351	-0,581805
5,510000	0,574867	-0,592322
5,520000	0,585383	-0,597580
5,530000	0,595900	-0,608097
5,540000	0,601158	-0,618614
5,550000	0,611674	-0,629132
5,560000	0,622190	-0,634390
5,570000	0,627448	-0,639649
5,580000	0,627448	-0,650166
5,590000	0,632707	-0,650166
5,600000	0,637965	-0,660683
5,610000	0,643223	-0,665942
5,620000	0,648481	-0,671200
5,630000	0,653739	-0,676459
5,640000	0,653739	-0,681717
5,650000	0,658997	-0,681717
5,660000	0,658997	-0,686976
5,670000	0,658997	-0,686976
5,680000	0,658997	-0,686976
5,690000	0,658997	-0,686976
5,700000	0,658997	-0,686976
5,710000	0,653739	-0,686976
5,720000	0,653739	-0,686976
5,730000	0,648481	-0,686976
5,740000	0,648481	-0,681717
5,750000	0,643223	-0,681717
5,760000	0,637965	-0,671200
5,770000	0,632707	-0,671200
5,780000	0,627448	-0,660683
5,790000	0,616932	-0,655424
5,800000	0,611674	-0,650166
5,810000	0,601158	-0,639649
5,820000	0,595900	-0,634390
5,830000	0,585383	-0,623873
5,840000	0,574867	-0,613356
5,850000	0,564351	-0,602839
5,860000	0,559092	-0,592322
5,870000	0,543318	-0,581805
5,880000	0,532802	-0,576546
5,890000	0,517027	-0,560770
5,900000	0,506511	-0,550253
5,910000	0,495994	-0,539736
5,920000	0,480220	-0,523960
5,930000	0,464445	-0,513443
5,940000	0,453929	-0,502926
5,950000	0,438155	-0,487150
5,960000	0,422380	-0,471375
5,970000	0,406606	-0,455599
5,980000	0,396089	-0,439823
5,990000	0,375057	-0,424048
6,000000	0,359282	-0,408272
6,010000	0,343508	-0,392496
6,020000	0,327733	-0,376721
6,030000	0,311959	-0,360945
6,040000	0,296184	-0,350428
6,050000	0,275152	-0,334652
6,060000	0,259377	-0,318876
6,070000	0,243603	-0,303101
6,080000	0,222570	-0,287325
6,090000	0,206796	-0,271549
6,100000	0,185763	-0,255774
6,110000	0,169988	-0,239998
6,120000	0,148956	-0,218964
6,130000	0,133181	-0,203188
6,140000	0,112149	-0,182154
6,150000	0,096374	-0,166378
6,160000	0,080600	-0,150602
6,170000	0,059567	-0,129568
6,180000	0,038534	-0,113792
6,190000	0,022760	-0,098017
6,200000	0,006985	-0,082241
6,210000	-0,008789	-0,061207
6,220000	-0,024564	-0,045431
6,230000	-0,040338	-0,029655
6,240000	-0,056113	-0,013880
6,250000	-0,077145	0,007154
6,260000	-0,092920	0,017672
6,270000	-0,103436	0,033447
6,280000	-0,119210	0,049223
6,290000	-0,134985	0,059740
6,300000	-0,150759	0,075516
6,310000	-0,166534	0,086033
6,320000	-0,177050	0,101809
6,330000	-0,187567	0,112326
6,340000	-0,203341	0,122843
6,350000	-0,213857	0,138619
6,360000	-0,229632	0,143877
6,370000	-0,234890	0,154394
6,380000	-0,250664	0,164911
6,390000	-0,255923	0,170170
6,400000	-0,266439	0,180687
6,410000	-0,276955	0,185946
6,420000	-0,282213	0,201721
6,430000	-0,292730	0,206980
6,440000	-0,297988	0,212238
6,450000	-0,308504	0,222756
6,460000	-0,313762	0,228014
6,470000	-0,319021	0,238531
6,480000	-0,319021	0,238531
6,490000	-0,324279	0,249048
6,500000	-0,329537	0,254307
6,510000	-0,334795	0,254307
6,520000	-0,334795	0,259565
6,530000	-0,340053	0,264824
6,540000	-0,340053	0,264824
6,550000	-0,334795	0,264824
6,560000	-0,340053	0,270083
6,570000	-0,334795	0,270083
6,580000	-0,334795	0,270083
6,590000	-0,334795	0,270083
6,600000	-0,329537	0,264824
6,610000	-0,329537	0,264824
6,620000	-0,324279	0,254307
6,630000	-0,319021	0,254307
6,640000	-0,313762	0,249048
6,650000	-0,308504	0,238531
6,660000	-0,303246	0,238531
6,670000	-0,297988	0,233273
6,680000	-0,287472	0,222756
6,690000	-0,282213	0,217497
6,700000	-0,271697	0,206980
6,710000	-0,261181	0,196463
6,720000	-0,250664	0,191204
6,730000	-0,240148	0,185946
6,740000	-0,229632	0,175428
6,750000	-0,219116	0,164911
6,760000	-0,208599	0,154394
6,770000	-0,198083	0,143877
6,780000	-0,182308	0,133360
6,790000	-0,171792	0,122843
6,800000	-0,156018	0,107067
6,810000	-0,140243	0,096550
6,820000	-0,129727	0,080774
6,830000	-0,113952	0,070257
6,840000	-0,103436	0,054482
6,850000	-0,082403	0,043964
6,860000	-0,066629	0,022930
6,870000	-0,050854	0,007154
6,880000	-0,035080	-0,008621
6,890000	-0,019305	-0,024397
6,900000	0,001727	-0,040173
6,910000	0,017502	-0,061207
6,920000	0,033276	-0,071724
6,930000	0,049051	-0,087500
6,940000	0,070083	-0,103275
6,950000	0,085858	-0,124310
6,960000	0,101632	-0,134827
6,970000	0,122665	-0,155861
6,980000	0,143698	-0,176895
6,990000	0,159472	-0,187412
7,000000	0,175247	-0,203188
7,010000	0,191021	-0,224222
7,020000	0,212054	-0,239998
7,030000	0,227828	-0,261032
7,040000	0,243603	-0,276808
7,050000	0,264635	-0,292584
7,060000	0,275152	-0,308359
7,070000	0,296184	-0,329394
7,080000	0,311959	-0,345169
7,090000	0,332991	-0,360945
7,100000	0,348766	-0,376721
7,110000	0,364540	-0,392496
7,120000	0,375057	-0,413531
7,130000	0,396089	-0,424048
7,140000	0,411864	-0,445082
7,150000	0,427638	-0,455599
7,160000	0,443413	-0,471375
7,170000	0,453929	-0,481892
7,180000	0,469704	-0,497668
7,190000	0,485478	-0,508185
7,200000	0,495994	-0,518702
7,210000	0,511769	-0,529219
7,220000	0,522285	-0,539736
7,230000	0,532802	-0,550253
7,240000	0,543318	-0,566029
7,250000	0,559092	-0,576546
7,260000	0,569609	-0,587063
7,270000	0,580125	-0,592322
7,280000	0,585383	-0,608097
7,290000	0,595900	-0,613356
7,300000	0,606416	-0,618614
7,310000	0,611674	-0,629132
7,320000	0,616932	-0,639649
7,330000	0,627448	-0,644907
7,340000	0,632707	-0,650166
7,350000	0,637965	-0,655424
7,360000	0,643223	-0,660683
7,370000	0,648481	-0,665942
7,380000	0,648481	-0,665942
7,390000	0,653739	-0,671200
7,400000	0,653739	-0,676459
7,410000	0,653739	-0,681717
7,420000	0,658997	-0,681717
7,430000	0,653739	-0,681717
7,440000	0,653739	-0,686976
7,450000	0,653739	-0,686976
7,460000	0,653739	-0,686976
7,470000	0,648481	-0,681717
7,480000	0,648481	-0,681717
7,490000	0,643223	-0,681717
7,500000	0,637965	-0,681717
7,510000	0,637965	-0,676459
7,520000	0,632707	-0,671200
7,530000	0,622190	-0,665942
7,540000	0,622190	-0,660683
7,550000	0,611674	-0,655424
7,560000	0,606416	-0,644907
7,570000	0,601158	-0,639649
7,580000	0,590641	-0,634390
7,590000	0,580125	-0,623873
7,600000	0,569609	-0,613356
7,610000	0,559092	-0,602839
7,620000	0,548576	-0,592322
7,630000	0,538060	-0,581805
7,640000	0,522285	-0,571287
7,650000	0,511769	-0,566029
7,660000	0,501253	-0,555512
7,670000	0,485478	-0,539736
7,680000	0,474962	-0,529219
7,690000	0,459187	-0,518702
7,700000	0,443413	-0,502926
7,710000	0,432897	-0,487150
7,720000	0,417122	-0,476633
7,730000	0,401348	-0,460858
7,740000	0,385573	-0,445082
7,750000	0,369799	-0,434565
7,760000	0,354024	-0,418789
7,770000	0,332991	-0,403013
7,780000	0,317217	-0,392496
7,790000	0,301442	-0,371462
7,800000	0,285668	-0,355686
7,810000	0,264635	-0,345169
7,820000	0,248861	-0,329394
7,830000	0,227828	-0,308359
7,840000	0,217312	-0,292584
7,850000	0,196279	-0,276808
7,860000	0,180505	-0,261032
7,870000	0,159472	-0,239998
7,880000	0,143698	-0,218964
7,890000	0,127923	-0,203188
7,900000	0,106890	-0,182154
7,910000	0,085858	-0,166378
7,920000	0,070083	-0,150602
7,930000	0,049051	-0,134827
7,940000	0,033276	-0,119051
7,950000	0,012244	-0,103275
7,960000	-0,008789	-0,087500
7,970000	-0,024564	-0,071724
7,980000	-0,035080	-0,055948
7,990000	-0,056113	-0,040173
8,000000	-0,066629	-0,024397
8,010000	-0,087661	-0,008621
8,020000	-0,103436	0,007154
8,030000	-0,119210	0,022930
8,040000	-0,129727	0,038706
8,050000	-0,145501	0,054482
8,060000	-0,161276	0,064999
8,070000	-0,177050	0,080774
8,080000	-0,187567	0,091291
8,090000	-0,198083	0,107067
8,100000	-0,213857	0,122843
8,110000	-0,229632	0,133360
8,120000	-0,234890	0,143877
8,130000	-0,245406	0,154394
8,140000	-0,255923	0,159653
8,150000	-0,266439	0,170170
8,160000	-0,271697	0,180687
8,170000	-0,276955	0,191204
8,180000	-0,287472	0,196463
8,190000	-0,297988	0,206980
8,200000	-0,303246	0,212238
8,210000	-0,308504	0,217497
8,220000	-0,313762	0,222756
8,230000	-0,319021	0,233273
8,240000	-0,324279	0,233273
8,250000	-0,324279	0,238531
8,260000	-0,329537	0,243790
8,270000	-0,334795	0,243790
8,280000	-0,334795	0,249048
8,290000	-0,340053	0,249048
8,300000	-0,340053	0,249048
8,310000	-0,345311	0,249048
8,320000	-0,340053	0,249048
8,330000	-0,340053	0,249048
8,340000	-0,340053	0,249048
8,350000	-0,334795	0,249048
8,360000	-0,329537	0,243790
8,370000	-0,329537	0,238531
8,380000	-0,329537	0,238531
8,390000	-0,324279	0,233273
8,400000	-0,319021	0,228014
8,410000	-0,308504	0,222756
8,420000	-0,303246	0,222756
8,430000	-0,292730	0,217497
8,440000	-0,292730	0,206980
8,450000	-0,287472	0,196463
8,460000	-0,271697	0,191204
8,470000	-0,266439	0,180687
8,480000	-0,255923	0,175428
8,490000	-0,245406	0,164911
8,500000	-0,234890	0,154394
8,510000	-0,224374	0,143877
8,520000	-0,208599	0,133360
8,530000	-0,198083	0,122843
8,540000	-0,187567	0,112326
8,550000	-0,171792	0,101809
8,560000	-0,156018	0,086033
8,570000	-0,145501	0,075516
8,580000	-0,134985	0,059740
8,590000	-0,113952	0,049223
8,600000	-0,103436	0,038706
8,610000	-0,087661	0,017672
8,620000	-0,066629	0,001896
8,630000	-0,050854	-0,008621
8,640000	-0,035080	-0,024397
8,650000	-0,024564	-0,040173
8,660000	0,001727	-0,055948
8,670000	0,017502	-0,071724
8,680000	0,033276	-0,082241
8,690000	0,054309	-0,103275
8,700000	0,070083	-0,119051
8,710000	0,091116	-0,134827
8,720000	0,106890	-0,150602
8,730000	0,127923	-0,166378
8,740000	0,143698	-0,182154
8,750000	0,164730	-0,197929
8,760000	0,180505	-0,213705
8,770000	0,201537	-0,234739
8,780000	0,217312	-0,250515
8,790000	0,233086	-0,266291
8,800000	0,254119	-0,282066
8,810000	0,264635	-0,303101
8,820000	0,285668	-0,318876
8,830000	0,301442	-0,334652
8,840000	0,317217	-0,355686
8,850000	0,338250	-0,371462
8,860000	0,348766	-0,387238
8,870000	0,369799	-0,403013
8,880000	0,390831	-0,413531
8,890000	0,401348	-0,429306
8,900000	0,417122	-0,439823
8,910000	0,432897	-0,455599
8,920000	0,448671	-0,471375
8,930000	0,464445	-0,481892
8,940000	0,474962	-0,497668
8,950000	0,495994	-0,513443
8,960000	0,506511	-0,518702
8,970000	0,517027	-0,534477
8,980000	0,532802	-0,544995
8,990000	0,543318	-0,555512
9,000000	0,553834	-0,566029
9,010000	0,564351	-0,576546
9,020000	0,574867	-0,587063
9,030000	0,585383	-0,592322
9,040000	0,590641	-0,602839
9,050000	0,601158	-0,613356
9,060000	0,611674	-0,618614
9,070000	0,616932	-0,629132
9,080000	0,627448	-0,634390
9,090000	0,632707	-0,639649
9,100000	0,637965	-0,644907
9,110000	0,643223	-0,650166
9,120000	0,648481	-0,655424
9,130000	0,653739	-0,660683
9,140000	0,658997	-0,671200
9,150000	0,658997	-0,671200
9,160000	0,658997	-0,676459
9,170000	0,664256	-0,676459
9,180000	0,664256	-0,681717
9,190000	0,664256	-0,681717
9,200000	0,664256	-0,681717
9,210000	0,664256	-0,681717
9,220000	0,658997	-0,681717
9,230000	0,658997	-0,681717
9,240000	0,658997	-0,676459
9,250000	0,653739	-0,676459
9,260000	0,648481	-0,671200
9,270000	0,643223	-0,665942
9,280000	0,637965	-0,660683
9,290000	0,627448	-0,655424
9,300000	0,616932	-0,650166
9,310000	0,616932	-0,644907
9,320000	0,606416	-0,634390
9,330000	0,595900	-0,629132
9,340000	0,585383	-0,623873
9,350000	0,574867	-0,613356
9,360000	0,564351	-0,602839
9,370000	0,553834	-0,592322
9,380000	0,543318	-0,581805
9,390000	0,532802	-0,571287
9,400000	0,517027	-0,560770
9,410000	0,506511	-0,550253
9,420000	0,495994	-0,539736
9,430000	0,480220	-0,529219
9,440000	0,464445	-0,513443
9,450000	0,453929	-0,502926
9,460000	0,438155	-0,487150
9,470000	0,422380	-0,476633
9,480000	0,411864	-0,460858
9,490000	0,396089	-0,445082
9,500000	0,380315	-0,434565
9,510000	0,359282	-0,418789
9,520000	0,343508	-0,403013
9,530000	0,327733	-0,387238
9,540000	0,311959	-0,371462
9,550000	0,296184	-0,355686
9,560000	0,275152	-0,339911
9,570000	0,259377	-0,318876
9,580000	0,238345	-0,303101
9,590000	0,222570	-0,287325
9,600000	0,201537	-0,266291
9,610000	0,191021	-0,250515
9,620000	0,169988	-0,239998
9,630000	0,148956	-0,218964
9,640000	0,133181	-0,208447
9,650000	0,112149	-0,182154
9,660000	0,096374	-0,171637
9,670000	0,080600	-0,150602
9,680000	0,059567	-0,134827
9,690000	0,049051	-0,119051
9,700000	0,028018	-0,103275
9,710000	0,012244	-0,087500
9,720000	-0,008789	-0,071724
9,730000	-0,024564	-0,055948
9,740000	-0,040338	-0,040173
9,750000	-0,056113	-0,024397
9,760000	-0,077145	-0,013880
9,770000	-0,092920	0,007154
9,780000	-0,103436	0,022930
9,790000	-0,119210	0,038706
9,800000	-0,134985	0,049223
9,810000	-0,150759	0,064999
9,820000	-0,161276	0,075516
9,830000	-0,177050	0,091291
9,840000	-0,187567	0,107067
9,850000	-0,203341	0,112326
9,860000	-0,213857	0,122843
9,870000	-0,224374	0,138619
9,880000	-0,234890	0,143877
9,890000	-0,250664	0,154394
9,900000	-0,255923	0,164911
9,910000	-0,266439	0,175428
9,920000	-0,276955	0,185946
9,930000	-0,287472	0,191204
9,940000	-0,292730	0,201721
9,950000	-0,303246	0,212238
9,960000	-0,308504	0,212238
9,970000	-0,319021	0,222756
9,980000	-0,319021	0,228014
9,990000	-0,324279	0,228014
10,000000	-0,329537	0,238531
10,010000	-0,334795	0,238531
10,020000	-0,334795	0,243790
10,030000	-0,334795	0,249048
10,040000	-0,340053	0,249048
10,050000	-0,340053	0,254307
10,060000	-0,340053	0,254307
10,070000	-0,340053	0,249048
10,080000	-0,340053	0,254307
10,090000	-0,340053	0,249048
10,100000	-0,340053	0,249048
10,110000	-0,334795	0,243790
10,120000	-0,329537	0,243790
10,130000	-0,324279	0,238531
10,140000	-0,324279	0,238531
10,150000	-0,319021	0,228014
10,160000	-0,313762	0,228014
10,170000	-0,303246	0,222756
10,180000	-0,297988	0,217497
10,190000	-0,292730	0,212238
10,200000	-0,287472	0,201721
10,210000	-0,276955	0,201721
10,220000	-0,266439	0,191204
10,230000	-0,255923	0,185946
10,240000	-0,245406	0,175428
10,250000	-0,234890	0,164911
10,260000	-0,224374	0,154394
10,270000	-0,213857	0,143877
10,280000	-0,198083	0,133360
10,290000	-0,187567	0,117584
10,300000	-0,177050	0,107067
10,310000	-0,161276	0,096550
10,320000	-0,150759	0,080774
10,330000	-0,134985	0,070257
10,340000	-0,119210	0,054482
10,350000	-0,103436	0,043964
10,360000	-0,087661	0,033447
10,370000	-0,071887	0,017672
10,380000	-0,056113	0,001896
10,390000	-0,040338	-0,013880
10,400000	-0,024564	-0,029655
10,410000	-0,008789	-0,045431
10,420000	0,012244	-0,061207
10,430000	0,028018	-0,082241
10,440000	0,049051	-0,098017
10,450000	0,064825	-0,113792
10,460000	0,080600	-0,134827
10,470000	0,101632	-0,145344
10,480000	0,117407	-0,166378
10,490000	0,133181	-0,182154
10,500000	0,154214	-0,197929
10,510000	0,169988	-0,218964
10,520000	0,191021	-0,234739
10,530000	0,212054	-0,250515
10,540000	0,227828	-0,266291
10,550000	0,243603	-0,282066
10,560000	0,264635	-0,297842
10,570000	0,280410	-0,313618
10,580000	0,296184	-0,329394
10,590000	0,317217	-0,345169
10,600000	0,332991	-0,355686
10,610000	0,348766	-0,371462
10,620000	0,364540	-0,387238
10,630000	0,380315	-0,403013
10,640000	0,396089	-0,413531
10,650000	0,406606	-0,429306
10,660000	0,427638	-0,445082
10,670000	0,443413	-0,455599
10,680000	0,459187	-0,471375
10,690000	0,469704	-0,487150
10,700000	0,485478	-0,502926
10,710000	0,501253	-0,513443
10,720000	0,511769	-0,529219
10,730000	0,527543	-0,539736
10,740000	0,538060	-0,550253
10,750000	0,548576	-0,566029
10,760000	0,564351	-0,576546
10,770000	0,574867	-0,581805
10,780000	0,585383	-0,592322
10,790000	0,590641	-0,602839
10,800000	0,601158	-0,608097
10,810000	0,611674	-0,618614
10,820000	0,616932	-0,629132
10,830000	0,627448	-0,634390
10,840000	0,632707	-0,639649
10,850000	0,637965	-0,644907
10,860000	0,643223	-0,655424
10,870000	0,653739	-0,660683
10,880000	0,653739	-0,660683
10,890000	0,658997	-0,665942
10,900000	0,664256	-0,671200
10,910000	0,664256	-0,671200
10,920000	0,664256	-0,676459
10,930000	0,664256	-0,676459
10,940000	0,669514	-0,676459
10,950000	0,669514	-0,676459
10,960000	0,664256	-0,671200
10,970000	0,664256	-0,671200
10,980000	0,658997	-0,671200
10,990000	0,658997	-0,665942
11,000000	0,653739	-0,665942
11,010000	0,648481	-0,660683
11,020000	0,643223	-0,655424
11,030000	0,643223	-0,655424
11,040000	0,632707	-0,650166
11,050000	0,627448	-0,644907
11,060000	0,622190	-0,639649
11,070000	0,611674	-0,629132
11,080000	0,606416	-0,623873
11,090000	0,595900	-0,613356
11,100000	0,585383	-0,608097
11,110000	0,574867	-0,597580
11,120000	0,564351	-0,592322
11,130000	0,553834	-0,581805
11,140000	0,543318	-0,571287
11,150000	0,527543	-0,560770
11,160000	0,511769	-0,550253
11,170000	0,506511	-0,539736
11,180000	0,490736	-0,523960
11,190000	0,474962	-0,513443
11,200000	0,459187	-0,502926
11,210000	0,448671	-0,487150
11,220000	0,432897	-0,476633
11,230000	0,411864	-0,460858
11,240000	0,396089	-0,450340
11,250000	0,385573	-0,434565
11,260000	0,369799	-0,418789
11,270000	0,348766	-0,408272
11,280000	0,332991	-0,387238
11,290000	0,317217	-0,371462
11,300000	0,301442	-0,355686
11,310000	0,285668	-0,334652
11,320000	0,269894	-0,324135
11,330000	0,248861	-0,303101
11,340000	0,233086	-0,282066
11,350000	0,217312	-0,266291
11,360000	0,196279	-0,250515
11,370000	0,180505	-0,229481
11,380000	0,159472	-0,218964
11,390000	0,148956	-0,203188
11,400000	0,122665	-0,187412
11,410000	0,106890	-0,166378
11,420000	0,091116	-0,150602
11,430000	0,070083	-0,134827
11,440000	0,054309	-0,119051
11,450000	0,033276	-0,103275
11,460000	0,022760	-0,087500
11,470000	0,001727	-0,071724
11,480000	-0,019305	-0,055948
11,490000	-0,035080	-0,040173
11,500000	-0,050854	-0,024397
11,510000	-0,066629	-0,008621
11,520000	-0,082403	0,007154
11,530000	-0,098178	0,022930
11,540000	-0,108694	0,033447
11,550000	-0,124469	0,049223
11,560000	-0,140243	0,064999
11,570000	-0,156018	0,080774
11,580000	-0,166534	0,091291
11,590000	-0,182308	0,101809
11,600000	-0,198083	0,117584
11,610000	-0,203341	0,128101
11,620000	-0,213857	0,138619
11,630000	-0,229632	0,149136
11,640000	-0,240148	0,159653
11,650000	-0,245406	0,170170
11,660000	-0,261181	0,180687
11,670000	-0,266439	0,185946
11,680000	-0,276955	0,191204
11,690000	-0,287472	0,201721
11,700000	-0,292730	0,212238
11,710000	-0,297988	0,212238
11,720000	-0,308504	0,217497
11,730000	-0,313762	0,228014
11,740000	-0,319021	0,228014
11,750000	-0,324279	0,233273
11,760000	-0,329537	0,238531
11,770000	-0,334795	0,238531
11,780000	-0,334795	0,243790
11,790000	-0,340053	0,249048
11,800000	-0,340053	0,249048
11,810000	-0,340053	0,254307
11,820000	-0,345311	0,254307
11,830000	-0,340053	0,254307
11,840000	-0,340053	0,254307
11,850000	-0,340053	0,243790
11,860000	-0,340053	0,249048
11,870000	-0,334795	0,243790
11,880000	-0,334795	0,238531
11,890000	-0,324279	0,233273
11,900000	-0,319021	0,228014
11,910000	-0,319021	0,222756
11,920000	-0,308504	0,217497
11,930000	-0,303246	0,212238
11,940000	-0,297988	0,206980
11,950000	-0,287472	0,201721
11,960000	-0,282213	0,185946
11,970000	-0,271697	0,180687
11,980000	-0,261181	0,175428
11,990000	-0,250664	0,164911
12,000000	-0,240148	0,159653
12,010000	-0,229632	0,149136
12,020000	-0,224374	0,138619
12,030000	-0,208599	0,128101
12,040000	-0,198083	0,117584
12,050000	-0,182308	0,107067
12,060000	-0,171792	0,096550
12,070000	-0,156018	0,080774
12,080000	-0,140243	0,064999
12,090000	-0,129727	0,059740
12,100000	-0,113952	0,043964
12,110000	-0,098178	0,033447
12,120000	-0,082403	0,017672
12,130000	-0,066629	0,007154
12,140000	-0,050854	-0,013880
12,150000	-0,035080	-0,024397
12,160000	-0,019305	-0,045431
12,170000	0,001727	-0,061207
12,180000	0,022760	-0,076983
12,190000	0,038534	-0,092758
12,200000	0,059567	-0,113792
12,210000	0,070083	-0,129568
12,220000	0,091116	-0,145344
12,230000	0,112149	-0,161120
12,240000	0,127923	-0,176895
12,250000	0,143698	-0,197929
12,260000	0,164730	-0,208447
12,270000	0,185763	-0,229481
12,280000	0,201537	-0,245257
12,290000	0,217312	-0,261032
12,300000	0,238345	-0,276808
12,310000	0,254119	-0,292584
12,320000	0,275152	-0,313618
12,330000	0,290926	-0,329394
12,340000	0,306701	-0,339911
12,350000	0,327733	-0,355686
12,360000	0,343508	-0,371462
12,370000	0,359282	-0,387238
12,380000	0,375057	-0,403013
12,390000	0,390831	-0,418789
12,400000	0,406606	-0,434565
12,410000	0,422380	-0,445082
12,420000	0,438155	-0,460858
12,430000	0,453929	-0,471375
12,440000	0,469704	-0,487150
12,450000	0,485478	-0,492409
12,460000	0,495994	-0,508185
12,470000	0,506511	-0,518702
12,480000	0,527543	-0,529219
12,490000	0,538060	-0,539736
12,500000	0,548576	-0,555512
12,510000	0,559092	-0,566029
12,520000	0,574867	-0,576546
12,530000	0,580125	-0,587063
12,540000	0,590641	-0,597580
12,550000	0,601158	-0,608097
12,560000	0,606416	-0,618614
12,570000	0,616932	-0,623873
12,580000	0,622190	-0,634390
12,590000	0,627448	-0,639649
12,600000	0,632707	-0,644907
12,610000	0,637965	-0,650166
12,620000	0,643223	-0,655424
12,630000	0,648481	-0,660683
12,640000	0,653739	-0,665942
12,650000	0,653739	-0,665942
12,660000	0,658997	-0,671200
12,670000	0,664256	-0,671200
12,680000	0,658997	-0,671200
12,690000	0,664256	-0,671200
12,700000	0,664256	-0,676459
12,710000	0,658997	-0,676459
12,720000	0,658997	-0,671200
12,730000	0,658997	-0,671200
12,740000	0,653739	-0,671200
12,750000	0,653739	-0,671200
12,760000	0,648481	-0,671200
12,770000	0,643223	-0,665942
12,780000	0,637965	-0,665942
12,790000	0,632707	-0,660683
12,800000	0,627448	-0,655424
12,810000	0,622190	-0,650166
12,820000	0,611674	-0,644907
12,830000	0,601158	-0,634390
12,840000	0,595900	-0,629132
12,850000	0,585383	-0,613356
12,860000	0,574867	-0,602839
12,870000	0,569609	-0,592322
12,880000	0,559092	-0,581805
12,890000	0,548576	-0,571287
12,900000	0,538060	-0,560770
12,910000	0,522285	-0,550253
12,920000	0,511769	-0,539736
12,930000	0,501253	-0,523960
12,940000	0,480220	-0,513443
12,950000	0,469704	-0,497668
12,960000	0,453929	-0,481892
12,970000	0,443413	-0,471375
12,980000	0,427638	-0,455599
12,990000	0,411864	-0,445082
13,000000	0,390831	-0,429306
13,010000	0,380315	-0,413531
13,020000	0,359282	-0,397755
13,030000	0,343508	-0,387238
13,040000	0,327733	-0,371462
13,050000	0,306701	-0,355686
13,060000	0,290926	-0,339911
13,070000	0,275152	-0,318876
13,080000	0,259377	-0,303101
13,090000	0,238345	-0,287325
13,100000	0,222570	-0,266291
13,110000	0,206796	-0,245257
13,120000	0,191021	-0,234739
13,130000	0,169988	-0,213705
13,140000	0,148956	-0,197929
13,150000	0,133181	-0,182154
13,160000	0,117407	-0,166378
13,170000	0,101632	-0,145344
13,180000	0,085858	-0,134827
13,190000	0,064825	-0,113792
13,200000	0,049051	-0,103275
13,210000	0,033276	-0,082241
13,220000	0,012244	-0,061207
13,230000	-0,008789	-0,050690
13,240000	-0,019305	-0,034914
13,250000	-0,040338	-0,019138
13,260000	-0,056113	-0,008621
13,270000	-0,066629	0,012413
13,280000	-0,087661	0,028189
13,290000	-0,103436	0,038706
13,300000	-0,119210	0,054482
13,310000	-0,134985	0,059740
13,320000	-0,145501	0,075516
13,330000	-0,161276	0,086033
13,340000	-0,177050	0,096550
13,350000	-0,187567	0,107067
13,360000	-0,203341	0,122843
13,370000	-0,219116	0,133360
13,380000	-0,229632	0,138619
13,390000	-0,240148	0,149136
13,400000	-0,250664	0,154394
13,410000	-0,261181	0,170170
13,420000	-0,271697	0,180687
13,430000	-0,276955	0,185946
13,440000	-0,287472	0,191204
13,450000	-0,292730	0,201721
13,460000	-0,303246	0,206980
13,470000	-0,308504	0,217497
13,480000	-0,319021	0,217497
13,490000	-0,319021	0,222756
13,500000	-0,324279	0,228014
13,510000	-0,329537	0,233273
13,520000	-0,329537	0,233273
13,530000	-0,334795	0,238531
13,540000	-0,340053	0,243790
13,550000	-0,340053	0,238531
13,560000	-0,340053	0,238531
13,570000	-0,345311	0,238531
13,580000	-0,340053	0,238531
13,590000	-0,340053	0,243790
13,600000	-0,340053	0,243790
13,610000	-0,334795	0,238531
13,620000	-0,334795	0,238531
13,630000	-0,329537	0,233273
13,640000	-0,329537	0,228014
13,650000	-0,324279	0,228014
13,660000	-0,313762	0,222756
13,670000	-0,313762	0,217497
13,680000	-0,308504	0,212238
13,690000	-0,297988	0,206980
13,700000	-0,292730	0,201721
13,710000	-0,287472	0,191204
13,720000	-0,276955	0,180687
13,730000	-0,271697	0,175428
13,740000	-0,261181	0,164911
13,750000	-0,250664	0,154394
13,760000	-0,234890	0,143877
13,770000	-0,224374	0,133360
13,780000	-0,213857	0,122843
13,790000	-0,203341	0,107067
13,800000	-0,187567	0,101809
13,810000	-0,177050	0,091291
13,820000	-0,166534	0,080774
13,830000	-0,150759	0,070257
13,840000	-0,134985	0,059740
13,850000	-0,124469	0,043964
13,860000	-0,103436	0,028189
13,870000	-0,087661	0,017672
13,880000	-0,077145	0,001896
13,890000	-0,061371	-0,013880
13,900000	-0,045596	-0,029655
13,910000	-0,024564	-0,040173
13,920000	-0,008789	-0,055948
13,930000	0,006985	-0,076983
13,940000	0,022760	-0,087500
13,950000	0,038534	-0,103275
13,960000	0,059567	-0,119051
13,970000	0,075342	-0,140085
13,980000	0,091116	-0,150602
13,990000	0,112149	-0,171637
14,000000	0,133181	-0,187412
14,010000	0,148956	-0,203188
14,020000	0,169988	-0,218964
14,030000	0,185763	-0,229481
14,040000	0,201537	-0,250515
14,050000	0,222570	-0,261032
14,060000	0,238345	-0,276808
14,070000	0,259377	-0,292584
14,080000	0,275152	-0,308359
14,090000	0,296184	-0,324135
14,100000	0,311959	-0,339911
14,110000	0,327733	-0,355686
14,120000	0,343508	-0,371462
14,130000	0,359282	-0,387238
14,140000	0,380315	-0,397755
14,150000	0,396089	-0,413531
14,160000	0,406606	-0,424048
14,170000	0,422380	-0,434565
14,180000	0,443413	-0,460858
14,190000	0,453929	-0,471375
14,200000	0,469704	-0,487150
14,210000	0,485478	-0,497668
14,220000	0,501253	-0,513443
14,230000	0,511769	-0,523960
14,240000	0,522285	-0,539736
14,250000	0,538060	-0,550253
14,260000	0,543318	-0,560770
14,270000	0,559092	-0,571287
14,280000	0,569609	-0,576546
14,290000	0,580125	-0,587063
14,300000	0,590641	-0,597580
14,310000	0,601158	-0,602839
14,320000	0,606416	-0,613356
14,330000	0,611674	-0,618614
14,340000	0,622190	-0,623873
14,350000	0,632707	-0,629132
14,360000	0,637965	-0,634390
14,370000	0,643223	-0,639649
14,380000	0,648481	-0,639649
14,390000	0,653739	-0,644907
14,400000	0,653739	-0,655424
14,410000	0,658997	-0,655424
14,420000	0,664256	-0,655424
14,430000	0,664256	-0,655424
14,440000	0,664256	-0,660683
14,450000	0,664256	-0,655424
14,460000	0,664256	-0,660683
14,470000	0,664256	-0,655424
14,480000	0,658997	-0,655424
14,490000	0,658997	-0,655424
14,500000	0,653739	-0,655424
14,510000	0,648481	-0,650166
14,520000	0,648481	-0,650166
14,530000	0,643223	-0,644907
14,540000	0,637965	-0,639649
14,550000	0,632707	-0,634390
14,560000	0,627448	-0,629132
14,570000	0,616932	-0,623873
14,580000	0,611674	-0,618614
14,590000	0,606416	-0,608097
14,600000	0,595900	-0,602839
14,610000	0,585383	-0,597580
14,620000	0,574867	-0,587063
14,630000	0,564351	-0,581805
14,640000	0,553834	-0,571287
14,650000	0,543318	-0,555512
14,660000	0,527543	-0,550253
14,670000	0,517027	-0,534477
14,680000	0,506511	-0,523960
14,690000	0,490736	-0,508185
14,700000	0,480220	-0,497668
14,710000	0,464445	-0,487150
14,720000	0,448671	-0,471375
14,730000	0,432897	-0,455599
14,740000	0,417122	-0,439823
14,750000	0,401348	-0,429306
14,760000	0,385573	-0,413531
14,770000	0,364540	-0,397755
14,780000	0,348766	-0,387238
14,790000	0,332991	-0,371462
14,800000	0,317217	-0,355686
14,810000	0,301442	-0,339911
14,820000	0,285668	-0,329394
14,830000	0,264635	-0,313618
14,840000	0,248861	-0,297842
14,850000	0,227828	-0,287325
14,860000	0,212054	-0,266291
14,870000	0,196279	-0,255774
14,880000	0,180505	-0,239998
14,890000	0,159472	-0,224222
14,900000	0,138439	-0,208447
14,910000	0,122665	-0,192671
14,920000	0,106890	-0,171637
14,930000	0,085858	-0,161120
14,940000	0,070083	-0,145344
14,950000	0,054309	-0,129568
14,960000	0,038534	-0,113792
14,970000	0,017502	-0,098017
14,980000	0,001727	-0,082241
14,990000	-0,019305	-0,066465
15,000000	-0,035080	-0,045431
15,010000	-0,050854	-0,029655
15,020000	-0,066629	-0,019138
15,030000	-0,082403	0,001896
15,040000	-0,098178	0,017672
15,050000	-0,113952	0,033447
15,060000	-0,129727	0,043964
15,070000	-0,145501	0,059740
15,080000	-0,161276	0,070257
15,090000	-0,171792	0,080774
15,100000	-0,182308	0,096550
15,110000	-0,198083	0,107067
15,120000	-0,208599	0,122843
15,130000	-0,219116	0,133360
15,140000	-0,234890	0,143877
15,150000	-0,245406	0,154394
15,160000	-0,255923	0,164911
15,170000	-0,266439	0,175428
15,180000	-0,276955	0,180687
15,190000	-0,282213	0,185946
15,200000	-0,287472	0,196463
15,210000	-0,297988	0,206980
15,220000	-0,303246	0,212238
15,230000	-0,313762	0,217497
15,240000	-0,319021	0,222756
15,250000	-0,324279	0,222756
15,260000	-0,324279	0,228014
15,270000	-0,329537	0,233273
15,280000	-0,334795	0,233273
15,290000	-0,340053	0,238531
15,300000	-0,345311	0,238531
15,310000	-0,340053	0,243790
15,320000	-0,345311	0,243790
15,330000	-0,345311	0,238531
15,340000	-0,345311	0,243790
15,350000	-0,345311	0,243790
15,360000	-0,340053	0,243790
15,370000	-0,340053	0,243790
15,380000	-0,334795	0,243790
15,390000	-0,329537	0,238531
15,400000	-0,329537	0,233273
15,410000	-0,319021	0,228014
15,420000	-0,319021	0,222756
15,430000	-0,313762	0,217497
15,440000	-0,303246	0,212238
15,450000	-0,297988	0,201721
15,460000	-0,287472	0,196463
15,470000	-0,282213	0,191204
15,480000	-0,271697	0,180687
15,490000	-0,261181	0,170170
15,500000	-0,250664	0,159653
15,510000	-0,245406	0,143877
15,520000	-0,234890	0,133360
15,530000	-0,224374	0,117584
15,540000	-0,208599	0,112326
15,550000	-0,192825	0,101809
15,560000	-0,182308	0,086033
15,570000	-0,171792	0,080774
15,580000	-0,156018	0,064999
15,590000	-0,140243	0,054482
15,600000	-0,129727	0,038706
15,610000	-0,113952	0,028189
15,620000	-0,092920	0,012413
15,630000	-0,082403	0,001896
15,640000	-0,066629	-0,019138
15,650000	-0,045596	-0,034914
15,660000	-0,029822	-0,050690
15,670000	-0,014047	-0,066465
15,680000	0,006985	-0,076983
15,690000	0,022760	-0,092758
15,700000	0,038534	-0,108534
15,710000	0,054309	-0,119051
15,720000	0,075342	-0,140085
15,730000	0,091116	-0,155861
15,740000	0,112149	-0,171637
15,750000	0,127923	-0,192671
15,760000	0,148956	-0,203188
15,770000	0,164730	-0,218964
15,780000	0,180505	-0,234739
15,790000	0,196279	-0,250515
15,800000	0,217312	-0,271549
15,810000	0,233086	-0,282066
15,820000	0,254119	-0,292584
15,830000	0,269894	-0,313618
15,840000	0,290926	-0,324135
15,850000	0,306701	-0,345169
15,860000	0,322475	-0,355686
15,870000	0,343508	-0,376721
15,880000	0,359282	-0,392496
15,890000	0,375057	-0,403013
15,900000	0,390831	-0,424048
15,910000	0,401348	-0,439823
15,920000	0,422380	-0,450340
15,930000	0,438155	-0,471375
15,940000	0,453929	-0,481892
15,950000	0,464445	-0,492409
15,960000	0,480220	-0,508185
15,970000	0,490736	-0,518702
15,980000	0,506511	-0,534477
15,990000	0,517027	-0,544995
16,000000	0,527543	-0,555512
16,010000	0,543318	-0,566029
16,020000	0,553834	-0,571287
16,030000	0,564351	-0,587063
16,040000	0,574867	-0,592322
16,050000	0,585383	-0,602839
16,060000	0,595900	-0,613356
16,070000	0,606416	-0,623873
16,080000	0,611674	-0,629132
16,090000	0,622190	-0,639649
16,100000	0,627448	-0,644907
16,110000	0,632707	-0,650166
16,120000	0,643223	-0,655424
16,130000	0,648481	-0,655424
16,140000	0,653739	-0,660683
16,150000	0,658997	-0,665942
16,160000	0,664256	-0,665942
16,170000	0,664256	-0,671200
16,180000	0,664256	-0,671200
16,190000	0,669514	-0,671200
16,200000	0,669514	-0,671200
16,210000	0,664256	-0,671200
16,220000	0,669514	-0,671200
16,230000	0,664256	-0,671200
16,240000	0,664256	-0,665942
16,250000	0,658997	-0,665942
16,260000	0,658997	-0,660683
16,270000	0,653739	-0,655424
16,280000	0,648481	-0,655424
16,290000	0,643223	-0,650166
16,300000	0,637965	-0,644907
16,310000	0,632707	-0,639649
16,320000	0,622190	-0,634390
16,330000	0,622190	-0,623873
16,340000	0,611674	-0,618614
16,350000	0,601158	-0,613356
16,360000	0,590641	-0,602839
16,370000	0,585383	-0,597580
16,380000	0,574867	-0,587063
16,390000	0,564351	-0,576546
16,400000	0,548576	-0,566029
16,410000	0,538060	-0,555512
16,420000	0,527543	-0,544995
16,430000	0,511769	-0,539736
16,440000	0,501253	-0,523960
16,450000	0,485478	-0,513443
16,460000	0,469704	-0,502926
16,470000	0,459187	-0,492409
16,480000	0,443413	-0,476633
16,490000	0,427638	-0,460858
16,500000	0,411864	-0,450340
16,510000	0,401348	-0,434565
16,520000	0,385573	-0,424048
16,530000	0,369799	-0,408272
16,540000	0,348766	-0,392496
16,550000	0,332991	-0,376721
16,560000	0,317217	-0,360945
16,570000	0,296184	-0,345169
16,580000	0,280410	-0,329394
16,590000	0,264635	-0,313618
16,600000	0,243603	-0,297842
16,610000	0,227828	-0,282066
16,620000	0,206796	-0,266291
16,630000	0,191021	-0,245257
16,640000	0,175247	-0,229481
16,650000	0,154214	-0,213705
16,660000	0,138439	-0,192671
16,670000	0,122665	-0,176895
16,680000	0,101632	-0,161120
16,690000	0,080600	-0,145344
16,700000	0,064825	-0,124310
16,710000	0,049051	-0,113792
16,720000	0,033276	-0,098017
16,730000	0,017502	-0,076983
16,740000	-0,003531	-0,061207
16,750000	-0,024564	-0,045431
16,760000	-0,040338	-0,029655
16,770000	-0,056113	-0,013880
16,780000	-0,066629	0,001896
16,790000	-0,087661	0,022930
16,800000	-0,103436	0,033447
16,810000	-0,119210	0,043964
16,820000	-0,134985	0,059740
16,830000	-0,145501	0,070257
16,840000	-0,161276	0,086033
16,850000	-0,177050	0,096550
16,860000	-0,187567	0,107067
16,870000	-0,198083	0,117584
16,880000	-0,208599	0,128101
16,890000	-0,219116	0,138619
16,900000	-0,229632	0,143877
16,910000	-0,245406	0,154394
16,920000	-0,255923	0,159653
16,930000	-0,266439	0,170170
16,940000	-0,271697	0,180687
16,950000	-0,282213	0,185946
16,960000	-0,287472	0,191204
16,970000	-0,297988	0,201721
16,980000	-0,303246	0,206980
16,990000	-0,313762	0,217497
17,000000	-0,319021	0,222756
17,010000	-0,324279	0,233273
17,020000	-0,324279	0,238531
17,030000	-0,334795	0,238531
17,040000	-0,334795	0,243790
17,050000	-0,340053	0,249048
17,060000	-0,340053	0,249048
17,070000	-0,340053	0,249048
17,080000	-0,340053	0,254307
17,090000	-0,340053	0,254307
17,100000	-0,340053	0,254307
17,110000	-0,340053	0,249048
17,120000	-0,340053	0,249048
17,130000	-0,340053	0,243790
17,140000	-0,329537	0,238531
17,150000	-0,329537	0,233273
17,160000	-0,319021	0,228014
17,170000	-0,319021	0,228014
17,180000	-0,313762	0,222756
17,190000	-0,303246	0,212238
17,200000	-0,297988	0,206980
17,210000	-0,292730	0,201721
17,220000	-0,282213	0,196463
17,230000	-0,271697	0,185946
17,240000	-0,266439	0,180687
17,250000	-0,261181	0,170170
17,260000	-0,245406	0,159653
17,270000	-0,234890	0,154394
17,280000	-0,224374	0,143877
17,290000	-0,213857	0,128101
17,300000	-0,203341	0,122843
17,310000	-0,187567	0,107067
17,320000	-0,177050	0,096550
17,330000	-0,161276	0,080774
17,340000	-0,150759	0,064999
17,350000	-0,134985	0,059740
17,360000	-0,124469	0,043964
17,370000	-0,108694	0,033447
17,380000	-0,092920	0,017672
17,390000	-0,077145	0,001896
17,400000	-0,061371	-0,019138
17,410000	-0,045596	-0,029655
17,420000	-0,029822	-0,040173
17,430000	-0,014047	-0,055948
17,440000	0,006985	-0,071724
17,450000	0,022760	-0,092758
17,460000	0,043793	-0,108534
17,470000	0,059567	-0,124310
17,480000	0,080600	-0,140085
17,490000	0,101632	-0,155861
17,500000	0,117407	-0,171637
17,510000	0,138439	-0,192671
17,520000	0,154214	-0,208447
17,530000	0,169988	-0,224222
17,540000	0,191021	-0,239998
17,550000	0,206796	-0,261032
17,560000	0,222570	-0,276808
17,570000	0,243603	-0,297842
17,580000	0,259377	-0,313618
17,590000	0,275152	-0,329394
17,600000	0,296184	-0,350428
17,610000	0,311959	-0,360945
17,620000	0,327733	-0,381979
17,630000	0,343508	-0,397755
17,640000	0,364540	-0,413531
17,650000	0,380315	-0,429306
17,660000	0,396089	-0,439823
17,670000	0,411864	-0,455599
17,680000	0,427638	-0,471375
17,690000	0,438155	-0,481892
17,700000	0,453929	-0,492409
17,710000	0,469704	-0,508185
17,720000	0,485478	-0,518702
17,730000	0,495994	-0,523960
17,740000	0,511769	-0,539736
17,750000	0,522285	-0,544995
17,760000	0,538060	-0,555512
17,770000	0,548576	-0,566029
17,780000	0,559092	-0,571287
17,790000	0,569609	-0,587063
17,800000	0,580125	-0,592322
17,810000	0,590641	-0,597580
17,820000	0,601158	-0,608097
17,830000	0,606416	-0,613356
17,840000	0,616932	-0,618614
17,850000	0,622190	-0,623873
17,860000	0,632707	-0,629132
17,870000	0,637965	-0,634390
17,880000	0,643223	-0,644907
17,890000	0,653739	-0,644907
17,900000	0,653739	-0,650166
17,910000	0,658997	-0,655424
17,920000	0,658997	-0,660683
17,930000	0,658997	-0,660683
17,940000	0,664256	-0,660683
17,950000	0,664256	-0,660683
17,960000	0,658997	-0,660683
17,970000	0,658997	-0,660683
17,980000	0,664256	-0,660683
17,990000	0,658997	-0,660683
18,000000	0,653739	-0,660683
18,010000	0,653739	-0,660683
18,020000	0,648481	-0,655424
18,030000	0,643223	-0,655424
18,040000	0,637965	-0,650166
18,050000	0,632707	-0,644907
18,060000	0,632707	-0,634390
18,070000	0,627448	-0,634390
18,080000	0,616932	-0,623873
18,090000	0,611674	-0,618614
18,100000	0,601158	-0,608097
18,110000	0,595900	-0,597580
18,120000	0,585383	-0,597580
18,130000	0,574867	-0,587063
18,140000	0,564351	-0,576546
18,150000	0,553834	-0,566029
18,160000	0,538060	-0,555512
18,170000	0,527543	-0,544995
18,180000	0,517027	-0,534477
18,190000	0,501253	-0,523960
18,200000	0,485478	-0,508185
18,210000	0,469704	-0,497668
18,220000	0,459187	-0,481892
18,230000	0,443413	-0,466116
18,240000	0,427638	-0,455599
18,250000	0,411864	-0,439823
18,260000	0,396089	-0,424048
18,270000	0,380315	-0,408272
18,280000	0,369799	-0,392496
18,290000	0,348766	-0,381979
18,300000	0,332991	-0,366203
18,310000	0,317217	-0,350428
18,320000	0,301442	-0,334652
18,330000	0,280410	-0,318876
18,340000	0,264635	-0,303101
18,350000	0,248861	-0,287325
18,360000	0,233086	-0,276808
18,370000	0,212054	-0,255774
18,380000	0,191021	-0,239998
18,390000	0,175247	-0,224222
18,400000	0,159472	-0,208447
18,410000	0,138439	-0,192671
18,420000	0,122665	-0,171637
18,430000	0,106890	-0,155861
18,440000	0,085858	-0,145344
18,450000	0,070083	-0,124310
18,460000	0,054309	-0,108534
18,470000	0,038534	-0,092758
18,480000	0,022760	-0,076983
18,490000	0,001727	-0,061207
18,500000	-0,014047	-0,040173
18,510000	-0,029822	-0,024397
18,520000	-0,050854	-0,008621
18,530000	-0,061371	0,007154
18,540000	-0,082403	0,022930
18,550000	-0,092920	0,038706
18,560000	-0,108694	0,054482
18,570000	-0,129727	0,064999
18,580000	-0,140243	0,075516
18,590000	-0,156018	0,091291
18,600000	-0,166534	0,101809
18,610000	-0,182308	0,117584
18,620000	-0,192825	0,128101
18,630000	-0,208599	0,138619
18,640000	-0,219116	0,149136
18,650000	-0,229632	0,159653
18,660000	-0,240148	0,164911
18,670000	-0,250664	0,175428
18,680000	-0,255923	0,180687
18,690000	-0,266439	0,185946
18,700000	-0,276955	0,196463
18,710000	-0,287472	0,206980
18,720000	-0,297988	0,212238
18,730000	-0,303246	0,217497
18,740000	-0,313762	0,222756
18,750000	-0,313762	0,228014
18,760000	-0,324279	0,233273
18,770000	-0,329537	0,238531
18,780000	-0,329537	0,243790
18,790000	-0,334795	0,243790
18,800000	-0,334795	0,249048
18,810000	-0,340053	0,254307
18,820000	-0,345311	0,254307
18,830000	-0,345311	0,254307
18,840000	-0,345311	0,249048
18,850000	-0,345311	0,249048
18,860000	-0,340053	0,254307
18,870000	-0,340053	0,254307
18,880000	-0,334795	0,254307
18,890000	-0,334795	0,254307
18,900000	-0,329537	0,249048
18,910000	-0,329537	0,243790
18,920000	-0,319021	0,238531
18,930000	-0,319021	0,238531
18,940000	-0,308504	0,228014
18,950000	-0,303246	0,228014
18,960000	-0,297988	0,217497
18,970000	-0,287472	0,206980
18,980000	-0,276955	0,201721
18,990000	-0,271697	0,196463
19,000000	-0,261181	0,191204
19,010000	-0,250664	0,180687
19,020000	-0,240148	0,164911
19,030000	-0,229632	0,159653
19,040000	-0,219116	0,149136
19,050000	-0,208599	0,133360
19,060000	-0,198083	0,122843
19,070000	-0,182308	0,112326
19,080000	-0,171792	0,101809
19,090000	-0,156018	0,091291
19,100000	-0,140243	0,075516
19,110000	-0,129727	0,064999
19,120000	-0,113952	0,049223
19,130000	-0,098178	0,038706
19,140000	-0,082403	0,028189
19,150000	-0,071887	0,012413
19,160000	-0,056113	-0,008621
19,170000	-0,040338	-0,019138
19,180000	-0,024564	-0,040173
19,190000	-0,003531	-0,055948
19,200000	0,012244	-0,066465
19,210000	0,028018	-0,082241
19,220000	0,049051	-0,098017
19,230000	0,064825	-0,113792
19,240000	0,085858	-0,134827
19,250000	0,101632	-0,150602
19,260000	0,122665	-0,166378
19,270000	0,138439	-0,182154
19,280000	0,154214	-0,197929
19,290000	0,175247	-0,218964
19,300000	0,191021	-0,234739
19,310000	0,206796	-0,255774
19,320000	0,222570	-0,271549
19,330000	0,243603	-0,287325
19,340000	0,264635	-0,308359
19,350000	0,280410	-0,324135
19,360000	0,296184	-0,345169
19,370000	0,311959	-0,360945
19,380000	0,332991	-0,371462
19,390000	0,354024	-0,387238
19,400000	0,364540	-0,403013
19,410000	0,385573	-0,413531
19,420000	0,401348	-0,429306
19,430000	0,417122	-0,439823
19,440000	0,432897	-0,450340
19,450000	0,448671	-0,466116
19,460000	0,464445	-0,481892
19,470000	0,474962	-0,497668
19,480000	0,490736	-0,508185
19,490000	0,501253	-0,518702
19,500000	0,522285	-0,534477
19,510000	0,532802	-0,544995
19,520000	0,543318	-0,555512
19,530000	0,553834	-0,566029
19,540000	0,564351	-0,576546
19,550000	0,569609	-0,587063
19,560000	0,585383	-0,597580
19,570000	0,590641	-0,602839
19,580000	0,601158	-0,613356
19,590000	0,606416	-0,618614
19,600000	0,616932	-0,629132
19,610000	0,622190	-0,629132
19,620000	0,627448	-0,639649
19,630000	0,632707	-0,644907
19,640000	0,643223	-0,650166
19,650000	0,643223	-0,655424
19,660000	0,648481	-0,655424
19,670000	0,648481	-0,655424
19,680000	0,653739	-0,660683
19,690000	0,658997	-0,660683
19,700000	0,658997	-0,660683
19,710000	0,658997	-0,665942
19,720000	0,658997	-0,671200
19,730000	0,664256	-0,671200
19,740000	0,658997	-0,665942
19,750000	0,658997	-0,665942
19,760000	0,653739	-0,660683
19,770000	0,653739	-0,660683
19,780000	0,648481	-0,660683
19,790000	0,648481	-0,650166
19,800000	0,643223	-0,650166
19,810000	0,632707	-0,644907
19,820000	0,632707	-0,639649
19,830000	0,622190	-0,629132
19,840000	0,616932	-0,623873
19,850000	0,606416	-0,613356
19,860000	0,595900	-0,602839
19,870000	0,590641	-0,592322
19,880000	0,580125	-0,587063
19,890000	0,569609	-0,576546
19,900000	0,559092	-0,566029
19,910000	0,548576	-0,555512
19,920000	0,538060	-0,544995
19,930000	0,522285	-0,534477
19,940000	0,511769	-0,523960
19,950000	0,495994	-0,508185
19,960000	0,485478	-0,497668
19,970000	0,474962	-0,487150
19,980000	0,459187	-0,471375
19,990000	0,443413	-0,460858
