t (s)	U1(V)	U2(V)
0,000000	0,106890	-0,208447
0,010000	0,122665	-0,224222
0,020000	0,143698	-0,245257
0,030000	0,159472	-0,266291
0,040000	0,175247	-0,282066
0,050000	0,191021	-0,297842
0,060000	0,206796	-0,313618
0,070000	0,227828	-0,334652
0,080000	0,243603	-0,350428
0,090000	0,259377	-0,366203
0,100000	0,280410	-0,381979
0,110000	0,296184	-0,397755
0,120000	0,317217	-0,418789
0,130000	0,327733	-0,429306
0,140000	0,343508	-0,450340
0,150000	0,359282	-0,466116
0,160000	0,375057	-0,476633
0,170000	0,396089	-0,492409
0,180000	0,411864	-0,508185
0,190000	0,427638	-0,523960
0,200000	0,443413	-0,539736
0,210000	0,453929	-0,550253
0,220000	0,469704	-0,560770
0,230000	0,485478	-0,576546
0,240000	0,495994	-0,587063
0,250000	0,506511	-0,602839
0,260000	0,522285	-0,613356
0,270000	0,532802	-0,629132
0,280000	0,543318	-0,639649
0,290000	0,553834	-0,650166
0,300000	0,564351	-0,665942
0,310000	0,574867	-0,671200
0,320000	0,585383	-0,681717
0,330000	0,590641	-0,692234
0,340000	0,606416	-0,697493
0,350000	0,611674	-0,708010
0,360000	0,616932	-0,713269
0,370000	0,627448	-0,723786
0,380000	0,632707	-0,729044
0,390000	0,637965	-0,734303
0,400000	0,643223	-0,739561
0,410000	0,648481	-0,744820
0,420000	0,648481	-0,750079
0,430000	0,658997	-0,750079
0,440000	0,653739	-0,750079
0,450000	0,658997	-0,755337
0,460000	0,664256	-0,755337
0,470000	0,664256	-0,755337
0,480000	0,664256	-0,755337
0,490000	0,658997	-0,755337
0,500000	0,658997	-0,755337
0,510000	0,658997	-0,755337
0,520000	0,653739	-0,750079
0,530000	0,648481	-0,750079
0,540000	0,648481	-0,744820
0,550000	0,643223	-0,734303
0,560000	0,637965	-0,734303
0,570000	0,632707	-0,723786
0,580000	0,627448	-0,718527
0,590000	0,616932	-0,713269
0,600000	0,611674	-0,702751
0,610000	0,606416	-0,697493
0,620000	0,595900	-0,686976
0,630000	0,590641	-0,676459
0,640000	0,580125	-0,665942
0,650000	0,569609	-0,655424
0,660000	0,559092	-0,644907
0,670000	0,543318	-0,634390
0,680000	0,532802	-0,618614
0,690000	0,522285	-0,608097
0,700000	0,511769	-0,597580
0,710000	0,495994	-0,581805
0,720000	0,485478	-0,571287
0,730000	0,469704	-0,560770
0,740000	0,453929	-0,544995
0,750000	0,443413	-0,534477
0,760000	0,427638	-0,518702
0,770000	0,411864	-0,502926
0,780000	0,401348	-0,487150
0,790000	0,385573	-0,471375
0,800000	0,369799	-0,455599
0,810000	0,348766	-0,439823
0,820000	0,332991	-0,418789
0,830000	0,317217	-0,403013
0,840000	0,301442	-0,387238
0,850000	0,285668	-0,366203
0,860000	0,269894	-0,350428
0,870000	0,254119	-0,329394
0,880000	0,233086	-0,313618
0,890000	0,217312	-0,292584
0,900000	0,201537	-0,271549
0,910000	0,185763	-0,255774
0,920000	0,164730	-0,239998
0,930000	0,148956	-0,224222
0,940000	0,127923	-0,203188
0,950000	0,112149	-0,187412
0,960000	0,096374	-0,166378
0,970000	0,075342	-0,150602
0,980000	0,059567	-0,134827
0,990000	0,043793	-0,119051
1,000000	0,028018	-0,103275
1,010000	0,012244	-0,087500
1,020000	-0,003531	-0,071724
1,030000	-0,019305	-0,055948
1,040000	-0,035080	-0,040173
1,050000	-0,050854	-0,029655
1,060000	-0,061371	-0,013880
1,070000	-0,077145	0,007154
1,080000	-0,087661	0,022930
1,090000	-0,103436	0,033447
1,100000	-0,119210	0,043964
1,110000	-0,129727	0,059740
1,120000	-0,140243	0,070257
1,130000	-0,150759	0,080774
1,140000	-0,161276	0,091291
1,150000	-0,171792	0,107067
1,160000	-0,187567	0,117584
1,170000	-0,192825	0,128101
1,180000	-0,203341	0,138619
1,190000	-0,208599	0,149136
1,200000	-0,219116	0,154394
1,210000	-0,224374	0,159653
1,220000	-0,234890	0,170170
1,230000	-0,240148	0,170170
1,240000	-0,245406	0,175428
1,250000	-0,255923	0,180687
1,260000	-0,255923	0,185946
1,270000	-0,266439	0,185946
1,280000	-0,266439	0,191204
1,290000	-0,271697	0,196463
1,300000	-0,271697	0,196463
1,310000	-0,276955	0,196463
1,320000	-0,276955	0,201721
1,330000	-0,276955	0,201721
1,340000	-0,276955	0,201721
1,350000	-0,276955	0,201721
1,360000	-0,276955	0,201721
1,370000	-0,271697	0,196463
1,380000	-0,271697	0,196463
1,390000	-0,266439	0,191204
1,400000	-0,266439	0,185946
1,410000	-0,261181	0,180687
1,420000	-0,255923	0,180687
1,430000	-0,250664	0,170170
1,440000	-0,240148	0,164911
1,450000	-0,234890	0,159653
1,460000	-0,229632	0,154394
1,470000	-0,224374	0,149136
1,480000	-0,213857	0,138619
1,490000	-0,203341	0,128101
1,500000	-0,198083	0,117584
1,510000	-0,182308	0,107067
1,520000	-0,177050	0,096550
1,530000	-0,161276	0,086033
1,540000	-0,150759	0,070257
1,550000	-0,140243	0,059740
1,560000	-0,124469	0,043964
1,570000	-0,119210	0,033447
1,580000	-0,103436	0,017672
1,590000	-0,087661	0,007154
1,600000	-0,077145	-0,013880
1,610000	-0,061371	-0,029655
1,620000	-0,045596	-0,045431
1,630000	-0,029822	-0,061207
1,640000	-0,019305	-0,082241
1,650000	0,001727	-0,092758
1,660000	0,017502	-0,113792
1,670000	0,028018	-0,129568
1,680000	0,049051	-0,145344
1,690000	0,064825	-0,161120
1,700000	0,080600	-0,182154
1,710000	0,096374	-0,192671
1,720000	0,117407	-0,213705
1,730000	0,127923	-0,229481
1,740000	0,148956	-0,245257
1,750000	0,164730	-0,261032
1,760000	0,180505	-0,282066
1,770000	0,196279	-0,297842
1,780000	0,217312	-0,313618
1,790000	0,233086	-0,334652
1,800000	0,254119	-0,350428
1,810000	0,264635	-0,371462
1,820000	0,285668	-0,387238
1,830000	0,301442	-0,403013
1,840000	0,317217	-0,424048
1,850000	0,332991	-0,439823
1,860000	0,348766	-0,460858
1,870000	0,369799	-0,471375
1,880000	0,380315	-0,487150
1,890000	0,401348	-0,502926
1,900000	0,411864	-0,518702
1,910000	0,427638	-0,534477
1,920000	0,443413	-0,550253
1,930000	0,459187	-0,566029
1,940000	0,469704	-0,581805
1,950000	0,485478	-0,592322
1,960000	0,501253	-0,602839
1,970000	0,511769	-0,618614
1,980000	0,522285	-0,629132
1,990000	0,538060	-0,639649
2,000000	0,548576	-0,655424
2,010000	0,559092	-0,665942
2,020000	0,569609	-0,671200
2,030000	0,574867	-0,686976
2,040000	0,590641	-0,697493
2,050000	0,601158	-0,708010
2,060000	0,606416	-0,713269
2,070000	0,611674	-0,718527
2,080000	0,616932	-0,729044
2,090000	0,622190	-0,734303
2,100000	0,632707	-0,739561
2,110000	0,637965	-0,744820
2,120000	0,643223	-0,750079
2,130000	0,648481	-0,755337
2,140000	0,648481	-0,760596
2,150000	0,653739	-0,760596
2,160000	0,653739	-0,760596
2,170000	0,653739	-0,760596
2,180000	0,653739	-0,765854
2,190000	0,658997	-0,765854
2,200000	0,658997	-0,765854
2,210000	0,658997	-0,765854
2,220000	0,658997	-0,760596
2,230000	0,658997	-0,760596
2,240000	0,653739	-0,755337
2,250000	0,653739	-0,750079
2,260000	0,648481	-0,750079
2,270000	0,637965	-0,744820
2,280000	0,637965	-0,739561
2,290000	0,632707	-0,734303
2,300000	0,622190	-0,729044
2,310000	0,616932	-0,718527
2,320000	0,611674	-0,713269
2,330000	0,601158	-0,702751
2,340000	0,595900	-0,692234
2,350000	0,585383	-0,686976
2,360000	0,574867	-0,671200
2,370000	0,564351	-0,665942
2,380000	0,553834	-0,650166
2,390000	0,543318	-0,639649
2,400000	0,527543	-0,629132
2,410000	0,517027	-0,618614
2,420000	0,506511	-0,602839
2,430000	0,490736	-0,587063
2,440000	0,480220	-0,576546
2,450000	0,464445	-0,566029
2,460000	0,448671	-0,550253
2,470000	0,432897	-0,534477
2,480000	0,422380	-0,523960
2,490000	0,401348	-0,502926
2,500000	0,385573	-0,492409
2,510000	0,369799	-0,476633
2,520000	0,359282	-0,460858
2,530000	0,343508	-0,445082
2,540000	0,327733	-0,424048
2,550000	0,311959	-0,413531
2,560000	0,296184	-0,397755
2,570000	0,280410	-0,381979
2,580000	0,264635	-0,360945
2,590000	0,243603	-0,345169
2,600000	0,227828	-0,329394
2,610000	0,212054	-0,313618
2,620000	0,196279	-0,297842
2,630000	0,180505	-0,276808
2,640000	0,159472	-0,261032
2,650000	0,143698	-0,245257
2,660000	0,127923	-0,224222
2,670000	0,112149	-0,208447
2,680000	0,096374	-0,192671
2,690000	0,080600	-0,176895
2,700000	0,064825	-0,155861
2,710000	0,049051	-0,145344
2,720000	0,028018	-0,124310
2,730000	0,012244	-0,108534
2,740000	-0,003531	-0,087500
2,750000	-0,019305	-0,071724
2,760000	-0,035080	-0,055948
2,770000	-0,050854	-0,040173
2,780000	-0,066629	-0,029655
2,790000	-0,082403	-0,013880
2,800000	-0,092920	0,007154
2,810000	-0,103436	0,022930
2,820000	-0,119210	0,033447
2,830000	-0,129727	0,049223
2,840000	-0,145501	0,064999
2,850000	-0,156018	0,070257
2,860000	-0,166534	0,086033
2,870000	-0,177050	0,096550
2,880000	-0,187567	0,107067
2,890000	-0,198083	0,117584
2,900000	-0,208599	0,128101
2,910000	-0,213857	0,138619
2,920000	-0,224374	0,143877
2,930000	-0,234890	0,154394
2,940000	-0,240148	0,159653
2,950000	-0,245406	0,170170
2,960000	-0,250664	0,175428
2,970000	-0,255923	0,180687
2,980000	-0,261181	0,185946
2,990000	-0,266439	0,191204
3,000000	-0,266439	0,196463
3,010000	-0,276955	0,201721
3,020000	-0,276955	0,201721
3,030000	-0,276955	0,206980
3,040000	-0,282213	0,206980
3,050000	-0,276955	0,201721
3,060000	-0,276955	0,201721
3,070000	-0,276955	0,201721
3,080000	-0,276955	0,196463
3,090000	-0,271697	0,196463
3,100000	-0,271697	0,191204
3,110000	-0,266439	0,191204
3,120000	-0,261181	0,185946
3,130000	-0,255923	0,180687
3,140000	-0,250664	0,175428
3,150000	-0,245406	0,170170
3,160000	-0,240148	0,164911
3,170000	-0,229632	0,154394
3,180000	-0,224374	0,149136
3,190000	-0,219116	0,138619
3,200000	-0,208599	0,133360
3,210000	-0,198083	0,128101
3,220000	-0,187567	0,117584
3,230000	-0,177050	0,107067
3,240000	-0,166534	0,091291
3,250000	-0,156018	0,080774
3,260000	-0,145501	0,070257
3,270000	-0,134985	0,059740
3,280000	-0,119210	0,043964
3,290000	-0,108694	0,033447
3,300000	-0,098178	0,017672
3,310000	-0,077145	0,001896
3,320000	-0,066629	-0,008621
3,330000	-0,056113	-0,024397
3,340000	-0,035080	-0,040173
3,350000	-0,024564	-0,055948
3,360000	-0,008789	-0,071724
3,370000	0,012244	-0,087500
3,380000	0,022760	-0,098017
3,390000	0,038534	-0,113792
3,400000	0,059567	-0,129568
3,410000	0,070083	-0,145344
3,420000	0,091116	-0,161120
3,430000	0,106890	-0,176895
3,440000	0,122665	-0,192671
3,450000	0,138439	-0,208447
3,460000	0,154214	-0,229481
3,470000	0,169988	-0,245257
3,480000	0,191021	-0,261032
3,490000	0,206796	-0,271549
3,500000	0,222570	-0,292584
3,510000	0,243603	-0,308359
3,520000	0,259377	-0,324135
3,530000	0,275152	-0,345169
3,540000	0,290926	-0,366203
3,550000	0,306701	-0,381979
3,560000	0,327733	-0,403013
3,570000	0,343508	-0,418789
3,580000	0,359282	-0,434565
3,590000	0,369799	-0,455599
3,600000	0,390831	-0,466116
3,610000	0,406606	-0,487150
3,620000	0,422380	-0,497668
3,630000	0,438155	-0,513443
3,640000	0,453929	-0,529219
3,650000	0,464445	-0,544995
3,660000	0,474962	-0,555512
3,670000	0,490736	-0,571287
3,680000	0,506511	-0,581805
3,690000	0,517027	-0,592322
3,700000	0,527543	-0,608097
3,710000	0,538060	-0,618614
3,720000	0,553834	-0,629132
3,730000	0,564351	-0,639649
3,740000	0,569609	-0,650166
3,750000	0,585383	-0,655424
3,760000	0,595900	-0,671200
3,770000	0,601158	-0,681717
3,780000	0,611674	-0,692234
3,790000	0,616932	-0,697493
3,800000	0,622190	-0,702751
3,810000	0,632707	-0,708010
3,820000	0,637965	-0,718527
3,830000	0,643223	-0,723786
3,840000	0,648481	-0,729044
3,850000	0,653739	-0,729044
3,860000	0,658997	-0,734303
3,870000	0,658997	-0,734303
3,880000	0,664256	-0,734303
3,890000	0,658997	-0,739561
3,900000	0,664256	-0,739561
3,910000	0,664256	-0,744820
3,920000	0,664256	-0,744820
3,930000	0,658997	-0,744820
3,940000	0,658997	-0,739561
3,950000	0,658997	-0,739561
3,960000	0,653739	-0,739561
3,970000	0,648481	-0,734303
3,980000	0,648481	-0,734303
3,990000	0,643223	-0,729044
4,000000	0,637965	-0,718527
4,010000	0,627448	-0,718527
4,020000	0,622190	-0,708010
4,030000	0,616932	-0,702751
4,040000	0,606416	-0,697493
4,050000	0,601158	-0,686976
4,060000	0,590641	-0,681717
4,070000	0,580125	-0,671200
4,080000	0,569609	-0,660683
4,090000	0,559092	-0,655424
4,100000	0,548576	-0,644907
4,110000	0,538060	-0,634390
4,120000	0,527543	-0,618614
4,130000	0,511769	-0,608097
4,140000	0,506511	-0,597580
4,150000	0,490736	-0,587063
4,160000	0,474962	-0,576546
4,170000	0,464445	-0,560770
4,180000	0,443413	-0,550253
4,190000	0,432897	-0,534477
4,200000	0,417122	-0,518702
4,210000	0,401348	-0,508185
4,220000	0,385573	-0,487150
4,230000	0,375057	-0,471375
4,240000	0,354024	-0,455599
4,250000	0,338250	-0,439823
4,260000	0,317217	-0,418789
4,270000	0,306701	-0,403013
4,280000	0,290926	-0,387238
4,290000	0,269894	-0,371462
4,300000	0,254119	-0,355686
4,310000	0,238345	-0,339911
4,320000	0,222570	-0,318876
4,330000	0,201537	-0,303101
4,340000	0,191021	-0,282066
4,350000	0,169988	-0,266291
4,360000	0,154214	-0,250515
4,370000	0,138439	-0,229481
4,380000	0,117407	-0,213705
4,390000	0,101632	-0,197929
4,400000	0,085858	-0,182154
4,410000	0,070083	-0,166378
4,420000	0,049051	-0,150602
4,430000	0,033276	-0,129568
4,440000	0,017502	-0,113792
4,450000	0,006985	-0,098017
4,460000	-0,014047	-0,082241
4,470000	-0,035080	-0,066465
4,480000	-0,045596	-0,050690
4,490000	-0,061371	-0,040173
4,500000	-0,077145	-0,024397
4,510000	-0,087661	-0,013880
4,520000	-0,103436	0,007154
4,530000	-0,113952	0,022930
4,540000	-0,124469	0,028189
4,550000	-0,134985	0,043964
4,560000	-0,150759	0,059740
4,570000	-0,161276	0,070257
4,580000	-0,171792	0,080774
4,590000	-0,182308	0,086033
4,600000	-0,198083	0,101809
4,610000	-0,203341	0,112326
4,620000	-0,213857	0,122843
4,630000	-0,219116	0,133360
4,640000	-0,229632	0,143877
4,650000	-0,234890	0,149136
4,660000	-0,240148	0,159653
4,670000	-0,250664	0,170170
4,680000	-0,255923	0,175428
4,690000	-0,261181	0,185946
4,700000	-0,266439	0,185946
4,710000	-0,266439	0,191204
4,720000	-0,271697	0,196463
4,730000	-0,271697	0,201721
4,740000	-0,276955	0,201721
4,750000	-0,276955	0,206980
4,760000	-0,276955	0,206980
4,770000	-0,276955	0,206980
4,780000	-0,276955	0,206980
4,790000	-0,271697	0,201721
4,800000	-0,271697	0,201721
4,810000	-0,266439	0,196463
4,820000	-0,266439	0,196463
4,830000	-0,261181	0,191204
4,840000	-0,261181	0,191204
4,850000	-0,250664	0,180687
4,860000	-0,250664	0,175428
4,870000	-0,245406	0,170170
4,880000	-0,234890	0,164911
4,890000	-0,229632	0,159653
4,900000	-0,219116	0,149136
4,910000	-0,208599	0,143877
4,920000	-0,203341	0,138619
4,930000	-0,192825	0,128101
4,940000	-0,187567	0,112326
4,950000	-0,177050	0,101809
4,960000	-0,166534	0,091291
4,970000	-0,150759	0,080774
4,980000	-0,140243	0,064999
4,990000	-0,129727	0,054482
5,000000	-0,113952	0,043964
5,010000	-0,103436	0,028189
5,020000	-0,087661	0,017672
5,030000	-0,077145	0,001896
5,040000	-0,061371	-0,013880
5,050000	-0,045596	-0,034914
5,060000	-0,035080	-0,050690
5,070000	-0,019305	-0,066465
5,080000	0,001727	-0,082241
5,090000	0,017502	-0,098017
5,100000	0,033276	-0,113792
5,110000	0,049051	-0,124310
5,120000	0,064825	-0,140085
5,130000	0,080600	-0,155861
5,140000	0,101632	-0,171637
5,150000	0,117407	-0,187412
5,160000	0,127923	-0,203188
5,170000	0,148956	-0,213705
5,180000	0,169988	-0,234739
5,190000	0,185763	-0,250515
5,200000	0,201537	-0,266291
5,210000	0,217312	-0,282066
5,220000	0,238345	-0,303101
5,230000	0,254119	-0,313618
5,240000	0,269894	-0,334652
5,250000	0,290926	-0,350428
5,260000	0,301442	-0,371462
5,270000	0,322475	-0,387238
5,280000	0,338250	-0,408272
5,290000	0,359282	-0,429306
5,300000	0,369799	-0,439823
5,310000	0,385573	-0,455599
5,320000	0,401348	-0,471375
5,330000	0,417122	-0,487150
5,340000	0,427638	-0,502926
5,350000	0,443413	-0,513443
5,360000	0,464445	-0,529219
5,370000	0,474962	-0,539736
5,380000	0,490736	-0,555512
5,390000	0,506511	-0,571287
5,400000	0,517027	-0,587063
5,410000	0,527543	-0,597580
5,420000	0,538060	-0,613356
5,430000	0,548576	-0,623873
5,440000	0,559092	-0,634390
5,450000	0,569609	-0,650166
5,460000	0,580125	-0,660683
5,470000	0,585383	-0,671200
5,480000	0,595900	-0,681717
5,490000	0,601158	-0,692234
5,500000	0,611674	-0,697493
5,510000	0,616932	-0,708010
5,520000	0,627448	-0,713269
5,530000	0,632707	-0,723786
5,540000	0,637965	-0,723786
5,550000	0,643223	-0,729044
5,560000	0,648481	-0,734303
5,570000	0,653739	-0,739561
5,580000	0,653739	-0,739561
5,590000	0,658997	-0,744820
5,600000	0,658997	-0,744820
5,610000	0,658997	-0,750079
5,620000	0,664256	-0,750079
5,630000	0,658997	-0,750079
5,640000	0,658997	-0,755337
5,650000	0,658997	-0,755337
5,660000	0,658997	-0,750079
5,670000	0,653739	-0,750079
5,680000	0,653739	-0,750079
5,690000	0,648481	-0,750079
5,700000	0,643223	-0,744820
5,710000	0,637965	-0,739561
5,720000	0,637965	-0,734303
5,730000	0,627448	-0,734303
5,740000	0,622190	-0,729044
5,750000	0,611674	-0,718527
5,760000	0,601158	-0,708010
5,770000	0,595900	-0,702751
5,780000	0,590641	-0,692234
5,790000	0,574867	-0,681717
5,800000	0,569609	-0,676459
5,810000	0,559092	-0,671200
5,820000	0,543318	-0,655424
5,830000	0,532802	-0,650166
5,840000	0,522285	-0,634390
5,850000	0,511769	-0,623873
5,860000	0,495994	-0,613356
5,870000	0,485478	-0,597580
5,880000	0,469704	-0,587063
5,890000	0,459187	-0,571287
5,900000	0,443413	-0,560770
5,910000	0,427638	-0,539736
5,920000	0,411864	-0,523960
5,930000	0,396089	-0,508185
5,940000	0,380315	-0,497668
5,950000	0,364540	-0,481892
5,960000	0,343508	-0,466116
5,970000	0,327733	-0,445082
5,980000	0,311959	-0,434565
5,990000	0,296184	-0,408272
6,000000	0,285668	-0,397755
6,010000	0,264635	-0,376721
6,020000	0,248861	-0,360945
6,030000	0,227828	-0,339911
6,040000	0,212054	-0,318876
6,050000	0,196279	-0,303101
6,060000	0,180505	-0,287325
6,070000	0,164730	-0,276808
6,080000	0,143698	-0,255774
6,090000	0,127923	-0,234739
6,100000	0,106890	-0,218964
6,110000	0,091116	-0,203188
6,120000	0,075342	-0,187412
6,130000	0,054309	-0,171637
6,140000	0,038534	-0,150602
6,150000	0,022760	-0,134827
6,160000	0,012244	-0,124310
6,170000	-0,014047	-0,103275
6,180000	-0,029822	-0,087500
6,190000	-0,040338	-0,076983
6,200000	-0,056113	-0,055948
6,210000	-0,066629	-0,040173
6,220000	-0,082403	-0,029655
6,230000	-0,098178	-0,013880
6,240000	-0,108694	0,007154
6,250000	-0,124469	0,012413
6,260000	-0,140243	0,028189
6,270000	-0,150759	0,043964
6,280000	-0,161276	0,059740
6,290000	-0,171792	0,070257
6,300000	-0,182308	0,080774
6,310000	-0,192825	0,091291
6,320000	-0,203341	0,107067
6,330000	-0,208599	0,112326
6,340000	-0,219116	0,122843
6,350000	-0,229632	0,133360
6,360000	-0,234890	0,143877
6,370000	-0,240148	0,154394
6,380000	-0,245406	0,154394
6,390000	-0,250664	0,159653
6,400000	-0,255923	0,170170
6,410000	-0,261181	0,175428
6,420000	-0,266439	0,180687
6,430000	-0,266439	0,185946
6,440000	-0,271697	0,185946
6,450000	-0,271697	0,185946
6,460000	-0,276955	0,191204
6,470000	-0,276955	0,191204
6,480000	-0,282213	0,196463
6,490000	-0,276955	0,196463
6,500000	-0,276955	0,196463
6,510000	-0,276955	0,191204
6,520000	-0,276955	0,196463
6,530000	-0,271697	0,191204
6,540000	-0,271697	0,191204
6,550000	-0,261181	0,191204
6,560000	-0,261181	0,191204
6,570000	-0,255923	0,180687
6,580000	-0,250664	0,175428
6,590000	-0,245406	0,170170
6,600000	-0,240148	0,170170
6,610000	-0,234890	0,159653
6,620000	-0,224374	0,149136
6,630000	-0,219116	0,143877
6,640000	-0,208599	0,133360
6,650000	-0,203341	0,122843
6,660000	-0,192825	0,112326
6,670000	-0,182308	0,101809
6,680000	-0,171792	0,086033
6,690000	-0,156018	0,075516
6,700000	-0,145501	0,059740
6,710000	-0,134985	0,043964
6,720000	-0,119210	0,033447
6,730000	-0,108694	0,017672
6,740000	-0,092920	0,007154
6,750000	-0,077145	-0,008621
6,760000	-0,066629	-0,019138
6,770000	-0,050854	-0,034914
6,780000	-0,035080	-0,050690
6,790000	-0,019305	-0,066465
6,800000	0,001727	-0,082241
6,810000	0,017502	-0,098017
6,820000	0,033276	-0,113792
6,830000	0,043793	-0,129568
6,840000	0,064825	-0,150602
6,850000	0,080600	-0,166378
6,860000	0,096374	-0,182154
6,870000	0,112149	-0,197929
6,880000	0,133181	-0,213705
6,890000	0,148956	-0,234739
6,900000	0,169988	-0,250515
6,910000	0,185763	-0,261032
6,920000	0,201537	-0,276808
6,930000	0,222570	-0,297842
6,940000	0,238345	-0,313618
6,950000	0,259377	-0,329394
6,960000	0,275152	-0,345169
6,970000	0,290926	-0,366203
6,980000	0,306701	-0,381979
6,990000	0,322475	-0,397755
7,000000	0,338250	-0,418789
7,010000	0,354024	-0,429306
7,020000	0,369799	-0,450340
7,030000	0,385573	-0,466116
7,040000	0,401348	-0,476633
7,050000	0,417122	-0,487150
7,060000	0,432897	-0,502926
7,070000	0,443413	-0,518702
7,080000	0,459187	-0,534477
7,090000	0,474962	-0,544995
7,100000	0,485478	-0,560770
7,110000	0,501253	-0,576546
7,120000	0,517027	-0,592322
7,130000	0,527543	-0,602839
7,140000	0,538060	-0,613356
7,150000	0,548576	-0,629132
7,160000	0,559092	-0,634390
7,170000	0,569609	-0,644907
7,180000	0,580125	-0,660683
7,190000	0,590641	-0,665942
7,200000	0,601158	-0,676459
7,210000	0,606416	-0,681717
7,220000	0,616932	-0,692234
7,230000	0,622190	-0,697493
7,240000	0,632707	-0,702751
7,250000	0,637965	-0,713269
7,260000	0,648481	-0,723786
7,270000	0,648481	-0,723786
7,280000	0,653739	-0,729044
7,290000	0,658997	-0,734303
7,300000	0,658997	-0,739561
7,310000	0,664256	-0,744820
7,320000	0,664256	-0,739561
7,330000	0,669514	-0,744820
7,340000	0,669514	-0,744820
7,350000	0,669514	-0,744820
7,360000	0,664256	-0,750079
7,370000	0,669514	-0,750079
7,380000	0,664256	-0,750079
7,390000	0,658997	-0,750079
7,400000	0,658997	-0,744820
7,410000	0,648481	-0,744820
7,420000	0,648481	-0,739561
7,430000	0,643223	-0,734303
7,440000	0,637965	-0,729044
7,450000	0,632707	-0,729044
7,460000	0,627448	-0,718527
7,470000	0,622190	-0,708010
7,480000	0,611674	-0,702751
7,490000	0,601158	-0,692234
7,500000	0,590641	-0,686976
7,510000	0,585383	-0,681717
7,520000	0,569609	-0,671200
7,530000	0,559092	-0,660683
7,540000	0,548576	-0,650166
7,550000	0,538060	-0,639649
7,560000	0,527543	-0,623873
7,570000	0,511769	-0,618614
7,580000	0,495994	-0,602839
7,590000	0,485478	-0,592322
7,600000	0,469704	-0,576546
7,610000	0,453929	-0,566029
7,620000	0,438155	-0,550253
7,630000	0,427638	-0,539736
7,640000	0,411864	-0,523960
7,650000	0,396089	-0,513443
7,660000	0,380315	-0,497668
7,670000	0,359282	-0,481892
7,680000	0,343508	-0,466116
7,690000	0,327733	-0,450340
7,700000	0,311959	-0,434565
7,710000	0,296184	-0,418789
7,720000	0,275152	-0,397755
7,730000	0,259377	-0,381979
7,740000	0,243603	-0,366203
7,750000	0,227828	-0,345169
7,760000	0,206796	-0,329394
7,770000	0,191021	-0,313618
7,780000	0,175247	-0,297842
7,790000	0,159472	-0,282066
7,800000	0,138439	-0,266291
7,810000	0,122665	-0,250515
7,820000	0,106890	-0,229481
7,830000	0,091116	-0,213705
7,840000	0,070083	-0,192671
7,850000	0,054309	-0,176895
7,860000	0,038534	-0,155861
7,870000	0,028018	-0,140085
7,880000	0,006985	-0,124310
7,890000	-0,008789	-0,113792
7,900000	-0,029822	-0,092758
7,910000	-0,045596	-0,082241
7,920000	-0,056113	-0,066465
7,930000	-0,071887	-0,050690
7,940000	-0,087661	-0,034914
7,950000	-0,098178	-0,019138
7,960000	-0,113952	-0,008621
7,970000	-0,124469	0,001896
7,980000	-0,134985	0,017672
7,990000	-0,150759	0,028189
8,000000	-0,161276	0,043964
8,010000	-0,177050	0,054482
8,020000	-0,182308	0,064999
8,030000	-0,198083	0,075516
8,040000	-0,203341	0,086033
8,050000	-0,213857	0,096550
8,060000	-0,219116	0,107067
8,070000	-0,229632	0,117584
8,080000	-0,234890	0,122843
8,090000	-0,245406	0,133360
8,100000	-0,250664	0,138619
8,110000	-0,255923	0,149136
8,120000	-0,261181	0,159653
8,130000	-0,266439	0,159653
8,140000	-0,271697	0,170170
8,150000	-0,271697	0,175428
8,160000	-0,276955	0,180687
8,170000	-0,282213	0,185946
8,180000	-0,282213	0,191204
8,190000	-0,287472	0,191204
8,200000	-0,282213	0,191204
8,210000	-0,287472	0,191204
8,220000	-0,282213	0,191204
8,230000	-0,282213	0,191204
8,240000	-0,282213	0,191204
8,250000	-0,276955	0,185946
8,260000	-0,276955	0,180687
8,270000	-0,271697	0,175428
8,280000	-0,266439	0,175428
8,290000	-0,261181	0,175428
8,300000	-0,255923	0,164911
8,310000	-0,250664	0,159653
8,320000	-0,240148	0,154394
8,330000	-0,229632	0,149136
8,340000	-0,219116	0,133360
8,350000	-0,213857	0,128101
8,360000	-0,203341	0,117584
8,370000	-0,198083	0,107067
8,380000	-0,187567	0,101809
8,390000	-0,177050	0,091291
8,400000	-0,166534	0,080774
8,410000	-0,156018	0,064999
8,420000	-0,140243	0,049223
8,430000	-0,129727	0,038706
8,440000	-0,113952	0,028189
8,450000	-0,098178	0,012413
8,460000	-0,082403	0,001896
8,470000	-0,071887	-0,013880
8,480000	-0,056113	-0,029655
8,490000	-0,040338	-0,045431
8,500000	-0,024564	-0,061207
8,510000	-0,008789	-0,076983
8,520000	0,012244	-0,092758
8,530000	0,028018	-0,103275
8,540000	0,043793	-0,124310
8,550000	0,059567	-0,134827
8,560000	0,080600	-0,150602
8,570000	0,091116	-0,166378
8,580000	0,106890	-0,182154
8,590000	0,127923	-0,197929
8,600000	0,143698	-0,213705
8,610000	0,159472	-0,229481
8,620000	0,175247	-0,245257
8,630000	0,196279	-0,261032
8,640000	0,212054	-0,271549
8,650000	0,227828	-0,292584
8,660000	0,243603	-0,308359
8,670000	0,264635	-0,324135
8,680000	0,280410	-0,339911
8,690000	0,296184	-0,355686
8,700000	0,317217	-0,371462
8,710000	0,332991	-0,387238
8,720000	0,348766	-0,403013
8,730000	0,364540	-0,424048
8,740000	0,380315	-0,439823
8,750000	0,396089	-0,455599
8,760000	0,411864	-0,471375
8,770000	0,427638	-0,487150
8,780000	0,438155	-0,497668
8,790000	0,459187	-0,513443
8,800000	0,469704	-0,529219
8,810000	0,480220	-0,544995
8,820000	0,501253	-0,555512
8,830000	0,506511	-0,571287
8,840000	0,517027	-0,587063
8,850000	0,538060	-0,597580
8,860000	0,548576	-0,608097
8,870000	0,559092	-0,623873
8,880000	0,569609	-0,634390
8,890000	0,580125	-0,644907
8,900000	0,590641	-0,655424
8,910000	0,601158	-0,660683
8,920000	0,606416	-0,676459
8,930000	0,616932	-0,681717
8,940000	0,622190	-0,692234
8,950000	0,632707	-0,697493
8,960000	0,637965	-0,708010
8,970000	0,643223	-0,713269
8,980000	0,648481	-0,718527
8,990000	0,653739	-0,718527
9,000000	0,658997	-0,723786
9,010000	0,658997	-0,729044
9,020000	0,664256	-0,729044
9,030000	0,669514	-0,729044
9,040000	0,669514	-0,729044
9,050000	0,669514	-0,734303
9,060000	0,669514	-0,734303
9,070000	0,669514	-0,734303
9,080000	0,669514	-0,734303
9,090000	0,669514	-0,734303
9,100000	0,664256	-0,734303
9,110000	0,658997	-0,729044
9,120000	0,658997	-0,734303
9,130000	0,653739	-0,729044
9,140000	0,648481	-0,723786
9,150000	0,643223	-0,723786
9,160000	0,637965	-0,718527
9,170000	0,627448	-0,713269
9,180000	0,622190	-0,702751
9,190000	0,611674	-0,697493
9,200000	0,606416	-0,692234
9,210000	0,595900	-0,686976
9,220000	0,590641	-0,676459
9,230000	0,580125	-0,671200
9,240000	0,569609	-0,660683
9,250000	0,553834	-0,650166
9,260000	0,543318	-0,639649
9,270000	0,532802	-0,629132
9,280000	0,517027	-0,618614
9,290000	0,506511	-0,608097
9,300000	0,490736	-0,592322
9,310000	0,474962	-0,581805
9,320000	0,459187	-0,571287
9,330000	0,443413	-0,555512
9,340000	0,432897	-0,544995
9,350000	0,417122	-0,534477
9,360000	0,401348	-0,518702
9,370000	0,385573	-0,502926
9,380000	0,369799	-0,492409
9,390000	0,354024	-0,476633
9,400000	0,338250	-0,460858
9,410000	0,322475	-0,445082
9,420000	0,306701	-0,429306
9,430000	0,290926	-0,408272
9,440000	0,275152	-0,392496
9,450000	0,254119	-0,381979
9,460000	0,238345	-0,360945
9,470000	0,217312	-0,345169
9,480000	0,201537	-0,324135
9,490000	0,185763	-0,308359
9,500000	0,169988	-0,292584
9,510000	0,154214	-0,271549
9,520000	0,133181	-0,255774
9,530000	0,117407	-0,239998
9,540000	0,096374	-0,224222
9,550000	0,080600	-0,203188
9,560000	0,064825	-0,187412
9,570000	0,049051	-0,171637
9,580000	0,028018	-0,155861
9,590000	0,012244	-0,134827
9,600000	-0,003531	-0,119051
9,610000	-0,019305	-0,103275
9,620000	-0,035080	-0,087500
9,630000	-0,050854	-0,071724
9,640000	-0,066629	-0,055948
9,650000	-0,082403	-0,040173
9,660000	-0,092920	-0,024397
9,670000	-0,108694	-0,013880
9,680000	-0,119210	0,007154
9,690000	-0,134985	0,017672
9,700000	-0,145501	0,028189
9,710000	-0,161276	0,038706
9,720000	-0,171792	0,049223
9,730000	-0,187567	0,059740
9,740000	-0,192825	0,070257
9,750000	-0,203341	0,080774
9,760000	-0,213857	0,096550
9,770000	-0,224374	0,101809
9,780000	-0,229632	0,112326
9,790000	-0,240148	0,122843
9,800000	-0,245406	0,133360
9,810000	-0,255923	0,138619
9,820000	-0,261181	0,149136
9,830000	-0,271697	0,154394
9,840000	-0,271697	0,159653
9,850000	-0,276955	0,164911
9,860000	-0,282213	0,170170
9,870000	-0,287472	0,175428
9,880000	-0,287472	0,180687
9,890000	-0,287472	0,180687
9,900000	-0,292730	0,185946
9,910000	-0,292730	0,185946
9,920000	-0,292730	0,191204
9,930000	-0,287472	0,191204
9,940000	-0,287472	0,185946
9,950000	-0,287472	0,185946
9,960000	-0,287472	0,191204
9,970000	-0,282213	0,185946
9,980000	-0,276955	0,185946
9,990000	-0,271697	0,180687
10,000000	-0,271697	0,180687
10,010000	-0,261181	0,170170
10,020000	-0,255923	0,170170
10,030000	-0,250664	0,159653
10,040000	-0,240148	0,159653
10,050000	-0,234890	0,143877
10,060000	-0,229632	0,138619
10,070000	-0,219116	0,128101
10,080000	-0,208599	0,117584
10,090000	-0,198083	0,112326
10,100000	-0,187567	0,101809
10,110000	-0,177050	0,091291
10,120000	-0,161276	0,080774
10,130000	-0,150759	0,064999
10,140000	-0,140243	0,054482
10,150000	-0,129727	0,038706
10,160000	-0,113952	0,028189
10,170000	-0,103436	0,017672
10,180000	-0,087661	0,001896
10,190000	-0,071887	-0,013880
10,200000	-0,056113	-0,024397
10,210000	-0,045596	-0,040173
10,220000	-0,024564	-0,055948
10,230000	-0,008789	-0,066465
10,240000	0,012244	-0,082241
10,250000	0,028018	-0,098017
10,260000	0,043793	-0,108534
10,270000	0,059567	-0,124310
10,280000	0,075342	-0,134827
10,290000	0,091116	-0,155861
10,300000	0,112149	-0,171637
10,310000	0,127923	-0,187412
10,320000	0,143698	-0,197929
10,330000	0,164730	-0,218964
10,340000	0,180505	-0,239998
10,350000	0,201537	-0,250515
10,360000	0,217312	-0,266291
10,370000	0,233086	-0,287325
10,380000	0,248861	-0,303101
10,390000	0,269894	-0,324135
10,400000	0,285668	-0,334652
10,410000	0,301442	-0,350428
10,420000	0,317217	-0,366203
10,430000	0,338250	-0,381979
10,440000	0,354024	-0,397755
10,450000	0,375057	-0,413531
10,460000	0,385573	-0,429306
10,470000	0,406606	-0,445082
10,480000	0,422380	-0,460858
10,490000	0,438155	-0,476633
10,500000	0,448671	-0,492409
10,510000	0,464445	-0,508185
10,520000	0,480220	-0,518702
10,530000	0,495994	-0,534477
10,540000	0,506511	-0,550253
10,550000	0,517027	-0,566029
10,560000	0,532802	-0,576546
10,570000	0,543318	-0,592322
10,580000	0,553834	-0,602839
10,590000	0,564351	-0,608097
10,600000	0,580125	-0,623873
10,610000	0,585383	-0,629132
10,620000	0,595900	-0,639649
10,630000	0,601158	-0,650166
10,640000	0,611674	-0,660683
10,650000	0,622190	-0,665942
10,660000	0,627448	-0,671200
10,670000	0,632707	-0,681717
10,680000	0,643223	-0,686976
10,690000	0,648481	-0,692234
10,700000	0,653739	-0,697493
10,710000	0,658997	-0,702751
10,720000	0,664256	-0,708010
10,730000	0,664256	-0,713269
10,740000	0,669514	-0,718527
10,750000	0,669514	-0,723786
10,760000	0,674772	-0,729044
10,770000	0,674772	-0,734303
10,780000	0,674772	-0,734303
10,790000	0,674772	-0,734303
10,800000	0,674772	-0,734303
10,810000	0,669514	-0,734303
10,820000	0,669514	-0,729044
10,830000	0,664256	-0,729044
10,840000	0,658997	-0,723786
10,850000	0,658997	-0,718527
10,860000	0,653739	-0,713269
10,870000	0,643223	-0,708010
10,880000	0,637965	-0,702751
10,890000	0,632707	-0,697493
10,900000	0,627448	-0,692234
10,910000	0,616932	-0,681717
10,920000	0,611674	-0,676459
10,930000	0,601158	-0,665942
10,940000	0,590641	-0,655424
10,950000	0,580125	-0,650166
10,960000	0,574867	-0,644907
10,970000	0,564351	-0,634390
10,980000	0,548576	-0,623873
10,990000	0,538060	-0,613356
11,000000	0,522285	-0,597580
11,010000	0,506511	-0,592322
11,020000	0,495994	-0,581805
11,030000	0,480220	-0,571287
11,040000	0,464445	-0,560770
11,050000	0,448671	-0,544995
11,060000	0,438155	-0,529219
11,070000	0,422380	-0,518702
11,080000	0,406606	-0,502926
11,090000	0,390831	-0,487150
11,100000	0,375057	-0,471375
11,110000	0,354024	-0,460858
11,120000	0,343508	-0,445082
11,130000	0,327733	-0,434565
11,140000	0,311959	-0,413531
11,150000	0,290926	-0,403013
11,160000	0,275152	-0,381979
11,170000	0,259377	-0,371462
11,180000	0,238345	-0,355686
11,190000	0,217312	-0,339911
11,200000	0,201537	-0,324135
11,210000	0,185763	-0,308359
11,220000	0,164730	-0,292584
11,230000	0,148956	-0,276808
11,240000	0,133181	-0,255774
11,250000	0,112149	-0,245257
11,260000	0,096374	-0,224222
11,270000	0,080600	-0,213705
11,280000	0,059567	-0,192671
11,290000	0,043793	-0,176895
11,300000	0,028018	-0,161120
11,310000	0,012244	-0,145344
11,320000	-0,008789	-0,124310
11,330000	-0,024564	-0,113792
11,340000	-0,040338	-0,092758
11,350000	-0,056113	-0,082241
11,360000	-0,071887	-0,066465
11,370000	-0,087661	-0,050690
11,380000	-0,098178	-0,034914
11,390000	-0,113952	-0,024397
11,400000	-0,124469	-0,008621
11,410000	-0,134985	0,007154
11,420000	-0,150759	0,022930
11,430000	-0,161276	0,033447
11,440000	-0,171792	0,049223
11,450000	-0,182308	0,064999
11,460000	-0,198083	0,070257
11,470000	-0,208599	0,080774
11,480000	-0,219116	0,096550
11,490000	-0,229632	0,107067
11,500000	-0,234890	0,117584
11,510000	-0,240148	0,122843
11,520000	-0,250664	0,133360
11,530000	-0,255923	0,143877
11,540000	-0,261181	0,149136
11,550000	-0,266439	0,159653
11,560000	-0,271697	0,159653
11,570000	-0,276955	0,164911
11,580000	-0,282213	0,175428
11,590000	-0,282213	0,180687
11,600000	-0,287472	0,180687
11,610000	-0,287472	0,180687
11,620000	-0,287472	0,180687
11,630000	-0,287472	0,185946
11,640000	-0,292730	0,191204
11,650000	-0,292730	0,185946
11,660000	-0,287472	0,185946
11,670000	-0,287472	0,185946
11,680000	-0,282213	0,185946
11,690000	-0,276955	0,180687
11,700000	-0,276955	0,180687
11,710000	-0,271697	0,175428
11,720000	-0,271697	0,170170
11,730000	-0,261181	0,164911
11,740000	-0,261181	0,159653
11,750000	-0,250664	0,154394
11,760000	-0,245406	0,149136
11,770000	-0,234890	0,143877
11,780000	-0,229632	0,133360
11,790000	-0,219116	0,128101
11,800000	-0,208599	0,117584
11,810000	-0,198083	0,112326
11,820000	-0,187567	0,101809
11,830000	-0,182308	0,091291
11,840000	-0,171792	0,080774
11,850000	-0,156018	0,070257
11,860000	-0,145501	0,059740
11,870000	-0,129727	0,049223
11,880000	-0,119210	0,033447
11,890000	-0,103436	0,022930
11,900000	-0,087661	0,007154
11,910000	-0,071887	-0,008621
11,920000	-0,061371	-0,024397
11,930000	-0,045596	-0,040173
11,940000	-0,029822	-0,055948
11,950000	-0,014047	-0,066465
11,960000	0,006985	-0,082241
11,970000	0,022760	-0,098017
11,980000	0,038534	-0,113792
11,990000	0,054309	-0,124310
12,000000	0,070083	-0,140085
12,010000	0,091116	-0,161120
12,020000	0,106890	-0,176895
12,030000	0,122665	-0,192671
12,040000	0,138439	-0,208447
12,050000	0,159472	-0,224222
12,060000	0,175247	-0,239998
12,070000	0,191021	-0,255774
12,080000	0,212054	-0,271549
12,090000	0,227828	-0,287325
12,100000	0,243603	-0,303101
12,110000	0,259377	-0,324135
12,120000	0,280410	-0,339911
12,130000	0,296184	-0,360945
12,140000	0,317217	-0,376721
12,150000	0,332991	-0,392496
12,160000	0,354024	-0,408272
12,170000	0,369799	-0,424048
12,180000	0,385573	-0,439823
12,190000	0,401348	-0,455599
12,200000	0,417122	-0,471375
12,210000	0,432897	-0,481892
12,220000	0,448671	-0,492409
12,230000	0,464445	-0,513443
12,240000	0,480220	-0,523960
12,250000	0,490736	-0,534477
12,260000	0,506511	-0,550253
12,270000	0,517027	-0,560770
12,280000	0,532802	-0,576546
12,290000	0,543318	-0,587063
12,300000	0,553834	-0,597580
12,310000	0,564351	-0,613356
12,320000	0,580125	-0,618614
12,330000	0,590641	-0,629132
12,340000	0,601158	-0,639649
12,350000	0,611674	-0,644907
12,360000	0,622190	-0,655424
12,370000	0,627448	-0,665942
12,380000	0,632707	-0,671200
12,390000	0,643223	-0,681717
12,400000	0,648481	-0,681717
12,410000	0,653739	-0,692234
12,420000	0,658997	-0,697493
12,430000	0,664256	-0,702751
12,440000	0,669514	-0,708010
12,450000	0,674772	-0,713269
12,460000	0,674772	-0,713269
12,470000	0,680030	-0,718527
12,480000	0,680030	-0,718527
12,490000	0,680030	-0,723786
12,500000	0,680030	-0,723786
12,510000	0,680030	-0,723786
12,520000	0,680030	-0,729044
12,530000	0,680030	-0,723786
12,540000	0,674772	-0,729044
12,550000	0,669514	-0,723786
12,560000	0,664256	-0,723786
12,570000	0,664256	-0,723786
12,580000	0,658997	-0,718527
12,590000	0,648481	-0,718527
12,600000	0,643223	-0,708010
12,610000	0,637965	-0,702751
12,620000	0,632707	-0,697493
12,630000	0,622190	-0,692234
12,640000	0,611674	-0,681717
12,650000	0,606416	-0,671200
12,660000	0,595900	-0,660683
12,670000	0,585383	-0,655424
12,680000	0,574867	-0,644907
12,690000	0,564351	-0,634390
12,700000	0,553834	-0,629132
12,710000	0,538060	-0,618614
12,720000	0,527543	-0,608097
12,730000	0,511769	-0,597580
12,740000	0,501253	-0,581805
12,750000	0,485478	-0,566029
12,760000	0,469704	-0,555512
12,770000	0,453929	-0,539736
12,780000	0,443413	-0,523960
12,790000	0,422380	-0,513443
12,800000	0,406606	-0,497668
12,810000	0,390831	-0,487150
12,820000	0,375057	-0,471375
12,830000	0,359282	-0,455599
12,840000	0,343508	-0,434565
12,850000	0,327733	-0,424048
12,860000	0,306701	-0,403013
12,870000	0,290926	-0,387238
12,880000	0,275152	-0,371462
12,890000	0,254119	-0,355686
12,900000	0,238345	-0,339911
12,910000	0,222570	-0,324135
12,920000	0,201537	-0,308359
12,930000	0,180505	-0,287325
12,940000	0,169988	-0,271549
12,950000	0,148956	-0,255774
12,960000	0,133181	-0,239998
12,970000	0,112149	-0,224222
12,980000	0,101632	-0,208447
12,990000	0,080600	-0,192671
13,000000	0,064825	-0,176895
13,010000	0,049051	-0,166378
13,020000	0,028018	-0,145344
13,030000	0,012244	-0,129568
13,040000	-0,003531	-0,119051
13,050000	-0,024564	-0,098017
13,060000	-0,040338	-0,087500
13,070000	-0,056113	-0,076983
13,080000	-0,066629	-0,055948
13,090000	-0,087661	-0,045431
13,100000	-0,098178	-0,029655
13,110000	-0,113952	-0,019138
13,120000	-0,129727	-0,008621
13,130000	-0,140243	0,012413
13,140000	-0,150759	0,022930
13,150000	-0,166534	0,038706
13,160000	-0,177050	0,049223
13,170000	-0,192825	0,059740
13,180000	-0,198083	0,070257
13,190000	-0,213857	0,080774
13,200000	-0,219116	0,091291
13,210000	-0,229632	0,096550
13,220000	-0,234890	0,107067
13,230000	-0,245406	0,117584
13,240000	-0,250664	0,128101
13,250000	-0,255923	0,133360
13,260000	-0,266439	0,143877
13,270000	-0,276955	0,149136
13,280000	-0,276955	0,149136
13,290000	-0,282213	0,159653
13,300000	-0,287472	0,159653
13,310000	-0,287472	0,164911
13,320000	-0,292730	0,170170
13,330000	-0,292730	0,175428
13,340000	-0,292730	0,175428
13,350000	-0,292730	0,175428
13,360000	-0,297988	0,175428
13,370000	-0,297988	0,175428
13,380000	-0,292730	0,175428
13,390000	-0,292730	0,175428
13,400000	-0,292730	0,180687
13,410000	-0,287472	0,175428
13,420000	-0,287472	0,175428
13,430000	-0,276955	0,175428
13,440000	-0,276955	0,170170
13,450000	-0,271697	0,159653
13,460000	-0,266439	0,159653
13,470000	-0,255923	0,154394
13,480000	-0,250664	0,143877
13,490000	-0,245406	0,138619
13,500000	-0,234890	0,128101
13,510000	-0,224374	0,117584
13,520000	-0,213857	0,112326
13,530000	-0,203341	0,101809
13,540000	-0,198083	0,091291
13,550000	-0,182308	0,080774
13,560000	-0,171792	0,075516
13,570000	-0,156018	0,064999
13,580000	-0,145501	0,049223
13,590000	-0,134985	0,033447
13,600000	-0,119210	0,022930
13,610000	-0,103436	0,012413
13,620000	-0,092920	0,001896
13,630000	-0,077145	-0,013880
13,640000	-0,061371	-0,024397
13,650000	-0,050854	-0,040173
13,660000	-0,029822	-0,050690
13,670000	-0,019305	-0,066465
13,680000	0,001727	-0,076983
13,690000	0,017502	-0,098017
13,700000	0,033276	-0,113792
13,710000	0,049051	-0,124310
13,720000	0,070083	-0,145344
13,730000	0,091116	-0,161120
13,740000	0,106890	-0,176895
13,750000	0,122665	-0,192671
13,760000	0,143698	-0,208447
13,770000	0,159472	-0,224222
13,780000	0,175247	-0,245257
13,790000	0,196279	-0,261032
13,800000	0,217312	-0,276808
13,810000	0,227828	-0,297842
13,820000	0,248861	-0,313618
13,830000	0,269894	-0,329394
13,840000	0,285668	-0,345169
13,850000	0,301442	-0,366203
13,860000	0,322475	-0,381979
13,870000	0,338250	-0,403013
13,880000	0,348766	-0,418789
13,890000	0,369799	-0,429306
13,900000	0,385573	-0,445082
13,910000	0,401348	-0,460858
13,920000	0,417122	-0,476633
13,930000	0,432897	-0,492409
13,940000	0,448671	-0,502926
13,950000	0,464445	-0,518702
13,960000	0,480220	-0,534477
13,970000	0,495994	-0,550253
13,980000	0,506511	-0,560770
13,990000	0,522285	-0,571287
14,000000	0,532802	-0,581805
14,010000	0,543318	-0,597580
14,020000	0,553834	-0,608097
14,030000	0,569609	-0,613356
14,040000	0,580125	-0,629132
14,050000	0,585383	-0,634390
14,060000	0,601158	-0,644907
14,070000	0,606416	-0,650166
14,080000	0,616932	-0,655424
14,090000	0,622190	-0,665942
14,100000	0,632707	-0,671200
14,110000	0,643223	-0,681717
14,120000	0,648481	-0,686976
14,130000	0,658997	-0,692234
14,140000	0,664256	-0,697493
14,150000	0,664256	-0,702751
14,160000	0,669514	-0,708010
14,170000	0,669514	-0,708010
14,180000	0,674772	-0,708010
14,190000	0,674772	-0,718527
14,200000	0,680030	-0,718527
14,210000	0,680030	-0,723786
14,220000	0,674772	-0,723786
14,230000	0,674772	-0,723786
14,240000	0,680030	-0,718527
14,250000	0,669514	-0,723786
14,260000	0,669514	-0,718527
14,270000	0,669514	-0,713269
14,280000	0,664256	-0,713269
14,290000	0,664256	-0,713269
14,300000	0,658997	-0,708010
14,310000	0,653739	-0,702751
14,320000	0,643223	-0,697493
14,330000	0,637965	-0,692234
14,340000	0,627448	-0,692234
14,350000	0,622190	-0,686976
14,360000	0,616932	-0,676459
14,370000	0,601158	-0,665942
14,380000	0,595900	-0,655424
14,390000	0,580125	-0,650166
14,400000	0,569609	-0,639649
14,410000	0,559092	-0,629132
14,420000	0,543318	-0,618614
14,430000	0,538060	-0,608097
14,440000	0,522285	-0,597580
14,450000	0,511769	-0,587063
14,460000	0,495994	-0,571287
14,470000	0,480220	-0,560770
14,480000	0,469704	-0,550253
14,490000	0,448671	-0,539736
14,500000	0,438155	-0,529219
14,510000	0,422380	-0,513443
14,520000	0,406606	-0,502926
14,530000	0,390831	-0,487150
14,540000	0,375057	-0,471375
14,550000	0,359282	-0,455599
14,560000	0,343508	-0,439823
14,570000	0,322475	-0,429306
14,580000	0,306701	-0,408272
14,590000	0,290926	-0,397755
14,600000	0,275152	-0,381979
14,610000	0,254119	-0,360945
14,620000	0,238345	-0,345169
14,630000	0,217312	-0,329394
14,640000	0,201537	-0,313618
14,650000	0,185763	-0,292584
14,660000	0,169988	-0,276808
14,670000	0,148956	-0,255774
14,680000	0,133181	-0,239998
14,690000	0,117407	-0,218964
14,700000	0,096374	-0,203188
14,710000	0,080600	-0,187412
14,720000	0,064825	-0,171637
14,730000	0,043793	-0,155861
14,740000	0,028018	-0,140085
14,750000	0,017502	-0,129568
14,760000	-0,003531	-0,113792
14,770000	-0,024564	-0,098017
14,780000	-0,040338	-0,087500
14,790000	-0,056113	-0,071724
14,800000	-0,066629	-0,055948
14,810000	-0,082403	-0,045431
14,820000	-0,098178	-0,034914
14,830000	-0,113952	-0,019138
14,840000	-0,124469	-0,008621
14,850000	-0,140243	0,007154
14,860000	-0,150759	0,012413
14,870000	-0,166534	0,028189
14,880000	-0,177050	0,043964
14,890000	-0,192825	0,049223
14,900000	-0,198083	0,054482
14,910000	-0,208599	0,064999
14,920000	-0,224374	0,075516
14,930000	-0,234890	0,080774
14,940000	-0,240148	0,091291
14,950000	-0,250664	0,101809
14,960000	-0,250664	0,107067
14,970000	-0,261181	0,112326
14,980000	-0,266439	0,122843
14,990000	-0,276955	0,128101
15,000000	-0,282213	0,128101
15,010000	-0,287472	0,138619
15,020000	-0,287472	0,143877
15,030000	-0,292730	0,149136
15,040000	-0,297988	0,154394
15,050000	-0,297988	0,154394
15,060000	-0,297988	0,154394
15,070000	-0,303246	0,154394
15,080000	-0,297988	0,154394
15,090000	-0,303246	0,154394
15,100000	-0,297988	0,154394
15,110000	-0,297988	0,154394
15,120000	-0,292730	0,154394
15,130000	-0,292730	0,149136
15,140000	-0,287472	0,149136
15,150000	-0,282213	0,143877
15,160000	-0,282213	0,143877
15,170000	-0,271697	0,138619
15,180000	-0,266439	0,133360
15,190000	-0,261181	0,128101
15,200000	-0,255923	0,128101
15,210000	-0,245406	0,117584
15,220000	-0,234890	0,107067
15,230000	-0,224374	0,101809
15,240000	-0,213857	0,086033
15,250000	-0,208599	0,075516
15,260000	-0,198083	0,070257
15,270000	-0,187567	0,054482
15,280000	-0,171792	0,049223
15,290000	-0,161276	0,033447
15,300000	-0,150759	0,022930
15,310000	-0,134985	0,012413
15,320000	-0,119210	0,001896
15,330000	-0,108694	-0,013880
15,340000	-0,092920	-0,029655
15,350000	-0,082403	-0,040173
15,360000	-0,061371	-0,050690
15,370000	-0,050854	-0,066465
15,380000	-0,035080	-0,082241
15,390000	-0,014047	-0,098017
15,400000	0,006985	-0,108534
15,410000	0,022760	-0,124310
15,420000	0,038534	-0,140085
15,430000	0,054309	-0,155861
15,440000	0,075342	-0,171637
15,450000	0,091116	-0,187412
15,460000	0,106890	-0,203188
15,470000	0,122665	-0,218964
15,480000	0,143698	-0,234739
15,490000	0,164730	-0,250515
15,500000	0,180505	-0,261032
15,510000	0,201537	-0,282066
15,520000	0,217312	-0,292584
15,530000	0,233086	-0,313618
15,540000	0,248861	-0,324135
15,550000	0,269894	-0,345169
15,560000	0,285668	-0,360945
15,570000	0,301442	-0,376721
15,580000	0,322475	-0,392496
15,590000	0,338250	-0,408272
15,600000	0,354024	-0,424048
15,610000	0,375057	-0,439823
15,620000	0,390831	-0,450340
15,630000	0,406606	-0,466116
15,640000	0,422380	-0,481892
15,650000	0,438155	-0,497668
15,660000	0,453929	-0,513443
15,670000	0,469704	-0,529219
15,680000	0,485478	-0,539736
15,690000	0,495994	-0,555512
15,700000	0,511769	-0,566029
15,710000	0,522285	-0,581805
15,720000	0,538060	-0,597580
15,730000	0,548576	-0,608097
15,740000	0,559092	-0,618614
15,750000	0,569609	-0,629132
15,760000	0,580125	-0,639649
15,770000	0,590641	-0,644907
15,780000	0,601158	-0,655424
15,790000	0,611674	-0,660683
15,800000	0,622190	-0,665942
15,810000	0,632707	-0,676459
15,820000	0,637965	-0,686976
15,830000	0,648481	-0,692234
15,840000	0,653739	-0,697493
15,850000	0,658997	-0,702751
15,860000	0,669514	-0,708010
15,870000	0,669514	-0,713269
15,880000	0,669514	-0,713269
15,890000	0,674772	-0,718527
15,900000	0,680030	-0,718527
15,910000	0,680030	-0,723786
15,920000	0,685288	-0,723786
15,930000	0,685288	-0,723786
15,940000	0,685288	-0,723786
15,950000	0,685288	-0,723786
15,960000	0,685288	-0,729044
15,970000	0,680030	-0,723786
15,980000	0,674772	-0,723786
15,990000	0,669514	-0,723786
16,000000	0,669514	-0,718527
16,010000	0,664256	-0,713269
16,020000	0,658997	-0,708010
16,030000	0,653739	-0,702751
16,040000	0,648481	-0,702751
16,050000	0,637965	-0,692234
16,060000	0,632707	-0,686976
16,070000	0,622190	-0,681717
16,080000	0,616932	-0,671200
16,090000	0,606416	-0,665942
16,100000	0,601158	-0,660683
16,110000	0,585383	-0,655424
16,120000	0,574867	-0,639649
16,130000	0,564351	-0,629132
16,140000	0,553834	-0,623873
16,150000	0,538060	-0,613356
16,160000	0,527543	-0,602839
16,170000	0,517027	-0,587063
16,180000	0,501253	-0,576546
16,190000	0,485478	-0,566029
16,200000	0,469704	-0,550253
16,210000	0,453929	-0,544995
16,220000	0,443413	-0,529219
16,230000	0,427638	-0,513443
16,240000	0,411864	-0,497668
16,250000	0,396089	-0,481892
16,260000	0,380315	-0,466116
16,270000	0,359282	-0,450340
16,280000	0,343508	-0,434565
16,290000	0,327733	-0,418789
16,300000	0,311959	-0,403013
16,310000	0,290926	-0,387238
16,320000	0,275152	-0,366203
16,330000	0,254119	-0,350428
16,340000	0,238345	-0,334652
16,350000	0,222570	-0,318876
16,360000	0,206796	-0,303101
16,370000	0,191021	-0,287325
16,380000	0,175247	-0,271549
16,390000	0,154214	-0,255774
16,400000	0,133181	-0,245257
16,410000	0,117407	-0,218964
16,420000	0,101632	-0,203188
16,430000	0,080600	-0,187412
16,440000	0,070083	-0,171637
16,450000	0,049051	-0,155861
16,460000	0,033276	-0,145344
16,470000	0,017502	-0,129568
16,480000	0,001727	-0,108534
16,490000	-0,019305	-0,098017
16,500000	-0,035080	-0,082241
16,510000	-0,050854	-0,066465
16,520000	-0,066629	-0,050690
16,530000	-0,082403	-0,034914
16,540000	-0,098178	-0,019138
16,550000	-0,108694	-0,008621
16,560000	-0,124469	0,012413
16,570000	-0,140243	0,022930
16,580000	-0,150759	0,033447
16,590000	-0,161276	0,043964
16,600000	-0,177050	0,059740
16,610000	-0,187567	0,070257
16,620000	-0,198083	0,080774
16,630000	-0,208599	0,091291
16,640000	-0,219116	0,101809
16,650000	-0,229632	0,107067
16,660000	-0,240148	0,117584
16,670000	-0,245406	0,122843
16,680000	-0,255923	0,128101
16,690000	-0,261181	0,133360
16,700000	-0,266439	0,143877
16,710000	-0,276955	0,149136
16,720000	-0,282213	0,149136
16,730000	-0,287472	0,154394
16,740000	-0,292730	0,159653
16,750000	-0,297988	0,159653
16,760000	-0,297988	0,164911
16,770000	-0,297988	0,164911
16,780000	-0,303246	0,164911
16,790000	-0,308504	0,164911
16,800000	-0,303246	0,164911
16,810000	-0,303246	0,164911
16,820000	-0,303246	0,164911
16,830000	-0,303246	0,164911
16,840000	-0,297988	0,159653
16,850000	-0,297988	0,159653
16,860000	-0,287472	0,154394
16,870000	-0,282213	0,149136
16,880000	-0,276955	0,138619
16,890000	-0,271697	0,138619
16,900000	-0,266439	0,133360
16,910000	-0,261181	0,128101
16,920000	-0,255923	0,122843
16,930000	-0,250664	0,117584
16,940000	-0,234890	0,112326
16,950000	-0,229632	0,101809
16,960000	-0,219116	0,091291
16,970000	-0,213857	0,080774
16,980000	-0,198083	0,075516
16,990000	-0,187567	0,064999
17,000000	-0,177050	0,054482
17,010000	-0,166534	0,038706
17,020000	-0,156018	0,028189
17,030000	-0,140243	0,017672
17,040000	-0,129727	0,001896
17,050000	-0,113952	-0,013880
17,060000	-0,098178	-0,029655
17,070000	-0,082403	-0,040173
17,080000	-0,066629	-0,055948
17,090000	-0,056113	-0,071724
17,100000	-0,035080	-0,087500
17,110000	-0,019305	-0,103275
17,120000	0,001727	-0,119051
17,130000	0,017502	-0,134827
17,140000	0,038534	-0,150602
17,150000	0,049051	-0,161120
17,160000	0,064825	-0,182154
17,170000	0,085858	-0,197929
17,180000	0,106890	-0,213705
17,190000	0,117407	-0,224222
17,200000	0,138439	-0,245257
17,210000	0,154214	-0,255774
17,220000	0,169988	-0,276808
17,230000	0,191021	-0,292584
17,240000	0,206796	-0,308359
17,250000	0,222570	-0,318876
17,260000	0,243603	-0,339911
17,270000	0,264635	-0,355686
17,280000	0,280410	-0,366203
17,290000	0,296184	-0,381979
17,300000	0,317217	-0,403013
17,310000	0,327733	-0,418789
17,320000	0,348766	-0,429306
17,330000	0,364540	-0,445082
17,340000	0,385573	-0,460858
17,350000	0,401348	-0,476633
17,360000	0,411864	-0,487150
17,370000	0,432897	-0,502926
17,380000	0,448671	-0,513443
17,390000	0,459187	-0,529219
17,400000	0,474962	-0,544995
17,410000	0,490736	-0,555512
17,420000	0,506511	-0,566029
17,430000	0,522285	-0,576546
17,440000	0,532802	-0,587063
17,450000	0,543318	-0,597580
17,460000	0,559092	-0,608097
17,470000	0,569609	-0,613356
17,480000	0,580125	-0,623873
17,490000	0,590641	-0,634390
17,500000	0,601158	-0,639649
17,510000	0,611674	-0,650166
17,520000	0,622190	-0,655424
17,530000	0,627448	-0,660683
17,540000	0,637965	-0,665942
17,550000	0,648481	-0,676459
17,560000	0,653739	-0,681717
17,570000	0,658997	-0,686976
17,580000	0,664256	-0,692234
17,590000	0,669514	-0,692234
17,600000	0,674772	-0,697493
17,610000	0,680030	-0,702751
17,620000	0,685288	-0,702751
17,630000	0,685288	-0,708010
17,640000	0,685288	-0,708010
17,650000	0,685288	-0,713269
17,660000	0,685288	-0,708010
17,670000	0,685288	-0,708010
17,680000	0,680030	-0,708010
17,690000	0,685288	-0,708010
17,700000	0,680030	-0,708010
17,710000	0,674772	-0,702751
17,720000	0,674772	-0,697493
17,730000	0,669514	-0,697493
17,740000	0,664256	-0,692234
17,750000	0,658997	-0,686976
17,760000	0,648481	-0,681717
17,770000	0,643223	-0,676459
17,780000	0,637965	-0,665942
17,790000	0,627448	-0,660683
17,800000	0,622190	-0,655424
17,810000	0,611674	-0,644907
17,820000	0,601158	-0,639649
17,830000	0,590641	-0,634390
17,840000	0,580125	-0,623873
17,850000	0,569609	-0,613356
17,860000	0,559092	-0,602839
17,870000	0,548576	-0,592322
17,880000	0,532802	-0,581805
17,890000	0,517027	-0,576546
17,900000	0,506511	-0,560770
17,910000	0,495994	-0,550253
17,920000	0,474962	-0,539736
17,930000	0,459187	-0,523960
17,940000	0,448671	-0,508185
17,950000	0,432897	-0,497668
17,960000	0,417122	-0,481892
17,970000	0,401348	-0,466116
17,980000	0,385573	-0,450340
17,990000	0,364540	-0,434565
18,000000	0,348766	-0,418789
18,010000	0,332991	-0,403013
18,020000	0,317217	-0,381979
18,030000	0,296184	-0,371462
18,040000	0,275152	-0,355686
18,050000	0,259377	-0,339911
18,060000	0,243603	-0,324135
18,070000	0,222570	-0,308359
18,080000	0,206796	-0,292584
18,090000	0,191021	-0,276808
18,100000	0,169988	-0,261032
18,110000	0,154214	-0,245257
18,120000	0,138439	-0,224222
18,130000	0,122665	-0,213705
18,140000	0,101632	-0,197929
18,150000	0,085858	-0,182154
18,160000	0,070083	-0,166378
18,170000	0,049051	-0,150602
18,180000	0,033276	-0,134827
18,190000	0,022760	-0,119051
18,200000	0,001727	-0,098017
18,210000	-0,014047	-0,087500
18,220000	-0,029822	-0,066465
18,230000	-0,045596	-0,055948
18,240000	-0,066629	-0,040173
18,250000	-0,077145	-0,029655
18,260000	-0,092920	-0,013880
18,270000	-0,108694	0,001896
18,280000	-0,119210	0,017672
18,290000	-0,140243	0,028189
18,300000	-0,150759	0,038706
18,310000	-0,161276	0,054482
18,320000	-0,166534	0,064999
18,330000	-0,187567	0,075516
18,340000	-0,198083	0,086033
18,350000	-0,208599	0,096550
18,360000	-0,213857	0,101809
18,370000	-0,224374	0,112326
18,380000	-0,234890	0,117584
18,390000	-0,245406	0,122843
18,400000	-0,255923	0,133360
18,410000	-0,261181	0,133360
18,420000	-0,271697	0,138619
18,430000	-0,276955	0,143877
18,440000	-0,282213	0,154394
18,450000	-0,282213	0,154394
18,460000	-0,287472	0,154394
18,470000	-0,292730	0,159653
18,480000	-0,292730	0,159653
18,490000	-0,297988	0,159653
18,500000	-0,297988	0,159653
18,510000	-0,297988	0,159653
18,520000	-0,297988	0,159653
18,530000	-0,297988	0,154394
18,540000	-0,297988	0,154394
18,550000	-0,292730	0,149136
18,560000	-0,292730	0,149136
18,570000	-0,292730	0,138619
18,580000	-0,287472	0,138619
18,590000	-0,282213	0,133360
18,600000	-0,276955	0,133360
18,610000	-0,271697	0,122843
18,620000	-0,266439	0,117584
18,630000	-0,261181	0,112326
18,640000	-0,255923	0,107067
18,650000	-0,245406	0,096550
18,660000	-0,234890	0,091291
18,670000	-0,229632	0,086033
18,680000	-0,219116	0,080774
18,690000	-0,208599	0,064999
18,700000	-0,203341	0,054482
18,710000	-0,187567	0,043964
18,720000	-0,177050	0,038706
18,730000	-0,166534	0,028189
18,740000	-0,150759	0,017672
18,750000	-0,140243	0,007154
18,760000	-0,129727	-0,013880
18,770000	-0,113952	-0,024397
18,780000	-0,098178	-0,040173
18,790000	-0,087661	-0,055948
18,800000	-0,071887	-0,066465
18,810000	-0,056113	-0,082241
18,820000	-0,040338	-0,092758
18,830000	-0,019305	-0,108534
18,840000	-0,008789	-0,124310
18,850000	0,012244	-0,140085
18,860000	0,028018	-0,150602
18,870000	0,043793	-0,166378
18,880000	0,064825	-0,182154
18,890000	0,080600	-0,197929
18,900000	0,101632	-0,213705
18,910000	0,117407	-0,229481
18,920000	0,133181	-0,250515
18,930000	0,154214	-0,261032
18,940000	0,169988	-0,276808
18,950000	0,185763	-0,292584
18,960000	0,206796	-0,313618
18,970000	0,222570	-0,324135
18,980000	0,238345	-0,345169
18,990000	0,259377	-0,360945
19,000000	0,280410	-0,376721
19,010000	0,296184	-0,392496
19,020000	0,311959	-0,408272
19,030000	0,327733	-0,424048
19,040000	0,348766	-0,445082
19,050000	0,364540	-0,460858
19,060000	0,380315	-0,471375
19,070000	0,390831	-0,481892
19,080000	0,411864	-0,497668
19,090000	0,427638	-0,513443
19,100000	0,443413	-0,529219
19,110000	0,459187	-0,539736
19,120000	0,474962	-0,550253
19,130000	0,485478	-0,566029
19,140000	0,501253	-0,576546
19,150000	0,517027	-0,587063
19,160000	0,527543	-0,602839
19,170000	0,543318	-0,613356
19,180000	0,553834	-0,623873
19,190000	0,564351	-0,634390
19,200000	0,574867	-0,644907
19,210000	0,590641	-0,655424
19,220000	0,601158	-0,660683
19,230000	0,606416	-0,665942
19,240000	0,616932	-0,676459
19,250000	0,627448	-0,681717
19,260000	0,632707	-0,686976
19,270000	0,637965	-0,697493
19,280000	0,648481	-0,702751
19,290000	0,653739	-0,708010
19,300000	0,658997	-0,708010
19,310000	0,664256	-0,718527
19,320000	0,669514	-0,718527
19,330000	0,674772	-0,718527
19,340000	0,674772	-0,723786
19,350000	0,680030	-0,723786
19,360000	0,680030	-0,723786
19,370000	0,685288	-0,723786
19,380000	0,685288	-0,723786
19,390000	0,680030	-0,723786
19,400000	0,685288	-0,723786
19,410000	0,680030	-0,718527
19,420000	0,680030	-0,718527
19,430000	0,674772	-0,718527
19,440000	0,674772	-0,713269
19,450000	0,669514	-0,708010
19,460000	0,664256	-0,702751
19,470000	0,658997	-0,697493
19,480000	0,653739	-0,692234
19,490000	0,643223	-0,686976
19,500000	0,637965	-0,681717
19,510000	0,632707	-0,671200
19,520000	0,622190	-0,660683
19,530000	0,611674	-0,655424
19,540000	0,601158	-0,644907
19,550000	0,595900	-0,629132
19,560000	0,580125	-0,623873
19,570000	0,569609	-0,613356
19,580000	0,559092	-0,597580
19,590000	0,548576	-0,592322
19,600000	0,532802	-0,581805
19,610000	0,517027	-0,571287
19,620000	0,506511	-0,555512
19,630000	0,490736	-0,544995
19,640000	0,480220	-0,534477
19,650000	0,464445	-0,518702
19,660000	0,443413	-0,508185
19,670000	0,432897	-0,492409
19,680000	0,417122	-0,476633
19,690000	0,401348	-0,460858
19,700000	0,385573	-0,445082
19,710000	0,375057	-0,429306
19,720000	0,348766	-0,413531
19,730000	0,338250	-0,397755
19,740000	0,317217	-0,381979
19,750000	0,301442	-0,366203
19,760000	0,285668	-0,350428
19,770000	0,269894	-0,334652
19,780000	0,254119	-0,318876
19,790000	0,227828	-0,308359
19,800000	0,212054	-0,287325
19,810000	0,196279	-0,271549
19,820000	0,180505	-0,255774
19,830000	0,159472	-0,234739
19,840000	0,143698	-0,218964
19,850000	0,122665	-0,208447
19,860000	0,106890	-0,187412
19,870000	0,085858	-0,166378
19,880000	0,070083	-0,150602
19,890000	0,054309	-0,134827
19,900000	0,033276	-0,119051
19,910000	0,017502	-0,103275
19,920000	0,001727	-0,087500
19,930000	-0,019305	-0,076983
19,940000	-0,035080	-0,061207
19,950000	-0,050854	-0,045431
19,960000	-0,066629	-0,034914
19,970000	-0,077145	-0,013880
19,980000	-0,092920	0,001896
19,990000	-0,113952	0,012413
