t (s)	U1(V)	U2(V)
0,000000	0,411864	-0,550253
0,010000	0,396089	-0,539736
0,020000	0,380315	-0,523960
0,030000	0,364540	-0,508185
0,040000	0,354024	-0,492409
0,050000	0,332991	-0,476633
0,060000	0,317217	-0,460858
0,070000	0,301442	-0,450340
0,080000	0,280410	-0,434565
0,090000	0,269894	-0,418789
0,100000	0,248861	-0,403013
0,110000	0,233086	-0,387238
0,120000	0,217312	-0,376721
0,130000	0,201537	-0,360945
0,140000	0,180505	-0,345169
0,150000	0,164730	-0,334652
0,160000	0,148956	-0,318876
0,170000	0,127923	-0,303101
0,180000	0,117407	-0,282066
0,190000	0,101632	-0,271549
0,200000	0,080600	-0,255774
0,210000	0,070083	-0,239998
0,220000	0,054309	-0,224222
0,230000	0,038534	-0,208447
0,240000	0,022760	-0,197929
0,250000	0,006985	-0,182154
0,260000	-0,003531	-0,166378
0,270000	-0,019305	-0,145344
0,280000	-0,035080	-0,134827
0,290000	-0,045596	-0,124310
0,300000	-0,061371	-0,108534
0,310000	-0,071887	-0,092758
0,320000	-0,082403	-0,076983
0,330000	-0,098178	-0,066465
0,340000	-0,108694	-0,050690
0,350000	-0,124469	-0,040173
0,360000	-0,134985	-0,024397
0,370000	-0,150759	-0,013880
0,380000	-0,156018	-0,003363
0,390000	-0,166534	0,007154
0,400000	-0,177050	0,022930
0,410000	-0,182308	0,028189
0,420000	-0,192825	0,038706
0,430000	-0,198083	0,049223
0,440000	-0,203341	0,059740
0,450000	-0,208599	0,064999
0,460000	-0,219116	0,070257
0,470000	-0,219116	0,080774
0,480000	-0,229632	0,080774
0,490000	-0,229632	0,091291
0,500000	-0,229632	0,091291
0,510000	-0,234890	0,096550
0,520000	-0,234890	0,101809
0,530000	-0,240148	0,101809
0,540000	-0,240148	0,107067
0,550000	-0,240148	0,112326
0,560000	-0,240148	0,107067
0,570000	-0,234890	0,112326
0,580000	-0,234890	0,107067
0,590000	-0,234890	0,107067
0,600000	-0,229632	0,107067
0,610000	-0,224374	0,112326
0,620000	-0,224374	0,107067
0,630000	-0,219116	0,107067
0,640000	-0,213857	0,101809
0,650000	-0,208599	0,096550
0,660000	-0,198083	0,096550
0,670000	-0,192825	0,091291
0,680000	-0,182308	0,086033
0,690000	-0,177050	0,080774
0,700000	-0,166534	0,075516
0,710000	-0,156018	0,070257
0,720000	-0,145501	0,064999
0,730000	-0,134985	0,054482
0,740000	-0,124469	0,043964
0,750000	-0,113952	0,033447
0,760000	-0,103436	0,022930
0,770000	-0,092920	0,012413
0,780000	-0,082403	0,001896
0,790000	-0,066629	-0,013880
0,800000	-0,050854	-0,029655
0,810000	-0,035080	-0,040173
0,820000	-0,024564	-0,050690
0,830000	-0,008789	-0,066465
0,840000	0,012244	-0,076983
0,850000	0,028018	-0,092758
0,860000	0,043793	-0,108534
0,870000	0,054309	-0,119051
0,880000	0,070083	-0,134827
0,890000	0,085858	-0,155861
0,900000	0,101632	-0,171637
0,910000	0,117407	-0,187412
0,920000	0,133181	-0,203188
0,930000	0,154214	-0,218964
0,940000	0,169988	-0,234739
0,950000	0,191021	-0,250515
0,960000	0,206796	-0,271549
0,970000	0,227828	-0,287325
0,980000	0,243603	-0,303101
0,990000	0,259377	-0,313618
1,000000	0,275152	-0,334652
1,010000	0,296184	-0,345169
1,020000	0,306701	-0,366203
1,030000	0,327733	-0,381979
1,040000	0,343508	-0,397755
1,050000	0,359282	-0,413531
1,060000	0,375057	-0,429306
1,070000	0,385573	-0,439823
1,080000	0,401348	-0,455599
1,090000	0,417122	-0,471375
1,100000	0,432897	-0,487150
1,110000	0,453929	-0,497668
1,120000	0,464445	-0,513443
1,130000	0,480220	-0,529219
1,140000	0,490736	-0,544995
1,150000	0,506511	-0,555512
1,160000	0,517027	-0,571287
1,170000	0,532802	-0,587063
1,180000	0,543318	-0,597580
1,190000	0,559092	-0,608097
1,200000	0,569609	-0,618614
1,210000	0,574867	-0,629132
1,220000	0,585383	-0,639649
1,230000	0,595900	-0,650166
1,240000	0,606416	-0,660683
1,250000	0,611674	-0,665942
1,260000	0,616932	-0,676459
1,270000	0,622190	-0,681717
1,280000	0,632707	-0,686976
1,290000	0,637965	-0,692234
1,300000	0,643223	-0,702751
1,310000	0,648481	-0,708010
1,320000	0,653739	-0,713269
1,330000	0,658997	-0,713269
1,340000	0,664256	-0,718527
1,350000	0,664256	-0,718527
1,360000	0,669514	-0,723786
1,370000	0,669514	-0,723786
1,380000	0,669514	-0,729044
1,390000	0,669514	-0,729044
1,400000	0,669514	-0,734303
1,410000	0,669514	-0,734303
1,420000	0,669514	-0,739561
1,430000	0,664256	-0,739561
1,440000	0,658997	-0,734303
1,450000	0,658997	-0,734303
1,460000	0,648481	-0,734303
1,470000	0,648481	-0,729044
1,480000	0,643223	-0,729044
1,490000	0,637965	-0,723786
1,500000	0,627448	-0,718527
1,510000	0,622190	-0,713269
1,520000	0,616932	-0,708010
1,530000	0,606416	-0,697493
1,540000	0,601158	-0,692234
1,550000	0,590641	-0,681717
1,560000	0,580125	-0,671200
1,570000	0,569609	-0,660683
1,580000	0,553834	-0,655424
1,590000	0,548576	-0,644907
1,600000	0,532802	-0,639649
1,610000	0,522285	-0,623873
1,620000	0,506511	-0,613356
1,630000	0,490736	-0,608097
1,640000	0,480220	-0,592322
1,650000	0,464445	-0,581805
1,660000	0,448671	-0,566029
1,670000	0,432897	-0,555512
1,680000	0,417122	-0,539736
1,690000	0,401348	-0,529219
1,700000	0,380315	-0,513443
1,710000	0,369799	-0,502926
1,720000	0,348766	-0,487150
1,730000	0,332991	-0,471375
1,740000	0,317217	-0,460858
1,750000	0,301442	-0,445082
1,760000	0,285668	-0,429306
1,770000	0,269894	-0,413531
1,780000	0,248861	-0,397755
1,790000	0,233086	-0,381979
1,800000	0,222570	-0,366203
1,810000	0,201537	-0,350428
1,820000	0,180505	-0,334652
1,830000	0,164730	-0,318876
1,840000	0,148956	-0,297842
1,850000	0,127923	-0,282066
1,860000	0,112149	-0,266291
1,870000	0,096374	-0,250515
1,880000	0,080600	-0,229481
1,890000	0,064825	-0,213705
1,900000	0,043793	-0,197929
1,910000	0,033276	-0,182154
1,920000	0,012244	-0,166378
1,930000	-0,003531	-0,155861
1,940000	-0,014047	-0,140085
1,950000	-0,035080	-0,124310
1,960000	-0,045596	-0,108534
1,970000	-0,061371	-0,092758
1,980000	-0,071887	-0,082241
1,990000	-0,087661	-0,066465
2,000000	-0,103436	-0,050690
2,010000	-0,113952	-0,040173
2,020000	-0,129727	-0,034914
2,030000	-0,140243	-0,019138
2,040000	-0,145501	-0,008621
2,050000	-0,156018	0,012413
2,060000	-0,166534	0,022930
2,070000	-0,177050	0,038706
2,080000	-0,182308	0,043964
2,090000	-0,198083	0,059740
2,100000	-0,203341	0,064999
2,110000	-0,208599	0,070257
2,120000	-0,213857	0,080774
2,130000	-0,219116	0,086033
2,140000	-0,229632	0,096550
2,150000	-0,229632	0,101809
2,160000	-0,234890	0,107067
2,170000	-0,240148	0,112326
2,180000	-0,245406	0,117584
2,190000	-0,245406	0,122843
2,200000	-0,245406	0,128101
2,210000	-0,250664	0,128101
2,220000	-0,250664	0,133360
2,230000	-0,250664	0,133360
2,240000	-0,250664	0,133360
2,250000	-0,245406	0,138619
2,260000	-0,245406	0,133360
2,270000	-0,240148	0,133360
2,280000	-0,240148	0,133360
2,290000	-0,234890	0,128101
2,300000	-0,234890	0,128101
2,310000	-0,229632	0,122843
2,320000	-0,219116	0,117584
2,330000	-0,213857	0,112326
2,340000	-0,213857	0,107067
2,350000	-0,203341	0,101809
2,360000	-0,198083	0,096550
2,370000	-0,187567	0,086033
2,380000	-0,177050	0,075516
2,390000	-0,166534	0,070257
2,400000	-0,161276	0,059740
2,410000	-0,145501	0,049223
2,420000	-0,134985	0,038706
2,430000	-0,124469	0,028189
2,440000	-0,108694	0,017672
2,450000	-0,098178	0,012413
2,460000	-0,087661	-0,003363
2,470000	-0,071887	-0,019138
2,480000	-0,061371	-0,029655
2,490000	-0,040338	-0,040173
2,500000	-0,029822	-0,050690
2,510000	-0,014047	-0,066465
2,520000	0,006985	-0,082241
2,530000	0,022760	-0,092758
2,540000	0,038534	-0,108534
2,550000	0,054309	-0,124310
2,560000	0,070083	-0,134827
2,570000	0,085858	-0,150602
2,580000	0,101632	-0,171637
2,590000	0,122665	-0,182154
2,600000	0,138439	-0,203188
2,610000	0,154214	-0,218964
2,620000	0,169988	-0,234739
2,630000	0,191021	-0,250515
2,640000	0,206796	-0,266291
2,650000	0,227828	-0,282066
2,660000	0,243603	-0,297842
2,670000	0,259377	-0,313618
2,680000	0,280410	-0,324135
2,690000	0,290926	-0,339911
2,700000	0,311959	-0,355686
2,710000	0,327733	-0,371462
2,720000	0,343508	-0,392496
2,730000	0,364540	-0,408272
2,740000	0,375057	-0,418789
2,750000	0,390831	-0,434565
2,760000	0,411864	-0,455599
2,770000	0,427638	-0,471375
2,780000	0,443413	-0,481892
2,790000	0,459187	-0,497668
2,800000	0,474962	-0,513443
2,810000	0,485478	-0,523960
2,820000	0,495994	-0,534477
2,830000	0,511769	-0,550253
2,840000	0,527543	-0,566029
2,850000	0,538060	-0,576546
2,860000	0,553834	-0,587063
2,870000	0,564351	-0,597580
2,880000	0,574867	-0,613356
2,890000	0,585383	-0,623873
2,900000	0,595900	-0,634390
2,910000	0,611674	-0,644907
2,920000	0,616932	-0,650166
2,930000	0,627448	-0,660683
2,940000	0,632707	-0,665942
2,950000	0,643223	-0,676459
2,960000	0,648481	-0,686976
2,970000	0,653739	-0,692234
2,980000	0,658997	-0,702751
2,990000	0,669514	-0,708010
3,000000	0,669514	-0,713269
3,010000	0,680030	-0,718527
3,020000	0,680030	-0,723786
3,030000	0,680030	-0,723786
3,040000	0,685288	-0,729044
3,050000	0,685288	-0,734303
3,060000	0,685288	-0,729044
3,070000	0,685288	-0,729044
3,080000	0,685288	-0,729044
3,090000	0,685288	-0,734303
3,100000	0,680030	-0,729044
3,110000	0,680030	-0,729044
3,120000	0,674772	-0,723786
3,130000	0,674772	-0,723786
3,140000	0,664256	-0,723786
3,150000	0,658997	-0,718527
3,160000	0,653739	-0,713269
3,170000	0,648481	-0,713269
3,180000	0,643223	-0,702751
3,190000	0,632707	-0,697493
3,200000	0,627448	-0,692234
3,210000	0,616932	-0,686976
3,220000	0,611674	-0,676459
3,230000	0,595900	-0,671200
3,240000	0,590641	-0,660683
3,250000	0,574867	-0,655424
3,260000	0,569609	-0,644907
3,270000	0,553834	-0,639649
3,280000	0,543318	-0,629132
3,290000	0,527543	-0,618614
3,300000	0,517027	-0,608097
3,310000	0,506511	-0,597580
3,320000	0,485478	-0,581805
3,330000	0,474962	-0,571287
3,340000	0,459187	-0,555512
3,350000	0,448671	-0,550253
3,360000	0,432897	-0,534477
3,370000	0,411864	-0,523960
3,380000	0,401348	-0,508185
3,390000	0,380315	-0,492409
3,400000	0,364540	-0,476633
3,410000	0,348766	-0,466116
3,420000	0,332991	-0,450340
3,430000	0,317217	-0,434565
3,440000	0,301442	-0,418789
3,450000	0,280410	-0,403013
3,460000	0,264635	-0,387238
3,470000	0,243603	-0,371462
3,480000	0,227828	-0,355686
3,490000	0,212054	-0,334652
3,500000	0,191021	-0,324135
3,510000	0,175247	-0,308359
3,520000	0,154214	-0,292584
3,530000	0,143698	-0,276808
3,540000	0,122665	-0,261032
3,550000	0,106890	-0,245257
3,560000	0,085858	-0,229481
3,570000	0,070083	-0,213705
3,580000	0,049051	-0,203188
3,590000	0,038534	-0,187412
3,600000	0,017502	-0,171637
3,610000	0,006985	-0,161120
3,620000	-0,014047	-0,140085
3,630000	-0,029822	-0,129568
3,640000	-0,045596	-0,113792
3,650000	-0,061371	-0,103275
3,660000	-0,077145	-0,092758
3,670000	-0,087661	-0,076983
3,680000	-0,098178	-0,066465
3,690000	-0,113952	-0,055948
3,700000	-0,124469	-0,040173
3,710000	-0,134985	-0,034914
3,720000	-0,145501	-0,019138
3,730000	-0,156018	-0,008621
3,740000	-0,166534	0,001896
3,750000	-0,177050	0,017672
3,760000	-0,187567	0,028189
3,770000	-0,192825	0,033447
3,780000	-0,203341	0,043964
3,790000	-0,208599	0,054482
3,800000	-0,219116	0,059740
3,810000	-0,224374	0,064999
3,820000	-0,234890	0,075516
3,830000	-0,234890	0,080774
3,840000	-0,240148	0,086033
3,850000	-0,250664	0,091291
3,860000	-0,245406	0,096550
3,870000	-0,250664	0,101809
3,880000	-0,250664	0,101809
3,890000	-0,255923	0,101809
3,900000	-0,255923	0,107067
3,910000	-0,255923	0,107067
3,920000	-0,255923	0,107067
3,930000	-0,255923	0,107067
3,940000	-0,250664	0,107067
3,950000	-0,250664	0,107067
3,960000	-0,245406	0,107067
3,970000	-0,240148	0,101809
3,980000	-0,234890	0,101809
3,990000	-0,234890	0,096550
4,000000	-0,229632	0,091291
4,010000	-0,219116	0,086033
4,020000	-0,213857	0,086033
4,030000	-0,208599	0,075516
4,040000	-0,198083	0,070257
4,050000	-0,192825	0,059740
4,060000	-0,182308	0,054482
4,070000	-0,171792	0,049223
4,080000	-0,161276	0,038706
4,090000	-0,150759	0,028189
4,100000	-0,140243	0,022930
4,110000	-0,129727	0,012413
4,120000	-0,119210	0,007154
4,130000	-0,103436	-0,008621
4,140000	-0,087661	-0,013880
4,150000	-0,077145	-0,029655
4,160000	-0,066629	-0,034914
4,170000	-0,050854	-0,050690
4,180000	-0,035080	-0,061207
4,190000	-0,019305	-0,071724
4,200000	0,001727	-0,087500
4,210000	0,017502	-0,098017
4,220000	0,033276	-0,119051
4,230000	0,049051	-0,134827
4,240000	0,064825	-0,150602
4,250000	0,080600	-0,166378
4,260000	0,101632	-0,182154
4,270000	0,117407	-0,192671
4,280000	0,133181	-0,213705
4,290000	0,148956	-0,224222
4,300000	0,164730	-0,234739
4,310000	0,180505	-0,250515
4,320000	0,201537	-0,271549
4,330000	0,212054	-0,287325
4,340000	0,233086	-0,303101
4,350000	0,254119	-0,318876
4,360000	0,269894	-0,334652
4,370000	0,285668	-0,345169
4,380000	0,306701	-0,360945
4,390000	0,322475	-0,376721
4,400000	0,338250	-0,392496
4,410000	0,354024	-0,403013
4,420000	0,369799	-0,418789
4,430000	0,390831	-0,434565
4,440000	0,406606	-0,450340
4,450000	0,422380	-0,466116
4,460000	0,438155	-0,481892
4,470000	0,453929	-0,502926
4,480000	0,464445	-0,513443
4,490000	0,474962	-0,523960
4,500000	0,490736	-0,539736
4,510000	0,506511	-0,550253
4,520000	0,522285	-0,560770
4,530000	0,532802	-0,576546
4,540000	0,548576	-0,587063
4,550000	0,559092	-0,597580
4,560000	0,569609	-0,602839
4,570000	0,585383	-0,618614
4,580000	0,590641	-0,623873
4,590000	0,606416	-0,634390
4,600000	0,616932	-0,644907
4,610000	0,627448	-0,655424
4,620000	0,637965	-0,660683
4,630000	0,637965	-0,665942
4,640000	0,648481	-0,681717
4,650000	0,658997	-0,686976
4,660000	0,664256	-0,692234
4,670000	0,669514	-0,697493
4,680000	0,674772	-0,702751
4,690000	0,680030	-0,708010
4,700000	0,685288	-0,708010
4,710000	0,685288	-0,708010
4,720000	0,690546	-0,713269
4,730000	0,695805	-0,713269
4,740000	0,690546	-0,713269
4,750000	0,695805	-0,713269
4,760000	0,690546	-0,713269
4,770000	0,690546	-0,708010
4,780000	0,690546	-0,713269
4,790000	0,685288	-0,708010
4,800000	0,680030	-0,708010
4,810000	0,680030	-0,702751
4,820000	0,680030	-0,697493
4,830000	0,674772	-0,697493
4,840000	0,664256	-0,692234
4,850000	0,658997	-0,686976
4,860000	0,653739	-0,681717
4,870000	0,643223	-0,676459
4,880000	0,632707	-0,671200
4,890000	0,627448	-0,671200
4,900000	0,616932	-0,660683
4,910000	0,606416	-0,655424
4,920000	0,595900	-0,644907
4,930000	0,580125	-0,639649
4,940000	0,574867	-0,634390
4,950000	0,564351	-0,623873
4,960000	0,548576	-0,613356
4,970000	0,538060	-0,597580
4,980000	0,522285	-0,587063
4,990000	0,511769	-0,576546
5,000000	0,495994	-0,566029
5,010000	0,480220	-0,555512
5,020000	0,464445	-0,544995
5,030000	0,448671	-0,534477
5,040000	0,432897	-0,523960
5,050000	0,417122	-0,508185
5,060000	0,401348	-0,492409
5,070000	0,385573	-0,476633
5,080000	0,369799	-0,460858
5,090000	0,354024	-0,450340
5,100000	0,338250	-0,434565
5,110000	0,317217	-0,413531
5,120000	0,301442	-0,397755
5,130000	0,285668	-0,387238
5,140000	0,269894	-0,366203
5,150000	0,248861	-0,350428
5,160000	0,233086	-0,334652
5,170000	0,212054	-0,318876
5,180000	0,196279	-0,297842
5,190000	0,175247	-0,282066
5,200000	0,159472	-0,266291
5,210000	0,143698	-0,250515
5,220000	0,122665	-0,234739
5,230000	0,106890	-0,218964
5,240000	0,091116	-0,203188
5,250000	0,075342	-0,192671
5,260000	0,059567	-0,176895
5,270000	0,038534	-0,161120
5,280000	0,022760	-0,150602
5,290000	0,006985	-0,134827
5,300000	-0,014047	-0,124310
5,310000	-0,024564	-0,108534
5,320000	-0,045596	-0,092758
5,330000	-0,056113	-0,082241
5,340000	-0,071887	-0,066465
5,350000	-0,087661	-0,050690
5,360000	-0,098178	-0,045431
5,370000	-0,113952	-0,029655
5,380000	-0,124469	-0,019138
5,390000	-0,140243	-0,003363
5,400000	-0,145501	0,007154
5,410000	-0,161276	0,017672
5,420000	-0,171792	0,022930
5,430000	-0,182308	0,033447
5,440000	-0,192825	0,043964
5,450000	-0,198083	0,054482
5,460000	-0,208599	0,059740
5,470000	-0,219116	0,070257
5,480000	-0,224374	0,075516
5,490000	-0,234890	0,086033
5,500000	-0,234890	0,096550
5,510000	-0,240148	0,096550
5,520000	-0,250664	0,107067
5,530000	-0,250664	0,107067
5,540000	-0,255923	0,112326
5,550000	-0,261181	0,112326
5,560000	-0,261181	0,117584
5,570000	-0,261181	0,117584
5,580000	-0,266439	0,117584
5,590000	-0,266439	0,117584
5,600000	-0,261181	0,117584
5,610000	-0,261181	0,117584
5,620000	-0,261181	0,117584
5,630000	-0,261181	0,112326
5,640000	-0,255923	0,107067
5,650000	-0,250664	0,101809
5,660000	-0,250664	0,096550
5,670000	-0,245406	0,096550
5,680000	-0,240148	0,091291
5,690000	-0,234890	0,086033
5,700000	-0,224374	0,080774
5,710000	-0,219116	0,070257
5,720000	-0,213857	0,064999
5,730000	-0,203341	0,059740
5,740000	-0,192825	0,049223
5,750000	-0,182308	0,038706
5,760000	-0,171792	0,028189
5,770000	-0,166534	0,017672
5,780000	-0,150759	0,007154
5,790000	-0,140243	-0,003363
5,800000	-0,129727	-0,013880
5,810000	-0,119210	-0,024397
5,820000	-0,103436	-0,034914
5,830000	-0,092920	-0,045431
5,840000	-0,077145	-0,061207
5,850000	-0,061371	-0,071724
5,860000	-0,050854	-0,087500
5,870000	-0,035080	-0,098017
5,880000	-0,014047	-0,113792
5,890000	0,001727	-0,129568
5,900000	0,017502	-0,140085
5,910000	0,033276	-0,155861
5,920000	0,054309	-0,171637
5,930000	0,070083	-0,187412
5,940000	0,085858	-0,203188
5,950000	0,101632	-0,218964
5,960000	0,117407	-0,234739
5,970000	0,138439	-0,250515
5,980000	0,154214	-0,266291
5,990000	0,175247	-0,282066
6,000000	0,191021	-0,292584
6,010000	0,212054	-0,308359
6,020000	0,227828	-0,324135
6,030000	0,243603	-0,339911
6,040000	0,264635	-0,355686
6,050000	0,280410	-0,371462
6,060000	0,296184	-0,387238
6,070000	0,317217	-0,403013
6,080000	0,332991	-0,408272
6,090000	0,348766	-0,424048
6,100000	0,369799	-0,434565
6,110000	0,385573	-0,450340
6,120000	0,401348	-0,460858
6,130000	0,417122	-0,481892
6,140000	0,432897	-0,492409
6,150000	0,448671	-0,508185
6,160000	0,464445	-0,513443
6,170000	0,480220	-0,534477
6,180000	0,495994	-0,544995
6,190000	0,506511	-0,555512
6,200000	0,522285	-0,566029
6,210000	0,538060	-0,576546
6,220000	0,548576	-0,592322
6,230000	0,564351	-0,602839
6,240000	0,574867	-0,613356
6,250000	0,585383	-0,623873
6,260000	0,595900	-0,634390
6,270000	0,606416	-0,644907
6,280000	0,616932	-0,650166
6,290000	0,627448	-0,660683
6,300000	0,632707	-0,665942
6,310000	0,637965	-0,676459
6,320000	0,648481	-0,681717
6,330000	0,653739	-0,686976
6,340000	0,658997	-0,692234
6,350000	0,664256	-0,697493
6,360000	0,674772	-0,697493
6,370000	0,674772	-0,702751
6,380000	0,685288	-0,708010
6,390000	0,685288	-0,708010
6,400000	0,685288	-0,713269
6,410000	0,690546	-0,713269
6,420000	0,690546	-0,713269
6,430000	0,690546	-0,718527
6,440000	0,695805	-0,713269
6,450000	0,695805	-0,713269
6,460000	0,690546	-0,708010
6,470000	0,690546	-0,708010
6,480000	0,685288	-0,702751
6,490000	0,685288	-0,697493
6,500000	0,680030	-0,692234
6,510000	0,674772	-0,686976
6,520000	0,664256	-0,681717
6,530000	0,658997	-0,676459
6,540000	0,653739	-0,671200
6,550000	0,643223	-0,665942
6,560000	0,637965	-0,655424
6,570000	0,632707	-0,655424
6,580000	0,622190	-0,644907
6,590000	0,611674	-0,634390
6,600000	0,601158	-0,623873
6,610000	0,590641	-0,618614
6,620000	0,580125	-0,608097
6,630000	0,569609	-0,597580
6,640000	0,559092	-0,592322
6,650000	0,548576	-0,581805
6,660000	0,532802	-0,571287
6,670000	0,517027	-0,560770
6,680000	0,506511	-0,550253
6,690000	0,490736	-0,539736
6,700000	0,474962	-0,529219
6,710000	0,459187	-0,518702
6,720000	0,443413	-0,502926
6,730000	0,432897	-0,487150
6,740000	0,417122	-0,476633
6,750000	0,401348	-0,460858
6,760000	0,380315	-0,445082
6,770000	0,364540	-0,429306
6,780000	0,343508	-0,418789
6,790000	0,327733	-0,408272
6,800000	0,311959	-0,392496
6,810000	0,290926	-0,376721
6,820000	0,275152	-0,366203
6,830000	0,259377	-0,350428
6,840000	0,238345	-0,339911
6,850000	0,222570	-0,318876
6,860000	0,206796	-0,308359
6,870000	0,185763	-0,292584
6,880000	0,169988	-0,276808
6,890000	0,154214	-0,266291
6,900000	0,133181	-0,245257
6,910000	0,117407	-0,234739
6,920000	0,101632	-0,218964
6,930000	0,085858	-0,203188
6,940000	0,064825	-0,187412
6,950000	0,049051	-0,171637
6,960000	0,033276	-0,161120
6,970000	0,017502	-0,145344
6,980000	0,001727	-0,129568
6,990000	-0,014047	-0,113792
7,000000	-0,029822	-0,103275
7,010000	-0,045596	-0,087500
7,020000	-0,061371	-0,076983
7,030000	-0,071887	-0,066465
7,040000	-0,087661	-0,050690
7,050000	-0,103436	-0,040173
7,060000	-0,108694	-0,029655
7,070000	-0,129727	-0,019138
7,080000	-0,134985	0,001896
7,090000	-0,150759	0,012413
7,100000	-0,161276	0,017672
7,110000	-0,171792	0,028189
7,120000	-0,182308	0,038706
7,130000	-0,192825	0,043964
7,140000	-0,198083	0,054482
7,150000	-0,208599	0,059740
7,160000	-0,213857	0,070257
7,170000	-0,219116	0,075516
7,180000	-0,229632	0,086033
7,190000	-0,234890	0,086033
7,200000	-0,240148	0,091291
7,210000	-0,245406	0,096550
7,220000	-0,245406	0,101809
7,230000	-0,250664	0,101809
7,240000	-0,250664	0,107067
7,250000	-0,255923	0,112326
7,260000	-0,255923	0,107067
7,270000	-0,255923	0,107067
7,280000	-0,255923	0,107067
7,290000	-0,255923	0,107067
7,300000	-0,255923	0,101809
7,310000	-0,250664	0,096550
7,320000	-0,250664	0,096550
7,330000	-0,250664	0,091291
7,340000	-0,245406	0,086033
7,350000	-0,240148	0,086033
7,360000	-0,234890	0,080774
7,370000	-0,229632	0,075516
7,380000	-0,224374	0,064999
7,390000	-0,213857	0,059740
7,400000	-0,208599	0,054482
7,410000	-0,203341	0,049223
7,420000	-0,192825	0,033447
7,430000	-0,182308	0,028189
7,440000	-0,177050	0,022930
7,450000	-0,166534	0,012413
7,460000	-0,150759	0,001896
7,470000	-0,140243	-0,013880
7,480000	-0,129727	-0,024397
7,490000	-0,119210	-0,040173
7,500000	-0,108694	-0,045431
7,510000	-0,092920	-0,061207
7,520000	-0,082403	-0,076983
7,530000	-0,066629	-0,087500
7,540000	-0,050854	-0,098017
7,550000	-0,040338	-0,113792
7,560000	-0,024564	-0,124310
7,570000	-0,008789	-0,140085
7,580000	0,012244	-0,150602
7,590000	0,028018	-0,166378
7,600000	0,043793	-0,176895
7,610000	0,059567	-0,192671
7,620000	0,075342	-0,208447
7,630000	0,091116	-0,224222
7,640000	0,106890	-0,239998
7,650000	0,127923	-0,255774
7,660000	0,143698	-0,271549
7,670000	0,159472	-0,287325
7,680000	0,180505	-0,303101
7,690000	0,196279	-0,318876
7,700000	0,217312	-0,334652
7,710000	0,233086	-0,350428
7,720000	0,254119	-0,360945
7,730000	0,269894	-0,376721
7,740000	0,290926	-0,392496
7,750000	0,301442	-0,408272
7,760000	0,322475	-0,424048
7,770000	0,338250	-0,439823
7,780000	0,354024	-0,450340
7,790000	0,369799	-0,466116
7,800000	0,385573	-0,481892
7,810000	0,406606	-0,492409
7,820000	0,422380	-0,508185
7,830000	0,438155	-0,518702
7,840000	0,453929	-0,534477
7,850000	0,464445	-0,544995
7,860000	0,480220	-0,560770
7,870000	0,495994	-0,571287
7,880000	0,506511	-0,581805
7,890000	0,527543	-0,592322
7,900000	0,538060	-0,602839
7,910000	0,553834	-0,618614
7,920000	0,564351	-0,629132
7,930000	0,574867	-0,639649
7,940000	0,585383	-0,650166
7,950000	0,595900	-0,655424
7,960000	0,606416	-0,671200
7,970000	0,616932	-0,676459
7,980000	0,627448	-0,681717
7,990000	0,637965	-0,692234
8,000000	0,643223	-0,697493
8,010000	0,643223	-0,702751
8,020000	0,653739	-0,708010
8,030000	0,658997	-0,713269
8,040000	0,664256	-0,713269
8,050000	0,669514	-0,713269
8,060000	0,674772	-0,718527
8,070000	0,680030	-0,718527
8,080000	0,685288	-0,723786
8,090000	0,685288	-0,723786
8,100000	0,685288	-0,723786
8,110000	0,685288	-0,718527
8,120000	0,685288	-0,718527
8,130000	0,685288	-0,718527
8,140000	0,685288	-0,718527
8,150000	0,685288	-0,713269
8,160000	0,680030	-0,708010
8,170000	0,680030	-0,708010
8,180000	0,674772	-0,702751
8,190000	0,669514	-0,702751
8,200000	0,664256	-0,692234
8,210000	0,658997	-0,686976
8,220000	0,653739	-0,681717
8,230000	0,648481	-0,676459
8,240000	0,637965	-0,665942
8,250000	0,632707	-0,655424
8,260000	0,622190	-0,650166
8,270000	0,611674	-0,639649
8,280000	0,606416	-0,629132
8,290000	0,590641	-0,623873
8,300000	0,580125	-0,613356
8,310000	0,569609	-0,602839
8,320000	0,559092	-0,592322
8,330000	0,543318	-0,587063
8,340000	0,532802	-0,571287
8,350000	0,517027	-0,560770
8,360000	0,506511	-0,544995
8,370000	0,490736	-0,534477
8,380000	0,480220	-0,518702
8,390000	0,464445	-0,508185
8,400000	0,453929	-0,492409
8,410000	0,438155	-0,481892
8,420000	0,417122	-0,466116
8,430000	0,401348	-0,455599
8,440000	0,385573	-0,434565
8,450000	0,369799	-0,418789
8,460000	0,354024	-0,408272
8,470000	0,338250	-0,387238
8,480000	0,317217	-0,371462
8,490000	0,301442	-0,355686
8,500000	0,285668	-0,345169
8,510000	0,269894	-0,329394
8,520000	0,254119	-0,313618
8,530000	0,233086	-0,297842
8,540000	0,217312	-0,282066
8,550000	0,201537	-0,271549
8,560000	0,180505	-0,255774
8,570000	0,164730	-0,234739
8,580000	0,143698	-0,224222
8,590000	0,127923	-0,213705
8,600000	0,112149	-0,192671
8,610000	0,096374	-0,182154
8,620000	0,080600	-0,171637
8,630000	0,059567	-0,155861
8,640000	0,049051	-0,145344
8,650000	0,028018	-0,129568
8,660000	0,017502	-0,113792
8,670000	0,001727	-0,103275
8,680000	-0,019305	-0,087500
8,690000	-0,035080	-0,076983
8,700000	-0,050854	-0,066465
8,710000	-0,066629	-0,055948
8,720000	-0,071887	-0,045431
8,730000	-0,092920	-0,029655
8,740000	-0,103436	-0,019138
8,750000	-0,119210	-0,008621
8,760000	-0,129727	0,001896
8,770000	-0,140243	0,017672
8,780000	-0,150759	0,028189
8,790000	-0,161276	0,033447
8,800000	-0,171792	0,043964
8,810000	-0,182308	0,049223
8,820000	-0,192825	0,059740
8,830000	-0,203341	0,064999
8,840000	-0,208599	0,070257
8,850000	-0,219116	0,080774
8,860000	-0,224374	0,080774
8,870000	-0,229632	0,086033
8,880000	-0,234890	0,091291
8,890000	-0,240148	0,091291
8,900000	-0,245406	0,096550
8,910000	-0,245406	0,101809
8,920000	-0,250664	0,101809
8,930000	-0,255923	0,101809
8,940000	-0,255923	0,101809
8,950000	-0,255923	0,107067
8,960000	-0,255923	0,101809
8,970000	-0,255923	0,107067
8,980000	-0,255923	0,101809
8,990000	-0,255923	0,101809
9,000000	-0,250664	0,096550
9,010000	-0,245406	0,091291
9,020000	-0,245406	0,086033
9,030000	-0,240148	0,080774
9,040000	-0,234890	0,070257
9,050000	-0,229632	0,064999
9,060000	-0,219116	0,059740
9,070000	-0,219116	0,054482
9,080000	-0,208599	0,043964
9,090000	-0,203341	0,038706
9,100000	-0,192825	0,028189
9,110000	-0,187567	0,017672
9,120000	-0,177050	0,007154
9,130000	-0,166534	-0,008621
9,140000	-0,156018	-0,013880
9,150000	-0,145501	-0,029655
9,160000	-0,134985	-0,040173
9,170000	-0,119210	-0,050690
9,180000	-0,108694	-0,061207
9,190000	-0,098178	-0,071724
9,200000	-0,082403	-0,082241
9,210000	-0,066629	-0,098017
9,220000	-0,050854	-0,108534
9,230000	-0,035080	-0,124310
9,240000	-0,024564	-0,134827
9,250000	-0,008789	-0,145344
9,260000	0,006985	-0,161120
9,270000	0,022760	-0,176895
9,280000	0,038534	-0,187412
9,290000	0,054309	-0,203188
9,300000	0,075342	-0,218964
9,310000	0,091116	-0,234739
9,320000	0,112149	-0,255774
9,330000	0,122665	-0,271549
9,340000	0,143698	-0,287325
9,350000	0,159472	-0,303101
9,360000	0,175247	-0,318876
9,370000	0,191021	-0,334652
9,380000	0,206796	-0,350428
9,390000	0,227828	-0,366203
9,400000	0,243603	-0,381979
9,410000	0,264635	-0,397755
9,420000	0,280410	-0,413531
9,430000	0,296184	-0,429306
9,440000	0,311959	-0,445082
9,450000	0,332991	-0,455599
9,460000	0,348766	-0,471375
9,470000	0,364540	-0,487150
9,480000	0,380315	-0,497668
9,490000	0,396089	-0,513443
9,500000	0,411864	-0,523960
9,510000	0,427638	-0,534477
9,520000	0,438155	-0,550253
9,530000	0,453929	-0,560770
9,540000	0,464445	-0,571287
9,550000	0,480220	-0,587063
9,560000	0,495994	-0,597580
9,570000	0,511769	-0,608097
9,580000	0,522285	-0,618614
9,590000	0,532802	-0,623873
9,600000	0,543318	-0,634390
9,610000	0,553834	-0,639649
9,620000	0,569609	-0,644907
9,630000	0,574867	-0,660683
9,640000	0,585383	-0,660683
9,650000	0,595900	-0,671200
9,660000	0,606416	-0,681717
9,670000	0,616932	-0,686976
9,680000	0,622190	-0,692234
9,690000	0,632707	-0,702751
9,700000	0,643223	-0,708010
9,710000	0,648481	-0,713269
9,720000	0,648481	-0,718527
9,730000	0,658997	-0,718527
9,740000	0,658997	-0,723786
9,750000	0,664256	-0,723786
9,760000	0,669514	-0,723786
9,770000	0,674772	-0,729044
9,780000	0,674772	-0,729044
9,790000	0,674772	-0,734303
9,800000	0,674772	-0,723786
9,810000	0,674772	-0,723786
9,820000	0,674772	-0,723786
9,830000	0,674772	-0,718527
9,840000	0,674772	-0,713269
9,850000	0,669514	-0,708010
9,860000	0,669514	-0,702751
9,870000	0,664256	-0,697493
9,880000	0,658997	-0,692234
9,890000	0,648481	-0,681717
9,900000	0,648481	-0,681717
9,910000	0,637965	-0,671200
9,920000	0,632707	-0,665942
9,930000	0,622190	-0,660683
9,940000	0,616932	-0,650166
9,950000	0,606416	-0,644907
9,960000	0,601158	-0,629132
9,970000	0,590641	-0,623873
9,980000	0,574867	-0,613356
9,990000	0,569609	-0,602839
10,000000	0,559092	-0,592322
10,010000	0,543318	-0,576546
10,020000	0,532802	-0,566029
10,030000	0,517027	-0,550253
10,040000	0,506511	-0,544995
10,050000	0,490736	-0,529219
10,060000	0,474962	-0,513443
10,070000	0,464445	-0,497668
10,080000	0,453929	-0,487150
10,090000	0,432897	-0,476633
10,100000	0,422380	-0,466116
10,110000	0,406606	-0,450340
10,120000	0,385573	-0,434565
10,130000	0,369799	-0,418789
10,140000	0,354024	-0,403013
10,150000	0,338250	-0,387238
10,160000	0,322475	-0,371462
10,170000	0,306701	-0,355686
10,180000	0,290926	-0,339911
10,190000	0,269894	-0,318876
10,200000	0,254119	-0,303101
10,210000	0,238345	-0,287325
10,220000	0,217312	-0,271549
10,230000	0,201537	-0,255774
10,240000	0,191021	-0,245257
10,250000	0,169988	-0,229481
10,260000	0,154214	-0,213705
10,270000	0,133181	-0,197929
10,280000	0,117407	-0,182154
10,290000	0,101632	-0,166378
10,300000	0,085858	-0,150602
10,310000	0,070083	-0,140085
10,320000	0,054309	-0,124310
10,330000	0,038534	-0,108534
10,340000	0,022760	-0,098017
10,350000	0,006985	-0,082241
10,360000	-0,008789	-0,071724
10,370000	-0,024564	-0,061207
10,380000	-0,040338	-0,050690
10,390000	-0,050854	-0,040173
10,400000	-0,066629	-0,024397
10,410000	-0,082403	-0,013880
10,420000	-0,092920	0,001896
10,430000	-0,103436	0,012413
10,440000	-0,119210	0,022930
10,450000	-0,129727	0,033447
10,460000	-0,140243	0,038706
10,470000	-0,150759	0,049223
10,480000	-0,161276	0,054482
10,490000	-0,166534	0,064999
10,500000	-0,177050	0,070257
10,510000	-0,187567	0,075516
10,520000	-0,192825	0,080774
10,530000	-0,198083	0,086033
10,540000	-0,208599	0,091291
10,550000	-0,213857	0,096550
10,560000	-0,224374	0,096550
10,570000	-0,224374	0,101809
10,580000	-0,229632	0,107067
10,590000	-0,234890	0,107067
10,600000	-0,234890	0,107067
10,610000	-0,240148	0,107067
10,620000	-0,240148	0,107067
10,630000	-0,240148	0,107067
10,640000	-0,245406	0,107067
10,650000	-0,245406	0,101809
10,660000	-0,245406	0,101809
10,670000	-0,240148	0,096550
10,680000	-0,240148	0,096550
10,690000	-0,234890	0,086033
10,700000	-0,234890	0,080774
10,710000	-0,229632	0,075516
10,720000	-0,224374	0,075516
10,730000	-0,219116	0,070257
10,740000	-0,208599	0,059740
10,750000	-0,203341	0,054482
10,760000	-0,198083	0,043964
10,770000	-0,192825	0,038706
10,780000	-0,182308	0,028189
10,790000	-0,177050	0,017672
10,800000	-0,161276	0,007154
10,810000	-0,156018	-0,008621
10,820000	-0,145501	-0,019138
10,830000	-0,134985	-0,029655
10,840000	-0,124469	-0,040173
10,850000	-0,113952	-0,055948
10,860000	-0,103436	-0,071724
10,870000	-0,087661	-0,082241
10,880000	-0,077145	-0,098017
10,890000	-0,061371	-0,108534
10,900000	-0,045596	-0,124310
10,910000	-0,029822	-0,134827
10,920000	-0,019305	-0,150602
10,930000	-0,003531	-0,166378
10,940000	0,012244	-0,182154
10,950000	0,028018	-0,197929
10,960000	0,038534	-0,213705
10,970000	0,059567	-0,224222
10,980000	0,070083	-0,239998
10,990000	0,091116	-0,255774
11,000000	0,106890	-0,271549
11,010000	0,122665	-0,287325
11,020000	0,143698	-0,303101
11,030000	0,159472	-0,318876
11,040000	0,175247	-0,334652
11,050000	0,191021	-0,355686
11,060000	0,206796	-0,371462
11,070000	0,227828	-0,387238
11,080000	0,243603	-0,403013
11,090000	0,259377	-0,418789
11,100000	0,275152	-0,434565
11,110000	0,296184	-0,450340
11,120000	0,306701	-0,471375
11,130000	0,322475	-0,487150
11,140000	0,338250	-0,497668
11,150000	0,354024	-0,513443
11,160000	0,369799	-0,529219
11,170000	0,385573	-0,534477
11,180000	0,406606	-0,550253
11,190000	0,417122	-0,566029
11,200000	0,432897	-0,576546
11,210000	0,448671	-0,587063
11,220000	0,459187	-0,602839
11,230000	0,474962	-0,613356
11,240000	0,485478	-0,623873
11,250000	0,501253	-0,634390
11,260000	0,511769	-0,644907
11,270000	0,527543	-0,655424
11,280000	0,538060	-0,665942
11,290000	0,548576	-0,671200
11,300000	0,559092	-0,681717
11,310000	0,574867	-0,686976
11,320000	0,585383	-0,692234
11,330000	0,590641	-0,702751
11,340000	0,601158	-0,708010
11,350000	0,606416	-0,718527
11,360000	0,616932	-0,723786
11,370000	0,622190	-0,729044
11,380000	0,632707	-0,734303
11,390000	0,637965	-0,739561
11,400000	0,643223	-0,739561
11,410000	0,648481	-0,739561
11,420000	0,653739	-0,744820
11,430000	0,653739	-0,744820
11,440000	0,658997	-0,744820
11,450000	0,658997	-0,744820
11,460000	0,658997	-0,744820
11,470000	0,664256	-0,744820
11,480000	0,664256	-0,744820
11,490000	0,664256	-0,739561
11,500000	0,664256	-0,734303
11,510000	0,664256	-0,729044
11,520000	0,664256	-0,723786
11,530000	0,653739	-0,718527
11,540000	0,653739	-0,708010
11,550000	0,648481	-0,697493
11,560000	0,648481	-0,697493
11,570000	0,637965	-0,686976
11,580000	0,632707	-0,676459
11,590000	0,627448	-0,671200
11,600000	0,622190	-0,665942
11,610000	0,616932	-0,650166
11,620000	0,606416	-0,644907
11,630000	0,595900	-0,629132
11,640000	0,585383	-0,623873
11,650000	0,574867	-0,613356
11,660000	0,569609	-0,597580
11,670000	0,553834	-0,587063
11,680000	0,548576	-0,576546
11,690000	0,538060	-0,566029
11,700000	0,522285	-0,555512
11,710000	0,511769	-0,544995
11,720000	0,495994	-0,529219
11,730000	0,480220	-0,518702
11,740000	0,474962	-0,508185
11,750000	0,459187	-0,492409
11,760000	0,443413	-0,481892
11,770000	0,427638	-0,466116
11,780000	0,411864	-0,450340
11,790000	0,396089	-0,434565
11,800000	0,385573	-0,418789
11,810000	0,369799	-0,408272
11,820000	0,348766	-0,397755
11,830000	0,338250	-0,381979
11,840000	0,317217	-0,366203
11,850000	0,301442	-0,350428
11,860000	0,280410	-0,334652
11,870000	0,264635	-0,318876
11,880000	0,254119	-0,303101
11,890000	0,233086	-0,287325
11,900000	0,217312	-0,266291
11,910000	0,201537	-0,250515
11,920000	0,185763	-0,229481
11,930000	0,169988	-0,213705
11,940000	0,154214	-0,203188
11,950000	0,138439	-0,187412
11,960000	0,122665	-0,176895
11,970000	0,106890	-0,155861
11,980000	0,085858	-0,140085
11,990000	0,075342	-0,129568
12,000000	0,059567	-0,113792
12,010000	0,043793	-0,103275
12,020000	0,028018	-0,087500
12,030000	0,012244	-0,071724
12,040000	-0,003531	-0,061207
12,050000	-0,019305	-0,050690
12,060000	-0,035080	-0,034914
12,070000	-0,045596	-0,024397
12,080000	-0,061371	-0,013880
12,090000	-0,071887	-0,008621
12,100000	-0,082403	0,007154
12,110000	-0,098178	0,017672
12,120000	-0,108694	0,028189
12,130000	-0,119210	0,038706
12,140000	-0,129727	0,049223
12,150000	-0,140243	0,059740
12,160000	-0,150759	0,064999
12,170000	-0,156018	0,075516
12,180000	-0,166534	0,086033
12,190000	-0,177050	0,091291
12,200000	-0,182308	0,101809
12,210000	-0,192825	0,101809
12,220000	-0,198083	0,107067
12,230000	-0,203341	0,112326
12,240000	-0,208599	0,112326
12,250000	-0,213857	0,117584
12,260000	-0,219116	0,122843
12,270000	-0,219116	0,122843
12,280000	-0,224374	0,122843
12,290000	-0,224374	0,122843
12,300000	-0,229632	0,122843
12,310000	-0,229632	0,122843
12,320000	-0,229632	0,117584
12,330000	-0,229632	0,122843
12,340000	-0,229632	0,122843
12,350000	-0,224374	0,117584
12,360000	-0,224374	0,117584
12,370000	-0,219116	0,112326
12,380000	-0,219116	0,112326
12,390000	-0,213857	0,107067
12,400000	-0,208599	0,096550
12,410000	-0,203341	0,091291
12,420000	-0,203341	0,086033
12,430000	-0,192825	0,075516
12,440000	-0,187567	0,064999
12,450000	-0,177050	0,054482
12,460000	-0,171792	0,043964
12,470000	-0,166534	0,033447
12,480000	-0,150759	0,022930
12,490000	-0,145501	0,017672
12,500000	-0,134985	0,007154
12,510000	-0,124469	-0,013880
12,520000	-0,113952	-0,024397
12,530000	-0,108694	-0,040173
12,540000	-0,092920	-0,050690
12,550000	-0,077145	-0,061207
12,560000	-0,071887	-0,076983
12,570000	-0,056113	-0,092758
12,580000	-0,040338	-0,103275
12,590000	-0,029822	-0,119051
12,600000	-0,014047	-0,129568
12,610000	0,001727	-0,145344
12,620000	0,017502	-0,161120
12,630000	0,033276	-0,176895
12,640000	0,054309	-0,192671
12,650000	0,064825	-0,208447
12,660000	0,080600	-0,224222
12,670000	0,096374	-0,239998
12,680000	0,117407	-0,255774
12,690000	0,127923	-0,271549
12,700000	0,148956	-0,282066
12,710000	0,164730	-0,303101
12,720000	0,180505	-0,318876
12,730000	0,196279	-0,339911
12,740000	0,212054	-0,355686
12,750000	0,233086	-0,371462
12,760000	0,248861	-0,392496
12,770000	0,264635	-0,403013
12,780000	0,280410	-0,424048
12,790000	0,296184	-0,439823
12,800000	0,311959	-0,455599
12,810000	0,327733	-0,471375
12,820000	0,343508	-0,487150
12,830000	0,359282	-0,497668
12,840000	0,369799	-0,513443
12,850000	0,390831	-0,529219
12,860000	0,401348	-0,544995
12,870000	0,417122	-0,560770
12,880000	0,432897	-0,571287
12,890000	0,448671	-0,587063
12,900000	0,459187	-0,597580
12,910000	0,474962	-0,613356
12,920000	0,485478	-0,623873
12,930000	0,501253	-0,634390
12,940000	0,511769	-0,644907
12,950000	0,522285	-0,655424
12,960000	0,532802	-0,665942
12,970000	0,548576	-0,681717
12,980000	0,553834	-0,692234
12,990000	0,564351	-0,697493
13,000000	0,574867	-0,708010
13,010000	0,580125	-0,718527
13,020000	0,590641	-0,723786
13,030000	0,601158	-0,729044
13,040000	0,606416	-0,739561
13,050000	0,611674	-0,744820
13,060000	0,616932	-0,744820
13,070000	0,627448	-0,750079
13,080000	0,627448	-0,755337
13,090000	0,632707	-0,760596
13,100000	0,637965	-0,760596
13,110000	0,643223	-0,760596
13,120000	0,643223	-0,765854
13,130000	0,648481	-0,760596
13,140000	0,648481	-0,760596
13,150000	0,653739	-0,760596
13,160000	0,648481	-0,760596
13,170000	0,653739	-0,755337
13,180000	0,648481	-0,750079
13,190000	0,648481	-0,750079
13,200000	0,648481	-0,744820
13,210000	0,643223	-0,739561
13,220000	0,637965	-0,739561
13,230000	0,632707	-0,729044
13,240000	0,627448	-0,723786
13,250000	0,627448	-0,718527
13,260000	0,616932	-0,708010
13,270000	0,611674	-0,697493
13,280000	0,606416	-0,692234
13,290000	0,601158	-0,681717
13,300000	0,590641	-0,671200
13,310000	0,580125	-0,665942
13,320000	0,574867	-0,650166
13,330000	0,564351	-0,639649
13,340000	0,553834	-0,623873
13,350000	0,548576	-0,618614
13,360000	0,538060	-0,602839
13,370000	0,522285	-0,592322
13,380000	0,511769	-0,576546
13,390000	0,501253	-0,566029
13,400000	0,485478	-0,550253
13,410000	0,474962	-0,539736
13,420000	0,459187	-0,523960
13,430000	0,443413	-0,513443
13,440000	0,432897	-0,497668
13,450000	0,417122	-0,481892
13,460000	0,401348	-0,466116
13,470000	0,385573	-0,450340
13,480000	0,369799	-0,434565
13,490000	0,354024	-0,418789
13,500000	0,338250	-0,397755
13,510000	0,322475	-0,381979
13,520000	0,306701	-0,366203
13,530000	0,290926	-0,345169
13,540000	0,275152	-0,329394
13,550000	0,259377	-0,313618
13,560000	0,248861	-0,297842
13,570000	0,233086	-0,282066
13,580000	0,212054	-0,261032
13,590000	0,196279	-0,250515
13,600000	0,180505	-0,229481
13,610000	0,164730	-0,213705
13,620000	0,148956	-0,197929
13,630000	0,133181	-0,182154
13,640000	0,117407	-0,166378
13,650000	0,101632	-0,150602
13,660000	0,085858	-0,140085
13,670000	0,070083	-0,124310
13,680000	0,054309	-0,108534
13,690000	0,038534	-0,092758
13,700000	0,028018	-0,076983
13,710000	0,012244	-0,066465
13,720000	-0,003531	-0,050690
13,730000	-0,014047	-0,040173
13,740000	-0,029822	-0,024397
13,750000	-0,045596	-0,013880
13,760000	-0,050854	0,001896
13,770000	-0,066629	0,017672
13,780000	-0,082403	0,028189
13,790000	-0,092920	0,038706
13,800000	-0,103436	0,049223
13,810000	-0,113952	0,059740
13,820000	-0,124469	0,064999
13,830000	-0,129727	0,075516
13,840000	-0,140243	0,080774
13,850000	-0,150759	0,091291
13,860000	-0,156018	0,096550
13,870000	-0,166534	0,101809
13,880000	-0,171792	0,112326
13,890000	-0,177050	0,117584
13,900000	-0,182308	0,122843
13,910000	-0,187567	0,122843
13,920000	-0,192825	0,133360
13,930000	-0,198083	0,133360
13,940000	-0,203341	0,133360
13,950000	-0,208599	0,138619
13,960000	-0,208599	0,138619
13,970000	-0,208599	0,143877
13,980000	-0,213857	0,143877
13,990000	-0,213857	0,138619
14,000000	-0,213857	0,138619
14,010000	-0,219116	0,138619
14,020000	-0,213857	0,138619
14,030000	-0,213857	0,138619
14,040000	-0,213857	0,128101
14,050000	-0,208599	0,128101
14,060000	-0,203341	0,122843
14,070000	-0,198083	0,112326
14,080000	-0,198083	0,107067
14,090000	-0,192825	0,101809
14,100000	-0,182308	0,091291
14,110000	-0,177050	0,080774
14,120000	-0,171792	0,070257
14,130000	-0,161276	0,064999
14,140000	-0,156018	0,054482
14,150000	-0,150759	0,043964
14,160000	-0,140243	0,033447
14,170000	-0,129727	0,022930
14,180000	-0,119210	0,012413
14,190000	-0,108694	-0,003363
14,200000	-0,098178	-0,019138
14,210000	-0,087661	-0,029655
14,220000	-0,077145	-0,045431
14,230000	-0,061371	-0,061207
14,240000	-0,050854	-0,071724
14,250000	-0,040338	-0,087500
14,260000	-0,029822	-0,103275
14,270000	-0,014047	-0,119051
14,280000	0,006985	-0,134827
14,290000	0,017502	-0,150602
14,300000	0,033276	-0,166378
14,310000	0,043793	-0,182154
14,320000	0,064825	-0,197929
14,330000	0,080600	-0,213705
14,340000	0,091116	-0,234739
14,350000	0,106890	-0,255774
14,360000	0,122665	-0,266291
14,370000	0,138439	-0,282066
14,380000	0,154214	-0,303101
14,390000	0,175247	-0,318876
14,400000	0,191021	-0,339911
14,410000	0,206796	-0,350428
14,420000	0,222570	-0,371462
14,430000	0,238345	-0,387238
14,440000	0,254119	-0,403013
14,450000	0,269894	-0,424048
14,460000	0,285668	-0,439823
14,470000	0,301442	-0,455599
14,480000	0,317217	-0,471375
14,490000	0,332991	-0,487150
14,500000	0,348766	-0,497668
14,510000	0,364540	-0,513443
14,520000	0,380315	-0,523960
14,530000	0,390831	-0,539736
14,540000	0,406606	-0,550253
14,550000	0,417122	-0,560770
14,560000	0,432897	-0,576546
14,570000	0,448671	-0,587063
14,580000	0,464445	-0,602839
14,590000	0,474962	-0,613356
14,600000	0,485478	-0,629132
14,610000	0,501253	-0,639649
14,620000	0,506511	-0,650166
14,630000	0,517027	-0,660683
14,640000	0,532802	-0,671200
14,650000	0,543318	-0,686976
14,660000	0,553834	-0,692234
14,670000	0,559092	-0,702751
14,680000	0,569609	-0,708010
14,690000	0,580125	-0,718527
14,700000	0,585383	-0,723786
14,710000	0,590641	-0,734303
14,720000	0,601158	-0,739561
14,730000	0,606416	-0,744820
14,740000	0,616932	-0,750079
14,750000	0,616932	-0,755337
14,760000	0,622190	-0,755337
14,770000	0,627448	-0,760596
14,780000	0,632707	-0,760596
14,790000	0,632707	-0,760596
14,800000	0,637965	-0,765854
14,810000	0,637965	-0,765854
14,820000	0,637965	-0,760596
14,830000	0,637965	-0,765854
14,840000	0,637965	-0,760596
14,850000	0,637965	-0,760596
14,860000	0,632707	-0,755337
14,870000	0,632707	-0,750079
14,880000	0,632707	-0,744820
14,890000	0,627448	-0,739561
14,900000	0,622190	-0,734303
14,910000	0,622190	-0,729044
14,920000	0,616932	-0,718527
14,930000	0,611674	-0,713269
14,940000	0,606416	-0,702751
14,950000	0,601158	-0,692234
14,960000	0,590641	-0,692234
14,970000	0,585383	-0,681717
14,980000	0,574867	-0,671200
14,990000	0,564351	-0,660683
15,000000	0,553834	-0,655424
15,010000	0,543318	-0,650166
15,020000	0,532802	-0,634390
15,030000	0,527543	-0,623873
15,040000	0,517027	-0,613356
15,050000	0,506511	-0,602839
15,060000	0,490736	-0,592322
15,070000	0,480220	-0,576546
15,080000	0,464445	-0,566029
15,090000	0,453929	-0,550253
15,100000	0,438155	-0,534477
15,110000	0,427638	-0,518702
15,120000	0,411864	-0,502926
15,130000	0,396089	-0,487150
15,140000	0,380315	-0,471375
15,150000	0,364540	-0,455599
15,160000	0,354024	-0,439823
15,170000	0,332991	-0,429306
15,180000	0,322475	-0,413531
15,190000	0,306701	-0,397755
15,200000	0,290926	-0,381979
15,210000	0,275152	-0,360945
15,220000	0,259377	-0,345169
15,230000	0,248861	-0,329394
15,240000	0,227828	-0,308359
15,250000	0,212054	-0,292584
15,260000	0,201537	-0,276808
15,270000	0,180505	-0,261032
15,280000	0,164730	-0,245257
15,290000	0,148956	-0,229481
15,300000	0,133181	-0,213705
15,310000	0,117407	-0,197929
15,320000	0,101632	-0,176895
15,330000	0,085858	-0,166378
15,340000	0,075342	-0,150602
15,350000	0,054309	-0,134827
15,360000	0,043793	-0,119051
15,370000	0,028018	-0,103275
15,380000	0,012244	-0,087500
15,390000	0,001727	-0,071724
15,400000	-0,019305	-0,055948
15,410000	-0,029822	-0,045431
15,420000	-0,040338	-0,029655
15,430000	-0,056113	-0,019138
15,440000	-0,066629	0,001896
15,450000	-0,077145	0,012413
15,460000	-0,092920	0,022930
15,470000	-0,098178	0,038706
15,480000	-0,108694	0,049223
15,490000	-0,119210	0,064999
15,500000	-0,129727	0,070257
15,510000	-0,134985	0,086033
15,520000	-0,145501	0,086033
15,530000	-0,150759	0,096550
15,540000	-0,156018	0,107067
15,550000	-0,166534	0,112326
15,560000	-0,171792	0,117584
15,570000	-0,182308	0,122843
15,580000	-0,187567	0,128101
15,590000	-0,192825	0,133360
15,600000	-0,198083	0,138619
15,610000	-0,198083	0,143877
15,620000	-0,198083	0,143877
15,630000	-0,203341	0,143877
15,640000	-0,203341	0,149136
15,650000	-0,203341	0,143877
15,660000	-0,203341	0,143877
15,670000	-0,198083	0,143877
15,680000	-0,203341	0,143877
15,690000	-0,203341	0,138619
15,700000	-0,203341	0,133360
15,710000	-0,198083	0,128101
15,720000	-0,198083	0,128101
15,730000	-0,192825	0,122843
15,740000	-0,187567	0,117584
15,750000	-0,187567	0,112326
15,760000	-0,182308	0,107067
15,770000	-0,177050	0,101809
15,780000	-0,171792	0,096550
15,790000	-0,166534	0,086033
15,800000	-0,156018	0,080774
15,810000	-0,150759	0,075516
15,820000	-0,140243	0,064999
15,830000	-0,134985	0,054482
15,840000	-0,129727	0,043964
15,850000	-0,119210	0,028189
15,860000	-0,108694	0,017672
15,870000	-0,098178	0,007154
15,880000	-0,082403	-0,008621
15,890000	-0,071887	-0,024397
15,900000	-0,061371	-0,034914
15,910000	-0,045596	-0,050690
15,920000	-0,035080	-0,066465
15,930000	-0,024564	-0,082241
15,940000	-0,008789	-0,098017
15,950000	0,006985	-0,108534
15,960000	0,022760	-0,129568
15,970000	0,038534	-0,145344
15,980000	0,049051	-0,161120
15,990000	0,059567	-0,176895
16,000000	0,075342	-0,192671
16,010000	0,091116	-0,208447
16,020000	0,106890	-0,218964
16,030000	0,122665	-0,239998
16,040000	0,138439	-0,255774
16,050000	0,154214	-0,271549
16,060000	0,164730	-0,292584
16,070000	0,180505	-0,308359
16,080000	0,201537	-0,324135
16,090000	0,212054	-0,345169
16,100000	0,233086	-0,360945
16,110000	0,248861	-0,381979
16,120000	0,259377	-0,392496
16,130000	0,275152	-0,413531
16,140000	0,290926	-0,429306
16,150000	0,306701	-0,439823
16,160000	0,322475	-0,455599
16,170000	0,338250	-0,471375
16,180000	0,354024	-0,487150
16,190000	0,364540	-0,502926
16,200000	0,380315	-0,513443
16,210000	0,396089	-0,529219
16,220000	0,406606	-0,544995
16,230000	0,422380	-0,566029
16,240000	0,438155	-0,576546
16,250000	0,448671	-0,592322
16,260000	0,459187	-0,608097
16,270000	0,474962	-0,618614
16,280000	0,485478	-0,629132
16,290000	0,495994	-0,639649
16,300000	0,511769	-0,650166
16,310000	0,522285	-0,660683
16,320000	0,532802	-0,671200
16,330000	0,538060	-0,681717
16,340000	0,548576	-0,686976
16,350000	0,559092	-0,692234
16,360000	0,564351	-0,702751
16,370000	0,574867	-0,708010
16,380000	0,580125	-0,713269
16,390000	0,590641	-0,718527
16,400000	0,595900	-0,723786
16,410000	0,601158	-0,729044
16,420000	0,606416	-0,734303
16,430000	0,611674	-0,739561
16,440000	0,616932	-0,739561
16,450000	0,622190	-0,744820
16,460000	0,622190	-0,750079
16,470000	0,627448	-0,755337
16,480000	0,627448	-0,760596
16,490000	0,627448	-0,760596
16,500000	0,632707	-0,760596
16,510000	0,632707	-0,760596
16,520000	0,627448	-0,760596
16,530000	0,627448	-0,755337
16,540000	0,627448	-0,755337
16,550000	0,622190	-0,755337
16,560000	0,622190	-0,755337
16,570000	0,616932	-0,750079
16,580000	0,616932	-0,744820
16,590000	0,606416	-0,739561
16,600000	0,606416	-0,734303
16,610000	0,601158	-0,729044
16,620000	0,590641	-0,718527
16,630000	0,585383	-0,713269
16,640000	0,574867	-0,702751
16,650000	0,569609	-0,697493
16,660000	0,564351	-0,692234
16,670000	0,553834	-0,686976
16,680000	0,543318	-0,671200
16,690000	0,538060	-0,665942
16,700000	0,522285	-0,655424
16,710000	0,511769	-0,639649
16,720000	0,501253	-0,629132
16,730000	0,485478	-0,613356
16,740000	0,474962	-0,602839
16,750000	0,464445	-0,587063
16,760000	0,453929	-0,576546
16,770000	0,438155	-0,566029
16,780000	0,427638	-0,550253
16,790000	0,411864	-0,534477
16,800000	0,396089	-0,518702
16,810000	0,385573	-0,502926
16,820000	0,369799	-0,487150
16,830000	0,354024	-0,471375
16,840000	0,338250	-0,460858
16,850000	0,322475	-0,439823
16,860000	0,306701	-0,424048
16,870000	0,290926	-0,408272
16,880000	0,280410	-0,392496
16,890000	0,259377	-0,376721
16,900000	0,248861	-0,355686
16,910000	0,233086	-0,339911
16,920000	0,217312	-0,324135
16,930000	0,196279	-0,303101
16,940000	0,180505	-0,287325
16,950000	0,164730	-0,271549
16,960000	0,148956	-0,250515
16,970000	0,133181	-0,229481
16,980000	0,122665	-0,213705
16,990000	0,106890	-0,197929
17,000000	0,091116	-0,176895
17,010000	0,075342	-0,161120
17,020000	0,064825	-0,145344
17,030000	0,049051	-0,129568
17,040000	0,033276	-0,113792
17,050000	0,017502	-0,098017
17,060000	0,006985	-0,082241
17,070000	-0,008789	-0,066465
17,080000	-0,024564	-0,050690
17,090000	-0,035080	-0,040173
17,100000	-0,045596	-0,019138
17,110000	-0,056113	-0,008621
17,120000	-0,071887	0,007154
17,130000	-0,082403	0,017672
17,140000	-0,092920	0,028189
17,150000	-0,103436	0,038706
17,160000	-0,113952	0,049223
17,170000	-0,124469	0,059740
17,180000	-0,129727	0,064999
17,190000	-0,134985	0,075516
17,200000	-0,150759	0,086033
17,210000	-0,156018	0,096550
17,220000	-0,166534	0,101809
17,230000	-0,171792	0,112326
17,240000	-0,177050	0,122843
17,250000	-0,182308	0,122843
17,260000	-0,187567	0,133360
17,270000	-0,192825	0,138619
17,280000	-0,198083	0,138619
17,290000	-0,203341	0,143877
17,300000	-0,203341	0,143877
17,310000	-0,208599	0,143877
17,320000	-0,208599	0,149136
17,330000	-0,208599	0,149136
17,340000	-0,208599	0,149136
17,350000	-0,208599	0,143877
17,360000	-0,208599	0,149136
17,370000	-0,208599	0,143877
17,380000	-0,203341	0,138619
17,390000	-0,198083	0,138619
17,400000	-0,198083	0,128101
17,410000	-0,192825	0,128101
17,420000	-0,187567	0,117584
17,430000	-0,182308	0,112326
17,440000	-0,177050	0,107067
17,450000	-0,177050	0,101809
17,460000	-0,166534	0,096550
17,470000	-0,161276	0,091291
17,480000	-0,156018	0,080774
17,490000	-0,145501	0,075516
17,500000	-0,134985	0,064999
17,510000	-0,129727	0,054482
17,520000	-0,113952	0,043964
17,530000	-0,103436	0,033447
17,540000	-0,098178	0,022930
17,550000	-0,082403	0,012413
17,560000	-0,071887	0,001896
17,570000	-0,061371	-0,013880
17,580000	-0,045596	-0,029655
17,590000	-0,040338	-0,045431
17,600000	-0,024564	-0,055948
17,610000	-0,014047	-0,066465
17,620000	0,006985	-0,087500
17,630000	0,022760	-0,098017
17,640000	0,033276	-0,113792
17,650000	0,043793	-0,124310
17,660000	0,059567	-0,140085
17,670000	0,075342	-0,155861
17,680000	0,096374	-0,171637
17,690000	0,106890	-0,187412
17,700000	0,122665	-0,203188
17,710000	0,138439	-0,218964
17,720000	0,154214	-0,234739
17,730000	0,169988	-0,255774
17,740000	0,191021	-0,271549
17,750000	0,206796	-0,287325
17,760000	0,217312	-0,303101
17,770000	0,238345	-0,318876
17,780000	0,248861	-0,339911
17,790000	0,264635	-0,355686
17,800000	0,280410	-0,371462
17,810000	0,290926	-0,392496
17,820000	0,311959	-0,408272
17,830000	0,327733	-0,424048
17,840000	0,338250	-0,439823
17,850000	0,359282	-0,460858
17,860000	0,369799	-0,476633
17,870000	0,380315	-0,492409
17,880000	0,396089	-0,508185
17,890000	0,411864	-0,529219
17,900000	0,427638	-0,544995
17,910000	0,438155	-0,555512
17,920000	0,453929	-0,571287
17,930000	0,464445	-0,587063
17,940000	0,480220	-0,602839
17,950000	0,490736	-0,613356
17,960000	0,501253	-0,629132
17,970000	0,511769	-0,639649
17,980000	0,522285	-0,650166
17,990000	0,538060	-0,660683
18,000000	0,543318	-0,671200
18,010000	0,553834	-0,681717
18,020000	0,564351	-0,697493
18,030000	0,574867	-0,702751
18,040000	0,580125	-0,708010
18,050000	0,585383	-0,723786
18,060000	0,595900	-0,729044
18,070000	0,601158	-0,734303
18,080000	0,606416	-0,744820
18,090000	0,611674	-0,750079
18,100000	0,616932	-0,755337
18,110000	0,622190	-0,760596
18,120000	0,622190	-0,765854
18,130000	0,622190	-0,771113
18,140000	0,627448	-0,771113
18,150000	0,632707	-0,776371
18,160000	0,632707	-0,776371
18,170000	0,632707	-0,776371
18,180000	0,632707	-0,776371
18,190000	0,632707	-0,776371
18,200000	0,632707	-0,776371
18,210000	0,632707	-0,776371
18,220000	0,632707	-0,771113
18,230000	0,627448	-0,771113
18,240000	0,622190	-0,765854
18,250000	0,616932	-0,765854
18,260000	0,616932	-0,755337
18,270000	0,606416	-0,750079
18,280000	0,601158	-0,744820
18,290000	0,601158	-0,739561
18,300000	0,590641	-0,734303
18,310000	0,585383	-0,729044
18,320000	0,574867	-0,718527
18,330000	0,569609	-0,713269
18,340000	0,559092	-0,702751
18,350000	0,548576	-0,692234
18,360000	0,538060	-0,681717
18,370000	0,527543	-0,676459
18,380000	0,517027	-0,660683
18,390000	0,506511	-0,655424
18,400000	0,495994	-0,639649
18,410000	0,485478	-0,629132
18,420000	0,474962	-0,618614
18,430000	0,459187	-0,602839
18,440000	0,443413	-0,587063
18,450000	0,432897	-0,571287
18,460000	0,417122	-0,555512
18,470000	0,406606	-0,544995
18,480000	0,390831	-0,529219
18,490000	0,375057	-0,513443
18,500000	0,359282	-0,497668
18,510000	0,343508	-0,481892
18,520000	0,327733	-0,466116
18,530000	0,311959	-0,450340
18,540000	0,296184	-0,434565
18,550000	0,285668	-0,418789
18,560000	0,264635	-0,397755
18,570000	0,254119	-0,381979
18,580000	0,238345	-0,366203
18,590000	0,222570	-0,350428
18,600000	0,201537	-0,334652
18,610000	0,185763	-0,313618
18,620000	0,175247	-0,297842
18,630000	0,154214	-0,282066
18,640000	0,138439	-0,266291
18,650000	0,127923	-0,245257
18,660000	0,112149	-0,229481
18,670000	0,096374	-0,213705
18,680000	0,080600	-0,197929
18,690000	0,064825	-0,182154
18,700000	0,049051	-0,166378
18,710000	0,033276	-0,150602
18,720000	0,022760	-0,129568
18,730000	0,006985	-0,119051
18,740000	-0,008789	-0,103275
18,750000	-0,024564	-0,087500
18,760000	-0,035080	-0,071724
18,770000	-0,050854	-0,055948
18,780000	-0,061371	-0,045431
18,790000	-0,077145	-0,029655
18,800000	-0,087661	-0,019138
18,810000	-0,098178	-0,008621
18,820000	-0,108694	0,007154
18,830000	-0,124469	0,012413
18,840000	-0,129727	0,022930
18,850000	-0,140243	0,028189
18,860000	-0,145501	0,043964
18,870000	-0,150759	0,049223
18,880000	-0,161276	0,059740
18,890000	-0,171792	0,064999
18,900000	-0,177050	0,075516
18,910000	-0,182308	0,080774
18,920000	-0,187567	0,091291
18,930000	-0,192825	0,096550
18,940000	-0,198083	0,101809
18,950000	-0,198083	0,107067
18,960000	-0,203341	0,112326
18,970000	-0,208599	0,117584
18,980000	-0,208599	0,122843
18,990000	-0,208599	0,128101
19,000000	-0,208599	0,128101
19,010000	-0,213857	0,128101
19,020000	-0,213857	0,128101
19,030000	-0,213857	0,128101
19,040000	-0,213857	0,128101
19,050000	-0,208599	0,128101
19,060000	-0,203341	0,122843
19,070000	-0,203341	0,122843
19,080000	-0,203341	0,117584
19,090000	-0,192825	0,112326
19,100000	-0,192825	0,107067
19,110000	-0,187567	0,101809
19,120000	-0,177050	0,101809
19,130000	-0,166534	0,096550
19,140000	-0,166534	0,086033
19,150000	-0,156018	0,080774
19,160000	-0,145501	0,070257
19,170000	-0,134985	0,064999
19,180000	-0,129727	0,054482
19,190000	-0,113952	0,049223
19,200000	-0,108694	0,038706
19,210000	-0,092920	0,033447
19,220000	-0,087661	0,022930
19,230000	-0,071887	0,012413
19,240000	-0,066629	-0,003363
19,250000	-0,050854	-0,013880
19,260000	-0,035080	-0,024397
19,270000	-0,024564	-0,040173
19,280000	-0,014047	-0,050690
19,290000	0,001727	-0,066465
19,300000	0,017502	-0,082241
19,310000	0,028018	-0,098017
19,320000	0,043793	-0,108534
19,330000	0,059567	-0,124310
19,340000	0,075342	-0,140085
19,350000	0,091116	-0,155861
19,360000	0,106890	-0,171637
19,370000	0,122665	-0,187412
19,380000	0,138439	-0,208447
19,390000	0,154214	-0,224222
19,400000	0,169988	-0,245257
19,410000	0,185763	-0,261032
19,420000	0,196279	-0,276808
19,430000	0,212054	-0,292584
19,440000	0,233086	-0,308359
19,450000	0,248861	-0,329394
19,460000	0,264635	-0,350428
19,470000	0,275152	-0,366203
19,480000	0,290926	-0,376721
19,490000	0,311959	-0,397755
19,500000	0,327733	-0,408272
19,510000	0,343508	-0,424048
19,520000	0,359282	-0,439823
19,530000	0,375057	-0,455599
19,540000	0,390831	-0,471375
19,550000	0,406606	-0,481892
19,560000	0,417122	-0,497668
19,570000	0,432897	-0,513443
19,580000	0,443413	-0,529219
19,590000	0,453929	-0,550253
19,600000	0,469704	-0,560770
19,610000	0,480220	-0,571287
19,620000	0,495994	-0,581805
19,630000	0,506511	-0,602839
19,640000	0,517027	-0,613356
19,650000	0,527543	-0,629132
19,660000	0,538060	-0,639649
19,670000	0,548576	-0,650166
19,680000	0,559092	-0,655424
19,690000	0,569609	-0,671200
19,700000	0,574867	-0,681717
19,710000	0,580125	-0,692234
19,720000	0,590641	-0,697493
19,730000	0,595900	-0,708010
19,740000	0,606416	-0,713269
19,750000	0,616932	-0,718527
19,760000	0,616932	-0,723786
19,770000	0,622190	-0,734303
19,780000	0,627448	-0,739561
19,790000	0,632707	-0,739561
19,800000	0,637965	-0,750079
19,810000	0,637965	-0,750079
19,820000	0,637965	-0,750079
19,830000	0,637965	-0,755337
19,840000	0,637965	-0,755337
19,850000	0,637965	-0,760596
19,860000	0,637965	-0,760596
19,870000	0,637965	-0,760596
19,880000	0,637965	-0,760596
19,890000	0,637965	-0,760596
19,900000	0,632707	-0,755337
19,910000	0,632707	-0,755337
19,920000	0,627448	-0,750079
19,930000	0,622190	-0,744820
19,940000	0,616932	-0,739561
19,950000	0,611674	-0,734303
19,960000	0,606416	-0,729044
19,970000	0,595900	-0,723786
19,980000	0,590641	-0,718527
19,990000	0,580125	-0,713269
