t (s)	U1(V)	U2(V)
0,000000	0,637965	-0,744820
0,010000	0,637965	-0,744820
0,020000	0,637965	-0,750079
0,030000	0,637965	-0,755337
0,040000	0,637965	-0,755337
0,050000	0,627448	-0,755337
0,060000	0,627448	-0,750079
0,070000	0,627448	-0,750079
0,080000	0,622190	-0,750079
0,090000	0,611674	-0,744820
0,100000	0,611674	-0,744820
0,110000	0,601158	-0,739561
0,120000	0,595900	-0,739561
0,130000	0,585383	-0,729044
0,140000	0,585383	-0,729044
0,150000	0,569609	-0,723786
0,160000	0,564351	-0,713269
0,170000	0,553834	-0,708010
0,180000	0,543318	-0,697493
0,190000	0,532802	-0,692234
0,200000	0,522285	-0,681717
0,210000	0,511769	-0,676459
0,220000	0,501253	-0,665942
0,230000	0,490736	-0,655424
0,240000	0,474962	-0,639649
0,250000	0,464445	-0,629132
0,260000	0,448671	-0,618614
0,270000	0,438155	-0,608097
0,280000	0,422380	-0,597580
0,290000	0,406606	-0,581805
0,300000	0,390831	-0,566029
0,310000	0,380315	-0,555512
0,320000	0,364540	-0,534477
0,330000	0,354024	-0,518702
0,340000	0,338250	-0,508185
0,350000	0,322475	-0,492409
0,360000	0,311959	-0,476633
0,370000	0,296184	-0,460858
0,380000	0,280410	-0,445082
0,390000	0,264635	-0,434565
0,400000	0,248861	-0,418789
0,410000	0,227828	-0,408272
0,420000	0,217312	-0,392496
0,430000	0,201537	-0,376721
0,440000	0,185763	-0,360945
0,450000	0,175247	-0,345169
0,460000	0,159472	-0,329394
0,470000	0,143698	-0,313618
0,480000	0,127923	-0,297842
0,490000	0,112149	-0,282066
0,500000	0,096374	-0,271549
0,510000	0,085858	-0,255774
0,520000	0,070083	-0,245257
0,530000	0,054309	-0,234739
0,540000	0,043793	-0,218964
0,550000	0,028018	-0,208447
0,560000	0,017502	-0,192671
0,570000	0,001727	-0,182154
0,580000	-0,008789	-0,171637
0,590000	-0,019305	-0,155861
0,600000	-0,029822	-0,145344
0,610000	-0,045596	-0,129568
0,620000	-0,056113	-0,119051
0,630000	-0,066629	-0,108534
0,640000	-0,077145	-0,098017
0,650000	-0,082403	-0,087500
0,660000	-0,092920	-0,082241
0,670000	-0,098178	-0,066465
0,680000	-0,108694	-0,061207
0,690000	-0,108694	-0,050690
0,700000	-0,119210	-0,045431
0,710000	-0,124469	-0,040173
0,720000	-0,129727	-0,034914
0,730000	-0,134985	-0,029655
0,740000	-0,134985	-0,024397
0,750000	-0,140243	-0,019138
0,760000	-0,140243	-0,013880
0,770000	-0,145501	-0,013880
0,780000	-0,145501	-0,008621
0,790000	-0,145501	-0,003363
0,800000	-0,145501	-0,003363
0,810000	-0,140243	-0,008621
0,820000	-0,140243	-0,008621
0,830000	-0,140243	-0,003363
0,840000	-0,140243	-0,003363
0,850000	-0,134985	-0,003363
0,860000	-0,129727	0,001896
0,870000	-0,129727	-0,008621
0,880000	-0,124469	-0,008621
0,890000	-0,119210	-0,008621
0,900000	-0,108694	-0,019138
0,910000	-0,108694	-0,019138
0,920000	-0,098178	-0,024397
0,930000	-0,092920	-0,029655
0,940000	-0,087661	-0,040173
0,950000	-0,077145	-0,045431
0,960000	-0,066629	-0,061207
0,970000	-0,056113	-0,066465
0,980000	-0,040338	-0,076983
0,990000	-0,035080	-0,087500
1,000000	-0,024564	-0,098017
1,010000	-0,014047	-0,108534
1,020000	0,006985	-0,119051
1,030000	0,017502	-0,129568
1,040000	0,028018	-0,140085
1,050000	0,043793	-0,150602
1,060000	0,059567	-0,155861
1,070000	0,070083	-0,171637
1,080000	0,085858	-0,187412
1,090000	0,101632	-0,197929
1,100000	0,106890	-0,213705
1,110000	0,127923	-0,229481
1,120000	0,143698	-0,245257
1,130000	0,159472	-0,250515
1,140000	0,169988	-0,266291
1,150000	0,185763	-0,282066
1,160000	0,201537	-0,297842
1,170000	0,217312	-0,313618
1,180000	0,227828	-0,329394
1,190000	0,248861	-0,345169
1,200000	0,259377	-0,360945
1,210000	0,275152	-0,376721
1,220000	0,296184	-0,387238
1,230000	0,311959	-0,403013
1,240000	0,322475	-0,418789
1,250000	0,338250	-0,434565
1,260000	0,354024	-0,450340
1,270000	0,369799	-0,460858
1,280000	0,385573	-0,471375
1,290000	0,401348	-0,492409
1,300000	0,417122	-0,502926
1,310000	0,432897	-0,513443
1,320000	0,448671	-0,529219
1,330000	0,459187	-0,539736
1,340000	0,469704	-0,555512
1,350000	0,485478	-0,571287
1,360000	0,501253	-0,576546
1,370000	0,511769	-0,592322
1,380000	0,522285	-0,602839
1,390000	0,538060	-0,613356
1,400000	0,548576	-0,618614
1,410000	0,559092	-0,634390
1,420000	0,569609	-0,639649
1,430000	0,580125	-0,644907
1,440000	0,585383	-0,655424
1,450000	0,595900	-0,660683
1,460000	0,601158	-0,671200
1,470000	0,611674	-0,681717
1,480000	0,616932	-0,686976
1,490000	0,622190	-0,692234
1,500000	0,627448	-0,702751
1,510000	0,632707	-0,702751
1,520000	0,637965	-0,708010
1,530000	0,637965	-0,713269
1,540000	0,643223	-0,718527
1,550000	0,648481	-0,723786
1,560000	0,648481	-0,723786
1,570000	0,653739	-0,723786
1,580000	0,653739	-0,729044
1,590000	0,653739	-0,729044
1,600000	0,653739	-0,734303
1,610000	0,653739	-0,734303
1,620000	0,653739	-0,729044
1,630000	0,648481	-0,734303
1,640000	0,648481	-0,734303
1,650000	0,643223	-0,729044
1,660000	0,643223	-0,729044
1,670000	0,637965	-0,729044
1,680000	0,632707	-0,723786
1,690000	0,627448	-0,718527
1,700000	0,616932	-0,713269
1,710000	0,611674	-0,713269
1,720000	0,601158	-0,708010
1,730000	0,595900	-0,697493
1,740000	0,585383	-0,697493
1,750000	0,574867	-0,686976
1,760000	0,569609	-0,681717
1,770000	0,559092	-0,671200
1,780000	0,548576	-0,665942
1,790000	0,538060	-0,655424
1,800000	0,527543	-0,644907
1,810000	0,517027	-0,634390
1,820000	0,501253	-0,629132
1,830000	0,485478	-0,613356
1,840000	0,480220	-0,602839
1,850000	0,464445	-0,592322
1,860000	0,448671	-0,576546
1,870000	0,438155	-0,566029
1,880000	0,422380	-0,555512
1,890000	0,406606	-0,544995
1,900000	0,390831	-0,529219
1,910000	0,375057	-0,518702
1,920000	0,359282	-0,502926
1,930000	0,343508	-0,492409
1,940000	0,327733	-0,481892
1,950000	0,311959	-0,466116
1,960000	0,296184	-0,455599
1,970000	0,285668	-0,439823
1,980000	0,269894	-0,429306
1,990000	0,248861	-0,413531
2,000000	0,233086	-0,397755
2,010000	0,217312	-0,387238
2,020000	0,201537	-0,371462
2,030000	0,180505	-0,355686
2,040000	0,169988	-0,339911
2,050000	0,154214	-0,329394
2,060000	0,138439	-0,313618
2,070000	0,122665	-0,303101
2,080000	0,106890	-0,287325
2,090000	0,096374	-0,271549
2,100000	0,080600	-0,255774
2,110000	0,064825	-0,245257
2,120000	0,049051	-0,229481
2,130000	0,038534	-0,218964
2,140000	0,022760	-0,203188
2,150000	0,012244	-0,187412
2,160000	-0,003531	-0,176895
2,170000	-0,014047	-0,166378
2,180000	-0,029822	-0,155861
2,190000	-0,040338	-0,140085
2,200000	-0,050854	-0,129568
2,210000	-0,061371	-0,119051
2,220000	-0,071887	-0,108534
2,230000	-0,082403	-0,098017
2,240000	-0,087661	-0,092758
2,250000	-0,098178	-0,082241
2,260000	-0,108694	-0,071724
2,270000	-0,113952	-0,061207
2,280000	-0,124469	-0,061207
2,290000	-0,129727	-0,055948
2,300000	-0,134985	-0,045431
2,310000	-0,140243	-0,045431
2,320000	-0,140243	-0,040173
2,330000	-0,145501	-0,034914
2,340000	-0,150759	-0,034914
2,350000	-0,150759	-0,029655
2,360000	-0,150759	-0,029655
2,370000	-0,156018	-0,029655
2,380000	-0,156018	-0,029655
2,390000	-0,156018	-0,034914
2,400000	-0,156018	-0,034914
2,410000	-0,156018	-0,034914
2,420000	-0,156018	-0,034914
2,430000	-0,156018	-0,040173
2,440000	-0,150759	-0,040173
2,450000	-0,145501	-0,040173
2,460000	-0,140243	-0,050690
2,470000	-0,134985	-0,050690
2,480000	-0,129727	-0,050690
2,490000	-0,124469	-0,061207
2,500000	-0,119210	-0,061207
2,510000	-0,113952	-0,071724
2,520000	-0,103436	-0,076983
2,530000	-0,098178	-0,082241
2,540000	-0,087661	-0,092758
2,550000	-0,077145	-0,098017
2,560000	-0,066629	-0,113792
2,570000	-0,056113	-0,119051
2,580000	-0,045596	-0,129568
2,590000	-0,035080	-0,134827
2,600000	-0,029822	-0,150602
2,610000	-0,014047	-0,155861
2,620000	0,001727	-0,166378
2,630000	0,012244	-0,176895
2,640000	0,028018	-0,187412
2,650000	0,038534	-0,197929
2,660000	0,054309	-0,213705
2,670000	0,064825	-0,229481
2,680000	0,085858	-0,234739
2,690000	0,096374	-0,250515
2,700000	0,112149	-0,266291
2,710000	0,127923	-0,276808
2,720000	0,143698	-0,292584
2,730000	0,159472	-0,303101
2,740000	0,175247	-0,318876
2,750000	0,191021	-0,334652
2,760000	0,206796	-0,339911
2,770000	0,222570	-0,355686
2,780000	0,238345	-0,366203
2,790000	0,254119	-0,381979
2,800000	0,275152	-0,397755
2,810000	0,290926	-0,408272
2,820000	0,306701	-0,424048
2,830000	0,317217	-0,439823
2,840000	0,332991	-0,455599
2,850000	0,354024	-0,466116
2,860000	0,364540	-0,481892
2,870000	0,385573	-0,492409
2,880000	0,396089	-0,508185
2,890000	0,417122	-0,523960
2,900000	0,427638	-0,539736
2,910000	0,443413	-0,550253
2,920000	0,459187	-0,560770
2,930000	0,469704	-0,571287
2,940000	0,485478	-0,581805
2,950000	0,501253	-0,592322
2,960000	0,511769	-0,602839
2,970000	0,522285	-0,618614
2,980000	0,532802	-0,629132
2,990000	0,543318	-0,639649
3,000000	0,559092	-0,650166
3,010000	0,564351	-0,660683
3,020000	0,574867	-0,671200
3,030000	0,585383	-0,681717
3,040000	0,595900	-0,692234
3,050000	0,601158	-0,697493
3,060000	0,611674	-0,702751
3,070000	0,616932	-0,708010
3,080000	0,622190	-0,708010
3,090000	0,632707	-0,713269
3,100000	0,637965	-0,718527
3,110000	0,643223	-0,718527
3,120000	0,648481	-0,723786
3,130000	0,648481	-0,723786
3,140000	0,653739	-0,729044
3,150000	0,658997	-0,729044
3,160000	0,658997	-0,729044
3,170000	0,658997	-0,729044
3,180000	0,658997	-0,729044
3,190000	0,664256	-0,729044
3,200000	0,664256	-0,729044
3,210000	0,664256	-0,729044
3,220000	0,658997	-0,723786
3,230000	0,658997	-0,723786
3,240000	0,653739	-0,723786
3,250000	0,648481	-0,718527
3,260000	0,648481	-0,713269
3,270000	0,643223	-0,708010
3,280000	0,637965	-0,708010
3,290000	0,627448	-0,697493
3,300000	0,627448	-0,686976
3,310000	0,616932	-0,686976
3,320000	0,606416	-0,676459
3,330000	0,601158	-0,671200
3,340000	0,590641	-0,655424
3,350000	0,580125	-0,650166
3,360000	0,569609	-0,634390
3,370000	0,559092	-0,629132
3,380000	0,548576	-0,618614
3,390000	0,538060	-0,613356
3,400000	0,527543	-0,602839
3,410000	0,511769	-0,592322
3,420000	0,495994	-0,581805
3,430000	0,485478	-0,571287
3,440000	0,474962	-0,560770
3,450000	0,459187	-0,544995
3,460000	0,443413	-0,534477
3,470000	0,432897	-0,523960
3,480000	0,417122	-0,513443
3,490000	0,401348	-0,497668
3,500000	0,385573	-0,481892
3,510000	0,375057	-0,471375
3,520000	0,359282	-0,460858
3,530000	0,343508	-0,445082
3,540000	0,327733	-0,434565
3,550000	0,311959	-0,424048
3,560000	0,296184	-0,408272
3,570000	0,280410	-0,392496
3,580000	0,264635	-0,381979
3,590000	0,248861	-0,366203
3,600000	0,233086	-0,350428
3,610000	0,217312	-0,334652
3,620000	0,201537	-0,324135
3,630000	0,185763	-0,308359
3,640000	0,169988	-0,297842
3,650000	0,148956	-0,282066
3,660000	0,133181	-0,271549
3,670000	0,122665	-0,255774
3,680000	0,106890	-0,245257
3,690000	0,091116	-0,234739
3,700000	0,075342	-0,218964
3,710000	0,059567	-0,208447
3,720000	0,043793	-0,192671
3,730000	0,028018	-0,182154
3,740000	0,017502	-0,171637
3,750000	0,001727	-0,161120
3,760000	-0,008789	-0,145344
3,770000	-0,019305	-0,140085
3,780000	-0,035080	-0,124310
3,790000	-0,045596	-0,119051
3,800000	-0,056113	-0,108534
3,810000	-0,066629	-0,098017
3,820000	-0,077145	-0,092758
3,830000	-0,087661	-0,087500
3,840000	-0,098178	-0,076983
3,850000	-0,103436	-0,071724
3,860000	-0,113952	-0,066465
3,870000	-0,119210	-0,061207
3,880000	-0,124469	-0,055948
3,890000	-0,129727	-0,050690
3,900000	-0,140243	-0,050690
3,910000	-0,140243	-0,045431
3,920000	-0,145501	-0,045431
3,930000	-0,150759	-0,040173
3,940000	-0,156018	-0,040173
3,950000	-0,156018	-0,040173
3,960000	-0,161276	-0,040173
3,970000	-0,156018	-0,045431
3,980000	-0,161276	-0,040173
3,990000	-0,161276	-0,045431
4,000000	-0,156018	-0,045431
4,010000	-0,156018	-0,050690
4,020000	-0,156018	-0,050690
4,030000	-0,150759	-0,055948
4,040000	-0,150759	-0,061207
4,050000	-0,145501	-0,061207
4,060000	-0,140243	-0,071724
4,070000	-0,134985	-0,071724
4,080000	-0,124469	-0,076983
4,090000	-0,119210	-0,082241
4,100000	-0,113952	-0,087500
4,110000	-0,103436	-0,098017
4,120000	-0,098178	-0,103275
4,130000	-0,092920	-0,113792
4,140000	-0,082403	-0,119051
4,150000	-0,071887	-0,124310
4,160000	-0,061371	-0,134827
4,170000	-0,050854	-0,145344
4,180000	-0,040338	-0,155861
4,190000	-0,029822	-0,166378
4,200000	-0,019305	-0,182154
4,210000	-0,008789	-0,192671
4,220000	0,012244	-0,208447
4,230000	0,022760	-0,213705
4,240000	0,038534	-0,224222
4,250000	0,049051	-0,234739
4,260000	0,064825	-0,250515
4,270000	0,075342	-0,261032
4,280000	0,091116	-0,276808
4,290000	0,106890	-0,282066
4,300000	0,117407	-0,297842
4,310000	0,138439	-0,313618
4,320000	0,154214	-0,329394
4,330000	0,169988	-0,339911
4,340000	0,180505	-0,355686
4,350000	0,201537	-0,371462
4,360000	0,217312	-0,381979
4,370000	0,233086	-0,397755
4,380000	0,243603	-0,408272
4,390000	0,259377	-0,429306
4,400000	0,280410	-0,445082
4,410000	0,290926	-0,455599
4,420000	0,306701	-0,471375
4,430000	0,327733	-0,481892
4,440000	0,338250	-0,497668
4,450000	0,359282	-0,513443
4,460000	0,369799	-0,529219
4,470000	0,390831	-0,539736
4,480000	0,401348	-0,550253
4,490000	0,417122	-0,560770
4,500000	0,427638	-0,571287
4,510000	0,443413	-0,587063
4,520000	0,459187	-0,597580
4,530000	0,469704	-0,608097
4,540000	0,485478	-0,618614
4,550000	0,495994	-0,629132
4,560000	0,506511	-0,634390
4,570000	0,522285	-0,644907
4,580000	0,532802	-0,650166
4,590000	0,543318	-0,665942
4,600000	0,553834	-0,671200
4,610000	0,564351	-0,676459
4,620000	0,569609	-0,686976
4,630000	0,580125	-0,697493
4,640000	0,590641	-0,697493
4,650000	0,601158	-0,708010
4,660000	0,606416	-0,708010
4,670000	0,611674	-0,718527
4,680000	0,616932	-0,723786
4,690000	0,622190	-0,723786
4,700000	0,627448	-0,729044
4,710000	0,632707	-0,729044
4,720000	0,637965	-0,739561
4,730000	0,643223	-0,734303
4,740000	0,643223	-0,734303
4,750000	0,648481	-0,734303
4,760000	0,653739	-0,739561
4,770000	0,653739	-0,739561
4,780000	0,653739	-0,734303
4,790000	0,653739	-0,739561
4,800000	0,653739	-0,734303
4,810000	0,648481	-0,734303
4,820000	0,648481	-0,723786
4,830000	0,648481	-0,718527
4,840000	0,643223	-0,713269
4,850000	0,643223	-0,708010
4,860000	0,632707	-0,708010
4,870000	0,627448	-0,697493
4,880000	0,622190	-0,692234
4,890000	0,616932	-0,686976
4,900000	0,611674	-0,676459
4,910000	0,601158	-0,665942
4,920000	0,590641	-0,660683
4,930000	0,585383	-0,650166
4,940000	0,574867	-0,644907
4,950000	0,569609	-0,639649
4,960000	0,559092	-0,623873
4,970000	0,548576	-0,618614
4,980000	0,538060	-0,608097
4,990000	0,527543	-0,597580
5,000000	0,511769	-0,587063
5,010000	0,501253	-0,576546
5,020000	0,490736	-0,566029
5,030000	0,474962	-0,555512
5,040000	0,459187	-0,544995
5,050000	0,448671	-0,529219
5,060000	0,432897	-0,518702
5,070000	0,417122	-0,502926
5,080000	0,406606	-0,492409
5,090000	0,390831	-0,476633
5,100000	0,375057	-0,460858
5,110000	0,364540	-0,450340
5,120000	0,348766	-0,439823
5,130000	0,327733	-0,424048
5,140000	0,317217	-0,408272
5,150000	0,301442	-0,397755
5,160000	0,285668	-0,381979
5,170000	0,264635	-0,366203
5,180000	0,254119	-0,350428
5,190000	0,238345	-0,339911
5,200000	0,222570	-0,329394
5,210000	0,206796	-0,313618
5,220000	0,191021	-0,303101
5,230000	0,175247	-0,287325
5,240000	0,159472	-0,271549
5,250000	0,143698	-0,261032
5,260000	0,127923	-0,245257
5,270000	0,117407	-0,229481
5,280000	0,101632	-0,218964
5,290000	0,085858	-0,203188
5,300000	0,070083	-0,192671
5,310000	0,059567	-0,176895
5,320000	0,043793	-0,166378
5,330000	0,033276	-0,150602
5,340000	0,022760	-0,145344
5,350000	0,006985	-0,134827
5,360000	-0,008789	-0,124310
5,370000	-0,019305	-0,113792
5,380000	-0,029822	-0,103275
5,390000	-0,040338	-0,092758
5,400000	-0,050854	-0,082241
5,410000	-0,061371	-0,076983
5,420000	-0,071887	-0,061207
5,430000	-0,082403	-0,061207
5,440000	-0,087661	-0,045431
5,450000	-0,092920	-0,050690
5,460000	-0,103436	-0,040173
5,470000	-0,108694	-0,034914
5,480000	-0,113952	-0,029655
5,490000	-0,124469	-0,029655
5,500000	-0,124469	-0,029655
5,510000	-0,129727	-0,024397
5,520000	-0,134985	-0,024397
5,530000	-0,134985	-0,024397
5,540000	-0,140243	-0,019138
5,550000	-0,140243	-0,019138
5,560000	-0,140243	-0,019138
5,570000	-0,140243	-0,019138
5,580000	-0,145501	-0,019138
5,590000	-0,140243	-0,024397
5,600000	-0,140243	-0,024397
5,610000	-0,134985	-0,029655
5,620000	-0,140243	-0,029655
5,630000	-0,134985	-0,034914
5,640000	-0,129727	-0,034914
5,650000	-0,129727	-0,045431
5,660000	-0,119210	-0,045431
5,670000	-0,113952	-0,055948
5,680000	-0,113952	-0,061207
5,690000	-0,103436	-0,066465
5,700000	-0,098178	-0,076983
5,710000	-0,087661	-0,082241
5,720000	-0,082403	-0,092758
5,730000	-0,071887	-0,103275
5,740000	-0,066629	-0,113792
5,750000	-0,050854	-0,124310
5,760000	-0,040338	-0,134827
5,770000	-0,035080	-0,145344
5,780000	-0,019305	-0,155861
5,790000	-0,014047	-0,171637
5,800000	0,006985	-0,182154
5,810000	0,017502	-0,192671
5,820000	0,028018	-0,203188
5,830000	0,038534	-0,218964
5,840000	0,054309	-0,234739
5,850000	0,070083	-0,245257
5,860000	0,085858	-0,261032
5,870000	0,096374	-0,271549
5,880000	0,112149	-0,282066
5,890000	0,122665	-0,297842
5,900000	0,138439	-0,313618
5,910000	0,154214	-0,324135
5,920000	0,169988	-0,339911
5,930000	0,180505	-0,355686
5,940000	0,196279	-0,371462
5,950000	0,212054	-0,381979
5,960000	0,233086	-0,397755
5,970000	0,248861	-0,413531
5,980000	0,259377	-0,429306
5,990000	0,275152	-0,439823
6,000000	0,290926	-0,450340
6,010000	0,306701	-0,466116
6,020000	0,322475	-0,481892
6,030000	0,338250	-0,492409
6,040000	0,354024	-0,508185
6,050000	0,364540	-0,523960
6,060000	0,380315	-0,539736
6,070000	0,401348	-0,550253
6,080000	0,406606	-0,566029
6,090000	0,422380	-0,576546
6,100000	0,438155	-0,592322
6,110000	0,453929	-0,597580
6,120000	0,464445	-0,613356
6,130000	0,480220	-0,623873
6,140000	0,490736	-0,634390
6,150000	0,495994	-0,644907
6,160000	0,506511	-0,655424
6,170000	0,522285	-0,660683
6,180000	0,532802	-0,671200
6,190000	0,538060	-0,681717
6,200000	0,548576	-0,686976
6,210000	0,559092	-0,692234
6,220000	0,564351	-0,702751
6,230000	0,574867	-0,708010
6,240000	0,580125	-0,718527
6,250000	0,590641	-0,718527
6,260000	0,595900	-0,729044
6,270000	0,606416	-0,734303
6,280000	0,611674	-0,734303
6,290000	0,616932	-0,739561
6,300000	0,622190	-0,744820
6,310000	0,627448	-0,744820
6,320000	0,627448	-0,744820
6,330000	0,632707	-0,744820
6,340000	0,632707	-0,750079
6,350000	0,632707	-0,750079
6,360000	0,632707	-0,744820
6,370000	0,637965	-0,744820
6,380000	0,632707	-0,744820
6,390000	0,632707	-0,739561
6,400000	0,632707	-0,734303
6,410000	0,632707	-0,734303
6,420000	0,627448	-0,729044
6,430000	0,622190	-0,718527
6,440000	0,622190	-0,718527
6,450000	0,622190	-0,708010
6,460000	0,616932	-0,702751
6,470000	0,606416	-0,697493
6,480000	0,601158	-0,692234
6,490000	0,590641	-0,681717
6,500000	0,590641	-0,676459
6,510000	0,580125	-0,665942
6,520000	0,574867	-0,655424
6,530000	0,564351	-0,644907
6,540000	0,553834	-0,639649
6,550000	0,548576	-0,629132
6,560000	0,532802	-0,618614
6,570000	0,522285	-0,608097
6,580000	0,511769	-0,597580
6,590000	0,501253	-0,587063
6,600000	0,485478	-0,571287
6,610000	0,474962	-0,560770
6,620000	0,459187	-0,550253
6,630000	0,448671	-0,534477
6,640000	0,438155	-0,523960
6,650000	0,422380	-0,508185
6,660000	0,411864	-0,497668
6,670000	0,396089	-0,481892
6,680000	0,380315	-0,471375
6,690000	0,369799	-0,460858
6,700000	0,354024	-0,445082
6,710000	0,338250	-0,434565
6,720000	0,322475	-0,418789
6,730000	0,311959	-0,403013
6,740000	0,296184	-0,387238
6,750000	0,280410	-0,376721
6,760000	0,264635	-0,360945
6,770000	0,248861	-0,350428
6,780000	0,238345	-0,329394
6,790000	0,222570	-0,318876
6,800000	0,206796	-0,303101
6,810000	0,191021	-0,287325
6,820000	0,180505	-0,271549
6,830000	0,159472	-0,255774
6,840000	0,148956	-0,245257
6,850000	0,133181	-0,229481
6,860000	0,122665	-0,218964
6,870000	0,101632	-0,203188
6,880000	0,091116	-0,192671
6,890000	0,075342	-0,182154
6,900000	0,064825	-0,171637
6,910000	0,049051	-0,161120
6,920000	0,038534	-0,150602
6,930000	0,022760	-0,140085
6,940000	0,017502	-0,129568
6,950000	0,001727	-0,119051
6,960000	-0,008789	-0,113792
6,970000	-0,019305	-0,103275
6,980000	-0,029822	-0,092758
6,990000	-0,040338	-0,082241
7,000000	-0,050854	-0,076983
7,010000	-0,056113	-0,071724
7,020000	-0,066629	-0,066465
7,030000	-0,071887	-0,055948
7,040000	-0,082403	-0,050690
7,050000	-0,087661	-0,050690
7,060000	-0,092920	-0,040173
7,070000	-0,098178	-0,034914
7,080000	-0,103436	-0,029655
7,090000	-0,103436	-0,024397
7,100000	-0,113952	-0,019138
7,110000	-0,113952	-0,019138
7,120000	-0,119210	-0,013880
7,130000	-0,124469	-0,013880
7,140000	-0,124469	-0,013880
7,150000	-0,124469	-0,013880
7,160000	-0,124469	-0,013880
7,170000	-0,124469	-0,013880
7,180000	-0,124469	-0,019138
7,190000	-0,124469	-0,019138
7,200000	-0,124469	-0,024397
7,210000	-0,124469	-0,029655
7,220000	-0,119210	-0,029655
7,230000	-0,113952	-0,034914
7,240000	-0,108694	-0,045431
7,250000	-0,108694	-0,050690
7,260000	-0,098178	-0,050690
7,270000	-0,092920	-0,055948
7,280000	-0,087661	-0,066465
7,290000	-0,082403	-0,076983
7,300000	-0,071887	-0,082241
7,310000	-0,066629	-0,087500
7,320000	-0,056113	-0,098017
7,330000	-0,045596	-0,108534
7,340000	-0,040338	-0,119051
7,350000	-0,029822	-0,129568
7,360000	-0,019305	-0,140085
7,370000	-0,003531	-0,150602
7,380000	0,006985	-0,166378
7,390000	0,022760	-0,176895
7,400000	0,033276	-0,192671
7,410000	0,038534	-0,203188
7,420000	0,059567	-0,218964
7,430000	0,070083	-0,234739
7,440000	0,085858	-0,250515
7,450000	0,096374	-0,261032
7,460000	0,112149	-0,276808
7,470000	0,127923	-0,292584
7,480000	0,138439	-0,308359
7,490000	0,154214	-0,324135
7,500000	0,169988	-0,334652
7,510000	0,180505	-0,350428
7,520000	0,196279	-0,366203
7,530000	0,212054	-0,381979
7,540000	0,227828	-0,403013
7,550000	0,238345	-0,413531
7,560000	0,254119	-0,429306
7,570000	0,269894	-0,445082
7,580000	0,280410	-0,455599
7,590000	0,296184	-0,471375
7,600000	0,311959	-0,487150
7,610000	0,327733	-0,502926
7,620000	0,343508	-0,518702
7,630000	0,354024	-0,534477
7,640000	0,369799	-0,550253
7,650000	0,385573	-0,560770
7,660000	0,396089	-0,576546
7,670000	0,411864	-0,587063
7,680000	0,422380	-0,602839
7,690000	0,438155	-0,613356
7,700000	0,448671	-0,623873
7,710000	0,464445	-0,639649
7,720000	0,469704	-0,650166
7,730000	0,485478	-0,660683
7,740000	0,495994	-0,671200
7,750000	0,506511	-0,686976
7,760000	0,517027	-0,692234
7,770000	0,527543	-0,702751
7,780000	0,532802	-0,713269
7,790000	0,543318	-0,718527
7,800000	0,553834	-0,723786
7,810000	0,564351	-0,734303
7,820000	0,574867	-0,734303
7,830000	0,574867	-0,744820
7,840000	0,585383	-0,750079
7,850000	0,590641	-0,755337
7,860000	0,595900	-0,755337
7,870000	0,601158	-0,760596
7,880000	0,606416	-0,765854
7,890000	0,606416	-0,765854
7,900000	0,611674	-0,771113
7,910000	0,616932	-0,771113
7,920000	0,616932	-0,771113
7,930000	0,616932	-0,771113
7,940000	0,616932	-0,771113
7,950000	0,622190	-0,771113
7,960000	0,622190	-0,765854
7,970000	0,616932	-0,760596
7,980000	0,616932	-0,755337
7,990000	0,616932	-0,755337
8,000000	0,616932	-0,750079
8,010000	0,611674	-0,744820
8,020000	0,606416	-0,739561
8,030000	0,601158	-0,739561
8,040000	0,595900	-0,734303
8,050000	0,595900	-0,723786
8,060000	0,590641	-0,718527
8,070000	0,580125	-0,708010
8,080000	0,574867	-0,697493
8,090000	0,569609	-0,692234
8,100000	0,559092	-0,681717
8,110000	0,548576	-0,676459
8,120000	0,543318	-0,665942
8,130000	0,527543	-0,650166
8,140000	0,522285	-0,639649
8,150000	0,511769	-0,629132
8,160000	0,501253	-0,618614
8,170000	0,490736	-0,602839
8,180000	0,480220	-0,592322
8,190000	0,464445	-0,576546
8,200000	0,453929	-0,566029
8,210000	0,443413	-0,550253
8,220000	0,432897	-0,539736
8,230000	0,417122	-0,523960
8,240000	0,406606	-0,513443
8,250000	0,390831	-0,497668
8,260000	0,380315	-0,481892
8,270000	0,369799	-0,466116
8,280000	0,348766	-0,450340
8,290000	0,338250	-0,439823
8,300000	0,322475	-0,424048
8,310000	0,306701	-0,403013
8,320000	0,296184	-0,392496
8,330000	0,280410	-0,376721
8,340000	0,264635	-0,360945
8,350000	0,248861	-0,345169
8,360000	0,233086	-0,334652
8,370000	0,222570	-0,324135
8,380000	0,206796	-0,308359
8,390000	0,196279	-0,292584
8,400000	0,175247	-0,282066
8,410000	0,164730	-0,261032
8,420000	0,148956	-0,250515
8,430000	0,138439	-0,229481
8,440000	0,122665	-0,218964
8,450000	0,112149	-0,197929
8,460000	0,096374	-0,182154
8,470000	0,080600	-0,171637
8,480000	0,070083	-0,155861
8,490000	0,054309	-0,145344
8,500000	0,043793	-0,129568
8,510000	0,028018	-0,119051
8,520000	0,022760	-0,108534
8,530000	0,006985	-0,098017
8,540000	0,001727	-0,082241
8,550000	-0,014047	-0,071724
8,560000	-0,019305	-0,061207
8,570000	-0,029822	-0,050690
8,580000	-0,040338	-0,040173
8,590000	-0,045596	-0,029655
8,600000	-0,056113	-0,024397
8,610000	-0,066629	-0,013880
8,620000	-0,071887	-0,003363
8,630000	-0,077145	0,007154
8,640000	-0,082403	0,007154
8,650000	-0,092920	0,012413
8,660000	-0,098178	0,017672
8,670000	-0,098178	0,022930
8,680000	-0,103436	0,022930
8,690000	-0,108694	0,028189
8,700000	-0,108694	0,028189
8,710000	-0,113952	0,028189
8,720000	-0,119210	0,028189
8,730000	-0,119210	0,028189
8,740000	-0,119210	0,028189
8,750000	-0,119210	0,028189
8,760000	-0,119210	0,028189
8,770000	-0,119210	0,022930
8,780000	-0,113952	0,017672
8,790000	-0,113952	0,017672
8,800000	-0,108694	0,012413
8,810000	-0,108694	0,007154
8,820000	-0,103436	0,007154
8,830000	-0,098178	-0,003363
8,840000	-0,092920	-0,008621
8,850000	-0,087661	-0,013880
8,860000	-0,082403	-0,024397
8,870000	-0,071887	-0,029655
8,880000	-0,071887	-0,040173
8,890000	-0,056113	-0,050690
8,900000	-0,050854	-0,061207
8,910000	-0,040338	-0,071724
8,920000	-0,029822	-0,082241
8,930000	-0,019305	-0,098017
8,940000	-0,008789	-0,103275
8,950000	0,001727	-0,113792
8,960000	0,012244	-0,129568
8,970000	0,022760	-0,140085
8,980000	0,038534	-0,150602
8,990000	0,049051	-0,166378
9,000000	0,059567	-0,176895
9,010000	0,075342	-0,192671
9,020000	0,091116	-0,208447
9,030000	0,101632	-0,224222
9,040000	0,112149	-0,239998
9,050000	0,133181	-0,255774
9,060000	0,143698	-0,271549
9,070000	0,159472	-0,287325
9,080000	0,169988	-0,303101
9,090000	0,180505	-0,318876
9,100000	0,196279	-0,334652
9,110000	0,212054	-0,350428
9,120000	0,227828	-0,366203
9,130000	0,243603	-0,381979
9,140000	0,254119	-0,397755
9,150000	0,269894	-0,413531
9,160000	0,285668	-0,434565
9,170000	0,301442	-0,450340
9,180000	0,311959	-0,466116
9,190000	0,327733	-0,481892
9,200000	0,343508	-0,497668
9,210000	0,354024	-0,513443
9,220000	0,369799	-0,529219
9,230000	0,385573	-0,544995
9,240000	0,396089	-0,555512
9,250000	0,406606	-0,576546
9,260000	0,422380	-0,587063
9,270000	0,432897	-0,597580
9,280000	0,448671	-0,613356
9,290000	0,459187	-0,623873
9,300000	0,469704	-0,634390
9,310000	0,485478	-0,644907
9,320000	0,495994	-0,655424
9,330000	0,506511	-0,665942
9,340000	0,517027	-0,671200
9,350000	0,522285	-0,681717
9,360000	0,532802	-0,692234
9,370000	0,538060	-0,702751
9,380000	0,548576	-0,713269
9,390000	0,559092	-0,718527
9,400000	0,564351	-0,729044
9,410000	0,574867	-0,739561
9,420000	0,574867	-0,744820
9,430000	0,580125	-0,755337
9,440000	0,585383	-0,760596
9,450000	0,590641	-0,765854
9,460000	0,595900	-0,771113
9,470000	0,601158	-0,776371
9,480000	0,601158	-0,776371
9,490000	0,601158	-0,781630
9,500000	0,606416	-0,781630
9,510000	0,611674	-0,781630
9,520000	0,611674	-0,781630
9,530000	0,606416	-0,781630
9,540000	0,611674	-0,781630
9,550000	0,606416	-0,776371
9,560000	0,606416	-0,776371
9,570000	0,601158	-0,771113
9,580000	0,601158	-0,771113
9,590000	0,595900	-0,765854
9,600000	0,595900	-0,765854
9,610000	0,590641	-0,760596
9,620000	0,585383	-0,755337
9,630000	0,580125	-0,750079
9,640000	0,574867	-0,744820
9,650000	0,569609	-0,739561
9,660000	0,559092	-0,734303
9,670000	0,559092	-0,723786
9,680000	0,548576	-0,718527
9,690000	0,538060	-0,713269
9,700000	0,527543	-0,697493
9,710000	0,522285	-0,686976
9,720000	0,511769	-0,676459
9,730000	0,495994	-0,665942
9,740000	0,485478	-0,655424
9,750000	0,480220	-0,639649
9,760000	0,464445	-0,629132
9,770000	0,453929	-0,613356
9,780000	0,443413	-0,602839
9,790000	0,427638	-0,592322
9,800000	0,417122	-0,576546
9,810000	0,406606	-0,566029
9,820000	0,396089	-0,550253
9,830000	0,385573	-0,534477
9,840000	0,369799	-0,523960
9,850000	0,354024	-0,513443
9,860000	0,343508	-0,497668
9,870000	0,327733	-0,487150
9,880000	0,311959	-0,471375
9,890000	0,301442	-0,455599
9,900000	0,285668	-0,445082
9,910000	0,269894	-0,429306
9,920000	0,254119	-0,418789
9,930000	0,243603	-0,403013
9,940000	0,227828	-0,387238
9,950000	0,212054	-0,371462
9,960000	0,196279	-0,360945
9,970000	0,185763	-0,345169
9,980000	0,169988	-0,329394
9,990000	0,159472	-0,318876
10,000000	0,143698	-0,303101
10,010000	0,133181	-0,287325
10,020000	0,112149	-0,271549
10,030000	0,101632	-0,255774
10,040000	0,091116	-0,245257
10,050000	0,075342	-0,224222
10,060000	0,064825	-0,213705
10,070000	0,054309	-0,197929
10,080000	0,043793	-0,182154
10,090000	0,028018	-0,176895
10,100000	0,017502	-0,166378
10,110000	0,006985	-0,150602
10,120000	-0,003531	-0,134827
10,130000	-0,014047	-0,124310
10,140000	-0,024564	-0,113792
10,150000	-0,035080	-0,103275
10,160000	-0,040338	-0,098017
10,170000	-0,050854	-0,087500
10,180000	-0,061371	-0,076983
10,190000	-0,066629	-0,066465
10,200000	-0,077145	-0,061207
10,210000	-0,082403	-0,055948
10,220000	-0,087661	-0,045431
10,230000	-0,087661	-0,040173
10,240000	-0,092920	-0,034914
10,250000	-0,098178	-0,029655
10,260000	-0,103436	-0,024397
10,270000	-0,108694	-0,019138
10,280000	-0,103436	-0,013880
10,290000	-0,108694	-0,013880
10,300000	-0,108694	-0,013880
10,310000	-0,108694	-0,008621
10,320000	-0,108694	-0,008621
10,330000	-0,113952	-0,013880
10,340000	-0,108694	-0,013880
10,350000	-0,108694	-0,019138
10,360000	-0,108694	-0,019138
10,370000	-0,108694	-0,019138
10,380000	-0,103436	-0,019138
10,390000	-0,098178	-0,024397
10,400000	-0,098178	-0,029655
10,410000	-0,087661	-0,029655
10,420000	-0,087661	-0,034914
10,430000	-0,077145	-0,040173
10,440000	-0,071887	-0,045431
10,450000	-0,066629	-0,055948
10,460000	-0,061371	-0,061207
10,470000	-0,050854	-0,066465
10,480000	-0,045596	-0,076983
10,490000	-0,029822	-0,087500
10,500000	-0,024564	-0,098017
10,510000	-0,008789	-0,103275
10,520000	0,001727	-0,113792
10,530000	0,012244	-0,124310
10,540000	0,022760	-0,134827
10,550000	0,033276	-0,145344
10,560000	0,043793	-0,155861
10,570000	0,059567	-0,166378
10,580000	0,070083	-0,182154
10,590000	0,080600	-0,187412
10,600000	0,096374	-0,197929
10,610000	0,106890	-0,213705
10,620000	0,122665	-0,224222
10,630000	0,138439	-0,239998
10,640000	0,148956	-0,250515
10,650000	0,159472	-0,266291
10,660000	0,175247	-0,276808
10,670000	0,191021	-0,292584
10,680000	0,206796	-0,308359
10,690000	0,222570	-0,324135
10,700000	0,233086	-0,339911
10,710000	0,248861	-0,350428
10,720000	0,264635	-0,371462
10,730000	0,280410	-0,381979
10,740000	0,296184	-0,397755
10,750000	0,311959	-0,418789
10,760000	0,322475	-0,434565
10,770000	0,338250	-0,445082
10,780000	0,354024	-0,460858
10,790000	0,364540	-0,476633
10,800000	0,380315	-0,492409
10,810000	0,396089	-0,508185
10,820000	0,406606	-0,518702
10,830000	0,422380	-0,539736
10,840000	0,432897	-0,550253
10,850000	0,448671	-0,566029
10,860000	0,459187	-0,576546
10,870000	0,469704	-0,587063
10,880000	0,485478	-0,602839
10,890000	0,495994	-0,613356
10,900000	0,506511	-0,623873
10,910000	0,517027	-0,634390
10,920000	0,527543	-0,644907
10,930000	0,538060	-0,655424
10,940000	0,548576	-0,665942
10,950000	0,553834	-0,676459
10,960000	0,564351	-0,686976
10,970000	0,574867	-0,697493
10,980000	0,580125	-0,708010
10,990000	0,585383	-0,713269
11,000000	0,590641	-0,718527
11,010000	0,595900	-0,729044
11,020000	0,601158	-0,734303
11,030000	0,606416	-0,739561
11,040000	0,611674	-0,744820
11,050000	0,616932	-0,744820
11,060000	0,616932	-0,750079
11,070000	0,616932	-0,755337
11,080000	0,622190	-0,755337
11,090000	0,622190	-0,760596
11,100000	0,622190	-0,760596
11,110000	0,622190	-0,760596
11,120000	0,622190	-0,760596
11,130000	0,622190	-0,760596
11,140000	0,616932	-0,760596
11,150000	0,616932	-0,755337
11,160000	0,616932	-0,755337
11,170000	0,611674	-0,755337
11,180000	0,606416	-0,750079
11,190000	0,601158	-0,750079
11,200000	0,601158	-0,744820
11,210000	0,590641	-0,739561
11,220000	0,585383	-0,734303
11,230000	0,580125	-0,734303
11,240000	0,569609	-0,723786
11,250000	0,564351	-0,723786
11,260000	0,553834	-0,713269
11,270000	0,543318	-0,708010
11,280000	0,532802	-0,697493
11,290000	0,522285	-0,686976
11,300000	0,511769	-0,681717
11,310000	0,506511	-0,671200
11,320000	0,490736	-0,660683
11,330000	0,480220	-0,650166
11,340000	0,469704	-0,639649
11,350000	0,459187	-0,634390
11,360000	0,448671	-0,618614
11,370000	0,432897	-0,608097
11,380000	0,422380	-0,597580
11,390000	0,406606	-0,587063
11,400000	0,390831	-0,571287
11,410000	0,380315	-0,560770
11,420000	0,364540	-0,550253
11,430000	0,348766	-0,534477
11,440000	0,332991	-0,513443
11,450000	0,322475	-0,502926
11,460000	0,306701	-0,487150
11,470000	0,290926	-0,471375
11,480000	0,275152	-0,455599
11,490000	0,259377	-0,439823
11,500000	0,248861	-0,418789
11,510000	0,233086	-0,408272
11,520000	0,222570	-0,392496
11,530000	0,206796	-0,376721
11,540000	0,191021	-0,355686
11,550000	0,175247	-0,345169
11,560000	0,164730	-0,329394
11,570000	0,148956	-0,313618
11,580000	0,138439	-0,297842
11,590000	0,122665	-0,276808
11,600000	0,106890	-0,266291
11,610000	0,091116	-0,250515
11,620000	0,080600	-0,234739
11,630000	0,064825	-0,224222
11,640000	0,054309	-0,208447
11,650000	0,043793	-0,197929
11,660000	0,028018	-0,182154
11,670000	0,017502	-0,176895
11,680000	0,006985	-0,161120
11,690000	-0,003531	-0,150602
11,700000	-0,019305	-0,134827
11,710000	-0,029822	-0,129568
11,720000	-0,040338	-0,113792
11,730000	-0,050854	-0,103275
11,740000	-0,056113	-0,098017
11,750000	-0,066629	-0,087500
11,760000	-0,077145	-0,082241
11,770000	-0,082403	-0,071724
11,780000	-0,087661	-0,061207
11,790000	-0,098178	-0,055948
11,800000	-0,103436	-0,045431
11,810000	-0,108694	-0,040173
11,820000	-0,113952	-0,034914
11,830000	-0,113952	-0,029655
11,840000	-0,119210	-0,024397
11,850000	-0,119210	-0,019138
11,860000	-0,124469	-0,019138
11,870000	-0,124469	-0,013880
11,880000	-0,129727	-0,008621
11,890000	-0,129727	-0,008621
11,900000	-0,129727	-0,003363
11,910000	-0,129727	-0,008621
11,920000	-0,129727	-0,008621
11,930000	-0,124469	-0,008621
11,940000	-0,129727	-0,008621
11,950000	-0,119210	-0,008621
11,960000	-0,124469	-0,013880
11,970000	-0,113952	-0,019138
11,980000	-0,113952	-0,019138
11,990000	-0,108694	-0,024397
12,000000	-0,098178	-0,029655
12,010000	-0,092920	-0,034914
12,020000	-0,087661	-0,040173
12,030000	-0,077145	-0,045431
12,040000	-0,071887	-0,055948
12,050000	-0,061371	-0,061207
12,060000	-0,050854	-0,066465
12,070000	-0,045596	-0,071724
12,080000	-0,035080	-0,082241
12,090000	-0,024564	-0,092758
12,100000	-0,014047	-0,103275
12,110000	0,001727	-0,108534
12,120000	0,012244	-0,119051
12,130000	0,028018	-0,129568
12,140000	0,033276	-0,145344
12,150000	0,049051	-0,155861
12,160000	0,059567	-0,171637
12,170000	0,075342	-0,176895
12,180000	0,085858	-0,192671
12,190000	0,101632	-0,208447
12,200000	0,112149	-0,218964
12,210000	0,127923	-0,234739
12,220000	0,143698	-0,245257
12,230000	0,154214	-0,261032
12,240000	0,169988	-0,271549
12,250000	0,185763	-0,287325
12,260000	0,201537	-0,303101
12,270000	0,217312	-0,313618
12,280000	0,233086	-0,329394
12,290000	0,248861	-0,339911
12,300000	0,264635	-0,355686
12,310000	0,280410	-0,371462
12,320000	0,296184	-0,387238
12,330000	0,311959	-0,397755
12,340000	0,322475	-0,413531
12,350000	0,338250	-0,424048
12,360000	0,354024	-0,439823
12,370000	0,369799	-0,455599
12,380000	0,380315	-0,466116
12,390000	0,396089	-0,487150
12,400000	0,411864	-0,497668
12,410000	0,427638	-0,508185
12,420000	0,438155	-0,523960
12,430000	0,453929	-0,539736
12,440000	0,464445	-0,550253
12,450000	0,480220	-0,560770
12,460000	0,485478	-0,571287
12,470000	0,501253	-0,587063
12,480000	0,511769	-0,597580
12,490000	0,522285	-0,608097
12,500000	0,527543	-0,618614
12,510000	0,543318	-0,629132
12,520000	0,553834	-0,644907
12,530000	0,564351	-0,655424
12,540000	0,569609	-0,665942
12,550000	0,580125	-0,671200
12,560000	0,585383	-0,676459
12,570000	0,595900	-0,686976
12,580000	0,601158	-0,692234
12,590000	0,606416	-0,702751
12,600000	0,611674	-0,713269
12,610000	0,616932	-0,718527
12,620000	0,622190	-0,718527
12,630000	0,627448	-0,729044
12,640000	0,627448	-0,734303
12,650000	0,632707	-0,734303
12,660000	0,632707	-0,734303
12,670000	0,632707	-0,739561
12,680000	0,632707	-0,739561
12,690000	0,632707	-0,744820
12,700000	0,637965	-0,744820
12,710000	0,632707	-0,744820
12,720000	0,632707	-0,744820
12,730000	0,627448	-0,750079
12,740000	0,627448	-0,750079
12,750000	0,622190	-0,750079
12,760000	0,616932	-0,750079
12,770000	0,616932	-0,744820
12,780000	0,606416	-0,744820
12,790000	0,606416	-0,739561
12,800000	0,601158	-0,734303
12,810000	0,590641	-0,729044
12,820000	0,585383	-0,729044
12,830000	0,574867	-0,718527
12,840000	0,569609	-0,713269
12,850000	0,559092	-0,702751
12,860000	0,553834	-0,692234
12,870000	0,538060	-0,681717
12,880000	0,532802	-0,676459
12,890000	0,522285	-0,665942
12,900000	0,511769	-0,655424
12,910000	0,495994	-0,644907
12,920000	0,485478	-0,634390
12,930000	0,474962	-0,623873
12,940000	0,464445	-0,608097
12,950000	0,448671	-0,602839
12,960000	0,438155	-0,587063
12,970000	0,427638	-0,576546
12,980000	0,406606	-0,566029
12,990000	0,396089	-0,550253
13,000000	0,380315	-0,539736
13,010000	0,369799	-0,523960
13,020000	0,348766	-0,508185
13,030000	0,338250	-0,497668
13,040000	0,322475	-0,481892
13,050000	0,306701	-0,466116
13,060000	0,290926	-0,455599
13,070000	0,275152	-0,439823
13,080000	0,259377	-0,429306
13,090000	0,248861	-0,413531
13,100000	0,233086	-0,403013
13,110000	0,217312	-0,387238
13,120000	0,201537	-0,376721
13,130000	0,185763	-0,360945
13,140000	0,169988	-0,350428
13,150000	0,154214	-0,334652
13,160000	0,143698	-0,324135
13,170000	0,127923	-0,308359
13,180000	0,112149	-0,292584
13,190000	0,096374	-0,276808
13,200000	0,080600	-0,261032
13,210000	0,070083	-0,250515
13,220000	0,059567	-0,234739
13,230000	0,049051	-0,224222
13,240000	0,033276	-0,213705
13,250000	0,022760	-0,197929
13,260000	0,006985	-0,187412
13,270000	0,001727	-0,171637
13,280000	-0,014047	-0,161120
13,290000	-0,029822	-0,150602
13,300000	-0,040338	-0,140085
13,310000	-0,045596	-0,129568
13,320000	-0,061371	-0,119051
13,330000	-0,066629	-0,108534
13,340000	-0,077145	-0,098017
13,350000	-0,087661	-0,087500
13,360000	-0,092920	-0,082241
13,370000	-0,103436	-0,071724
13,380000	-0,108694	-0,061207
13,390000	-0,113952	-0,055948
13,400000	-0,119210	-0,045431
13,410000	-0,124469	-0,040173
13,420000	-0,129727	-0,040173
13,430000	-0,129727	-0,034914
13,440000	-0,134985	-0,029655
13,450000	-0,134985	-0,024397
13,460000	-0,145501	-0,024397
13,470000	-0,140243	-0,019138
13,480000	-0,145501	-0,013880
13,490000	-0,145501	-0,013880
13,500000	-0,145501	-0,013880
13,510000	-0,145501	-0,019138
13,520000	-0,140243	-0,024397
13,530000	-0,134985	-0,024397
13,540000	-0,129727	-0,024397
13,550000	-0,129727	-0,029655
13,560000	-0,119210	-0,029655
13,570000	-0,119210	-0,034914
13,580000	-0,113952	-0,040173
13,590000	-0,103436	-0,045431
13,600000	-0,098178	-0,050690
13,610000	-0,092920	-0,055948
13,620000	-0,087661	-0,061207
13,630000	-0,077145	-0,066465
13,640000	-0,066629	-0,071724
13,650000	-0,061371	-0,087500
13,660000	-0,050854	-0,092758
13,670000	-0,040338	-0,103275
13,680000	-0,035080	-0,113792
13,690000	-0,019305	-0,124310
13,700000	-0,008789	-0,134827
13,710000	0,006985	-0,145344
13,720000	0,017502	-0,155861
13,730000	0,028018	-0,166378
13,740000	0,043793	-0,176895
13,750000	0,054309	-0,187412
13,760000	0,070083	-0,197929
13,770000	0,080600	-0,213705
13,780000	0,096374	-0,224222
13,790000	0,112149	-0,234739
13,800000	0,127923	-0,245257
13,810000	0,138439	-0,255774
13,820000	0,154214	-0,266291
13,830000	0,169988	-0,282066
13,840000	0,185763	-0,292584
13,850000	0,201537	-0,303101
13,860000	0,217312	-0,318876
13,870000	0,233086	-0,334652
13,880000	0,248861	-0,345169
13,890000	0,264635	-0,360945
13,900000	0,285668	-0,371462
13,910000	0,301442	-0,387238
13,920000	0,311959	-0,403013
13,930000	0,327733	-0,418789
13,940000	0,343508	-0,434565
13,950000	0,359282	-0,445082
13,960000	0,369799	-0,460858
13,970000	0,385573	-0,476633
13,980000	0,401348	-0,487150
13,990000	0,411864	-0,502926
14,000000	0,427638	-0,518702
14,010000	0,443413	-0,529219
14,020000	0,459187	-0,539736
14,030000	0,474962	-0,555512
14,040000	0,485478	-0,566029
14,050000	0,495994	-0,576546
14,060000	0,511769	-0,587063
14,070000	0,522285	-0,597580
14,080000	0,532802	-0,613356
14,090000	0,543318	-0,618614
14,100000	0,548576	-0,629132
14,110000	0,559092	-0,639649
14,120000	0,569609	-0,644907
14,130000	0,580125	-0,655424
14,140000	0,590641	-0,660683
14,150000	0,595900	-0,665942
14,160000	0,606416	-0,676459
14,170000	0,611674	-0,681717
14,180000	0,622190	-0,686976
14,190000	0,622190	-0,697493
14,200000	0,627448	-0,702751
14,210000	0,637965	-0,708010
14,220000	0,643223	-0,713269
14,230000	0,643223	-0,718527
14,240000	0,643223	-0,718527
14,250000	0,648481	-0,723786
14,260000	0,648481	-0,729044
14,270000	0,648481	-0,729044
14,280000	0,648481	-0,729044
14,290000	0,648481	-0,734303
14,300000	0,648481	-0,734303
14,310000	0,648481	-0,734303
14,320000	0,648481	-0,734303
14,330000	0,643223	-0,729044
14,340000	0,637965	-0,729044
14,350000	0,637965	-0,729044
14,360000	0,632707	-0,723786
14,370000	0,627448	-0,723786
14,380000	0,622190	-0,718527
14,390000	0,616932	-0,713269
14,400000	0,611674	-0,708010
14,410000	0,601158	-0,702751
14,420000	0,595900	-0,697493
14,430000	0,590641	-0,686976
14,440000	0,580125	-0,676459
14,450000	0,569609	-0,665942
14,460000	0,559092	-0,660683
14,470000	0,548576	-0,650166
14,480000	0,538060	-0,639649
14,490000	0,527543	-0,629132
14,500000	0,517027	-0,618614
14,510000	0,501253	-0,608097
14,520000	0,490736	-0,597580
14,530000	0,474962	-0,587063
14,540000	0,464445	-0,576546
14,550000	0,448671	-0,566029
14,560000	0,432897	-0,550253
14,570000	0,422380	-0,534477
14,580000	0,401348	-0,523960
14,590000	0,390831	-0,513443
14,600000	0,375057	-0,492409
14,610000	0,359282	-0,481892
14,620000	0,348766	-0,466116
14,630000	0,332991	-0,455599
14,640000	0,317217	-0,439823
14,650000	0,301442	-0,429306
14,660000	0,285668	-0,418789
14,670000	0,264635	-0,403013
14,680000	0,254119	-0,392496
14,690000	0,238345	-0,376721
14,700000	0,222570	-0,366203
14,710000	0,206796	-0,350428
14,720000	0,191021	-0,334652
14,730000	0,175247	-0,318876
14,740000	0,159472	-0,303101
14,750000	0,143698	-0,292584
14,760000	0,133181	-0,276808
14,770000	0,117407	-0,266291
14,780000	0,101632	-0,250515
14,790000	0,085858	-0,239998
14,800000	0,070083	-0,229481
14,810000	0,059567	-0,213705
14,820000	0,043793	-0,197929
14,830000	0,028018	-0,192671
14,840000	0,017502	-0,176895
14,850000	0,001727	-0,166378
14,860000	-0,014047	-0,155861
14,870000	-0,019305	-0,145344
14,880000	-0,035080	-0,129568
14,890000	-0,045596	-0,124310
14,900000	-0,056113	-0,108534
14,910000	-0,066629	-0,103275
14,920000	-0,071887	-0,092758
14,930000	-0,082403	-0,082241
14,940000	-0,092920	-0,071724
14,950000	-0,098178	-0,066465
14,960000	-0,108694	-0,061207
14,970000	-0,113952	-0,055948
14,980000	-0,119210	-0,050690
14,990000	-0,124469	-0,045431
15,000000	-0,134985	-0,040173
15,010000	-0,134985	-0,034914
15,020000	-0,134985	-0,029655
15,030000	-0,140243	-0,024397
15,040000	-0,140243	-0,024397
15,050000	-0,145501	-0,019138
15,060000	-0,145501	-0,019138
15,070000	-0,145501	-0,019138
15,080000	-0,150759	-0,019138
15,090000	-0,150759	-0,019138
15,100000	-0,145501	-0,019138
15,110000	-0,145501	-0,019138
15,120000	-0,145501	-0,024397
15,130000	-0,140243	-0,024397
15,140000	-0,140243	-0,029655
15,150000	-0,129727	-0,029655
15,160000	-0,129727	-0,040173
15,170000	-0,119210	-0,040173
15,180000	-0,113952	-0,050690
15,190000	-0,113952	-0,055948
15,200000	-0,103436	-0,055948
15,210000	-0,092920	-0,071724
15,220000	-0,087661	-0,082241
15,230000	-0,077145	-0,087500
15,240000	-0,071887	-0,098017
15,250000	-0,056113	-0,108534
15,260000	-0,050854	-0,113792
15,270000	-0,035080	-0,124310
15,280000	-0,024564	-0,134827
15,290000	-0,014047	-0,145344
15,300000	0,001727	-0,150602
15,310000	0,012244	-0,166378
15,320000	0,022760	-0,176895
15,330000	0,038534	-0,187412
15,340000	0,049051	-0,197929
15,350000	0,064825	-0,208447
15,360000	0,075342	-0,224222
15,370000	0,091116	-0,234739
15,380000	0,106890	-0,245257
15,390000	0,122665	-0,261032
15,400000	0,133181	-0,276808
15,410000	0,148956	-0,287325
15,420000	0,164730	-0,297842
15,430000	0,180505	-0,313618
15,440000	0,196279	-0,329394
15,450000	0,212054	-0,345169
15,460000	0,227828	-0,355686
15,470000	0,243603	-0,366203
15,480000	0,259377	-0,381979
15,490000	0,275152	-0,397755
15,500000	0,290926	-0,408272
15,510000	0,306701	-0,418789
15,520000	0,322475	-0,434565
15,530000	0,338250	-0,445082
15,540000	0,354024	-0,460858
15,550000	0,369799	-0,471375
15,560000	0,385573	-0,487150
15,570000	0,401348	-0,497668
15,580000	0,406606	-0,513443
15,590000	0,422380	-0,523960
15,600000	0,438155	-0,539736
15,610000	0,453929	-0,550253
15,620000	0,464445	-0,560770
15,630000	0,480220	-0,576546
15,640000	0,490736	-0,587063
15,650000	0,501253	-0,597580
15,660000	0,511769	-0,608097
15,670000	0,527543	-0,618614
15,680000	0,538060	-0,629132
15,690000	0,548576	-0,634390
15,700000	0,559092	-0,644907
15,710000	0,569609	-0,650166
15,720000	0,580125	-0,660683
15,730000	0,590641	-0,671200
15,740000	0,595900	-0,671200
15,750000	0,601158	-0,681717
15,760000	0,611674	-0,686976
15,770000	0,616932	-0,692234
15,780000	0,622190	-0,697493
15,790000	0,627448	-0,702751
15,800000	0,632707	-0,702751
15,810000	0,637965	-0,708010
15,820000	0,643223	-0,713269
15,830000	0,648481	-0,718527
15,840000	0,648481	-0,718527
15,850000	0,648481	-0,723786
15,860000	0,653739	-0,723786
15,870000	0,648481	-0,723786
15,880000	0,653739	-0,723786
15,890000	0,653739	-0,723786
15,900000	0,648481	-0,723786
15,910000	0,648481	-0,718527
15,920000	0,648481	-0,718527
15,930000	0,643223	-0,713269
15,940000	0,637965	-0,713269
15,950000	0,637965	-0,708010
15,960000	0,632707	-0,702751
15,970000	0,627448	-0,697493
15,980000	0,616932	-0,692234
15,990000	0,616932	-0,692234
16,000000	0,606416	-0,686976
16,010000	0,601158	-0,676459
16,020000	0,590641	-0,665942
16,030000	0,580125	-0,660683
16,040000	0,569609	-0,650166
16,050000	0,559092	-0,644907
16,060000	0,553834	-0,639649
16,070000	0,543318	-0,623873
16,080000	0,532802	-0,613356
16,090000	0,522285	-0,608097
16,100000	0,506511	-0,597580
16,110000	0,495994	-0,581805
16,120000	0,485478	-0,571287
16,130000	0,469704	-0,560770
16,140000	0,459187	-0,550253
16,150000	0,443413	-0,534477
16,160000	0,427638	-0,523960
16,170000	0,417122	-0,513443
16,180000	0,401348	-0,497668
16,190000	0,385573	-0,487150
16,200000	0,375057	-0,471375
16,210000	0,359282	-0,460858
16,220000	0,338250	-0,450340
16,230000	0,327733	-0,429306
16,240000	0,311959	-0,418789
16,250000	0,290926	-0,403013
16,260000	0,280410	-0,392496
16,270000	0,264635	-0,376721
16,280000	0,243603	-0,360945
16,290000	0,233086	-0,345169
16,300000	0,217312	-0,334652
16,310000	0,201537	-0,318876
16,320000	0,185763	-0,308359
16,330000	0,169988	-0,297842
16,340000	0,154214	-0,282066
16,350000	0,138439	-0,271549
16,360000	0,122665	-0,255774
16,370000	0,106890	-0,245257
16,380000	0,096374	-0,229481
16,390000	0,080600	-0,218964
16,400000	0,064825	-0,208447
16,410000	0,054309	-0,197929
16,420000	0,038534	-0,187412
16,430000	0,028018	-0,176895
16,440000	0,012244	-0,166378
16,450000	0,001727	-0,155861
16,460000	-0,014047	-0,140085
16,470000	-0,024564	-0,134827
16,480000	-0,040338	-0,124310
16,490000	-0,050854	-0,113792
16,500000	-0,061371	-0,103275
16,510000	-0,066629	-0,098017
16,520000	-0,077145	-0,087500
16,530000	-0,082403	-0,076983
16,540000	-0,092920	-0,071724
16,550000	-0,103436	-0,066465
16,560000	-0,108694	-0,061207
16,570000	-0,113952	-0,050690
16,580000	-0,119210	-0,050690
16,590000	-0,129727	-0,045431
16,600000	-0,129727	-0,040173
16,610000	-0,134985	-0,034914
16,620000	-0,140243	-0,029655
16,630000	-0,140243	-0,029655
16,640000	-0,145501	-0,029655
16,650000	-0,145501	-0,024397
16,660000	-0,150759	-0,029655
16,670000	-0,145501	-0,024397
16,680000	-0,150759	-0,029655
16,690000	-0,150759	-0,029655
16,700000	-0,145501	-0,029655
16,710000	-0,145501	-0,034914
16,720000	-0,140243	-0,034914
16,730000	-0,140243	-0,045431
16,740000	-0,134985	-0,045431
16,750000	-0,129727	-0,050690
16,760000	-0,124469	-0,055948
16,770000	-0,119210	-0,061207
16,780000	-0,113952	-0,071724
16,790000	-0,108694	-0,082241
16,800000	-0,098178	-0,087500
16,810000	-0,092920	-0,092758
16,820000	-0,087661	-0,103275
16,830000	-0,077145	-0,108534
16,840000	-0,066629	-0,119051
16,850000	-0,056113	-0,124310
16,860000	-0,045596	-0,134827
16,870000	-0,035080	-0,140085
16,880000	-0,024564	-0,155861
16,890000	-0,014047	-0,171637
16,900000	0,001727	-0,182154
16,910000	0,012244	-0,192671
16,920000	0,022760	-0,203188
16,930000	0,038534	-0,218964
16,940000	0,049051	-0,229481
16,950000	0,059567	-0,245257
16,960000	0,075342	-0,261032
16,970000	0,091116	-0,271549
16,980000	0,106890	-0,282066
16,990000	0,117407	-0,297842
17,000000	0,133181	-0,308359
17,010000	0,148956	-0,324135
17,020000	0,164730	-0,339911
17,030000	0,185763	-0,350428
17,040000	0,196279	-0,366203
17,050000	0,217312	-0,381979
17,060000	0,227828	-0,392496
17,070000	0,243603	-0,408272
17,080000	0,259377	-0,424048
17,090000	0,275152	-0,439823
17,100000	0,290926	-0,455599
17,110000	0,306701	-0,471375
17,120000	0,322475	-0,481892
17,130000	0,338250	-0,497668
17,140000	0,348766	-0,508185
17,150000	0,369799	-0,523960
17,160000	0,380315	-0,539736
17,170000	0,396089	-0,550253
17,180000	0,411864	-0,560770
17,190000	0,422380	-0,571287
17,200000	0,438155	-0,592322
17,210000	0,448671	-0,602839
17,220000	0,464445	-0,613356
17,230000	0,474962	-0,618614
17,240000	0,490736	-0,629132
17,250000	0,501253	-0,639649
17,260000	0,511769	-0,650166
17,270000	0,527543	-0,660683
17,280000	0,532802	-0,665942
17,290000	0,543318	-0,676459
17,300000	0,559092	-0,686976
17,310000	0,569609	-0,692234
17,320000	0,580125	-0,697493
17,330000	0,585383	-0,702751
17,340000	0,590641	-0,713269
17,350000	0,595900	-0,713269
17,360000	0,606416	-0,718527
17,370000	0,611674	-0,723786
17,380000	0,616932	-0,734303
17,390000	0,622190	-0,734303
17,400000	0,627448	-0,739561
17,410000	0,627448	-0,739561
17,420000	0,632707	-0,744820
17,430000	0,637965	-0,750079
17,440000	0,637965	-0,755337
17,450000	0,643223	-0,755337
17,460000	0,643223	-0,755337
17,470000	0,643223	-0,755337
17,480000	0,643223	-0,755337
17,490000	0,643223	-0,755337
17,500000	0,643223	-0,750079
17,510000	0,637965	-0,744820
17,520000	0,637965	-0,739561
17,530000	0,632707	-0,734303
17,540000	0,632707	-0,729044
17,550000	0,627448	-0,723786
17,560000	0,622190	-0,713269
17,570000	0,616932	-0,708010
17,580000	0,606416	-0,697493
17,590000	0,606416	-0,692234
17,600000	0,595900	-0,686976
17,610000	0,590641	-0,676459
17,620000	0,580125	-0,660683
17,630000	0,574867	-0,655424
17,640000	0,564351	-0,644907
17,650000	0,559092	-0,634390
17,660000	0,543318	-0,623873
17,670000	0,532802	-0,613356
17,680000	0,522285	-0,597580
17,690000	0,511769	-0,581805
17,700000	0,495994	-0,576546
17,710000	0,485478	-0,560770
17,720000	0,469704	-0,544995
17,730000	0,459187	-0,534477
17,740000	0,443413	-0,523960
17,750000	0,427638	-0,513443
17,760000	0,417122	-0,497668
17,770000	0,401348	-0,481892
17,780000	0,390831	-0,471375
17,790000	0,375057	-0,455599
17,800000	0,359282	-0,445082
17,810000	0,343508	-0,429306
17,820000	0,327733	-0,408272
17,830000	0,311959	-0,403013
17,840000	0,296184	-0,387238
17,850000	0,280410	-0,376721
17,860000	0,269894	-0,360945
17,870000	0,254119	-0,350428
17,880000	0,238345	-0,339911
17,890000	0,222570	-0,318876
17,900000	0,206796	-0,308359
17,910000	0,191021	-0,292584
17,920000	0,180505	-0,276808
17,930000	0,164730	-0,261032
17,940000	0,148956	-0,250515
17,950000	0,133181	-0,229481
17,960000	0,117407	-0,218964
17,970000	0,106890	-0,208447
17,980000	0,091116	-0,192671
17,990000	0,080600	-0,182154
18,000000	0,064825	-0,171637
18,010000	0,054309	-0,161120
18,020000	0,038534	-0,150602
18,030000	0,028018	-0,140085
18,040000	0,017502	-0,129568
18,050000	0,001727	-0,119051
18,060000	-0,008789	-0,108534
18,070000	-0,019305	-0,103275
18,080000	-0,029822	-0,098017
18,090000	-0,045596	-0,087500
18,100000	-0,050854	-0,082241
18,110000	-0,061371	-0,071724
18,120000	-0,071887	-0,066465
18,130000	-0,077145	-0,061207
18,140000	-0,087661	-0,055948
18,150000	-0,092920	-0,045431
18,160000	-0,098178	-0,045431
18,170000	-0,103436	-0,040173
18,180000	-0,108694	-0,040173
18,190000	-0,113952	-0,034914
18,200000	-0,119210	-0,034914
18,210000	-0,119210	-0,029655
18,220000	-0,124469	-0,029655
18,230000	-0,129727	-0,029655
18,240000	-0,129727	-0,024397
18,250000	-0,134985	-0,029655
18,260000	-0,134985	-0,024397
18,270000	-0,134985	-0,024397
18,280000	-0,134985	-0,024397
18,290000	-0,134985	-0,029655
18,300000	-0,129727	-0,029655
18,310000	-0,129727	-0,034914
18,320000	-0,124469	-0,040173
18,330000	-0,124469	-0,045431
18,340000	-0,119210	-0,045431
18,350000	-0,113952	-0,055948
18,360000	-0,108694	-0,061207
18,370000	-0,103436	-0,071724
18,380000	-0,098178	-0,076983
18,390000	-0,092920	-0,082241
18,400000	-0,082403	-0,092758
18,410000	-0,071887	-0,103275
18,420000	-0,066629	-0,108534
18,430000	-0,056113	-0,119051
18,440000	-0,045596	-0,129568
18,450000	-0,040338	-0,140085
18,460000	-0,024564	-0,150602
18,470000	-0,014047	-0,161120
18,480000	0,001727	-0,176895
18,490000	0,012244	-0,187412
18,500000	0,022760	-0,203188
18,510000	0,038534	-0,213705
18,520000	0,049051	-0,229481
18,530000	0,059567	-0,239998
18,540000	0,075342	-0,255774
18,550000	0,085858	-0,271549
18,560000	0,101632	-0,282066
18,570000	0,117407	-0,292584
18,580000	0,127923	-0,308359
18,590000	0,143698	-0,324135
18,600000	0,154214	-0,339911
18,610000	0,169988	-0,360945
18,620000	0,180505	-0,376721
18,630000	0,196279	-0,387238
18,640000	0,212054	-0,403013
18,650000	0,227828	-0,418789
18,660000	0,243603	-0,434565
18,670000	0,259377	-0,450340
18,680000	0,269894	-0,466116
18,690000	0,285668	-0,476633
18,700000	0,306701	-0,492409
18,710000	0,317217	-0,508185
18,720000	0,332991	-0,518702
18,730000	0,348766	-0,534477
18,740000	0,364540	-0,550253
18,750000	0,375057	-0,566029
18,760000	0,390831	-0,576546
18,770000	0,401348	-0,587063
18,780000	0,417122	-0,602839
18,790000	0,432897	-0,613356
18,800000	0,438155	-0,629132
18,810000	0,453929	-0,634390
18,820000	0,469704	-0,644907
18,830000	0,480220	-0,655424
18,840000	0,490736	-0,665942
18,850000	0,506511	-0,671200
18,860000	0,511769	-0,681717
18,870000	0,527543	-0,686976
18,880000	0,538060	-0,697493
18,890000	0,543318	-0,702751
18,900000	0,553834	-0,708010
18,910000	0,559092	-0,713269
18,920000	0,569609	-0,718527
18,930000	0,580125	-0,723786
18,940000	0,585383	-0,723786
18,950000	0,595900	-0,729044
18,960000	0,595900	-0,734303
18,970000	0,601158	-0,734303
18,980000	0,606416	-0,734303
18,990000	0,611674	-0,739561
19,000000	0,611674	-0,739561
19,010000	0,616932	-0,739561
19,020000	0,616932	-0,739561
19,030000	0,622190	-0,739561
19,040000	0,622190	-0,734303
19,050000	0,622190	-0,739561
19,060000	0,627448	-0,734303
19,070000	0,627448	-0,734303
19,080000	0,622190	-0,729044
19,090000	0,622190	-0,729044
19,100000	0,616932	-0,723786
19,110000	0,616932	-0,718527
19,120000	0,611674	-0,713269
19,130000	0,606416	-0,708010
19,140000	0,606416	-0,702751
19,150000	0,601158	-0,697493
19,160000	0,595900	-0,686976
19,170000	0,590641	-0,681717
19,180000	0,585383	-0,671200
19,190000	0,574867	-0,665942
19,200000	0,569609	-0,655424
19,210000	0,564351	-0,650166
19,220000	0,553834	-0,639649
19,230000	0,543318	-0,629132
19,240000	0,532802	-0,618614
19,250000	0,522285	-0,608097
19,260000	0,511769	-0,597580
19,270000	0,501253	-0,587063
19,280000	0,490736	-0,581805
19,290000	0,480220	-0,571287
19,300000	0,469704	-0,555512
19,310000	0,453929	-0,544995
19,320000	0,443413	-0,534477
19,330000	0,432897	-0,518702
19,340000	0,417122	-0,508185
19,350000	0,406606	-0,492409
19,360000	0,390831	-0,476633
19,370000	0,375057	-0,460858
19,380000	0,364540	-0,450340
19,390000	0,348766	-0,434565
19,400000	0,332991	-0,418789
19,410000	0,317217	-0,403013
19,420000	0,306701	-0,387238
19,430000	0,290926	-0,371462
19,440000	0,275152	-0,360945
19,450000	0,259377	-0,345169
19,460000	0,248861	-0,329394
19,470000	0,233086	-0,313618
19,480000	0,217312	-0,297842
19,490000	0,206796	-0,282066
19,500000	0,191021	-0,271549
19,510000	0,175247	-0,255774
19,520000	0,159472	-0,245257
19,530000	0,148956	-0,229481
19,540000	0,138439	-0,218964
19,550000	0,117407	-0,203188
19,560000	0,106890	-0,192671
19,570000	0,091116	-0,176895
19,580000	0,080600	-0,166378
19,590000	0,070083	-0,155861
19,600000	0,054309	-0,140085
19,610000	0,043793	-0,129568
19,620000	0,028018	-0,119051
19,630000	0,022760	-0,108534
19,640000	0,006985	-0,098017
19,650000	-0,003531	-0,087500
19,660000	-0,014047	-0,076983
19,670000	-0,024564	-0,066465
19,680000	-0,035080	-0,061207
19,690000	-0,040338	-0,055948
19,700000	-0,050854	-0,045431
19,710000	-0,056113	-0,034914
19,720000	-0,061371	-0,029655
19,730000	-0,071887	-0,024397
19,740000	-0,077145	-0,019138
19,750000	-0,082403	-0,013880
19,760000	-0,087661	-0,013880
19,770000	-0,092920	-0,008621
19,780000	-0,098178	-0,003363
19,790000	-0,103436	-0,003363
19,800000	-0,108694	0,001896
19,810000	-0,108694	0,001896
19,820000	-0,108694	0,001896
19,830000	-0,113952	0,001896
19,840000	-0,113952	0,007154
19,850000	-0,113952	0,001896
19,860000	-0,108694	0,001896
19,870000	-0,113952	0,001896
19,880000	-0,108694	-0,003363
19,890000	-0,108694	-0,008621
19,900000	-0,103436	-0,008621
19,910000	-0,103436	-0,013880
19,920000	-0,098178	-0,019138
19,930000	-0,092920	-0,024397
19,940000	-0,087661	-0,029655
19,950000	-0,082403	-0,040173
19,960000	-0,077145	-0,045431
19,970000	-0,071887	-0,050690
19,980000	-0,066629	-0,061207
19,990000	-0,056113	-0,071724
