t (s)	U1(V)	U2(V)
0,000000	0,217312	-0,355686
0,010000	0,206796	-0,339911
0,020000	0,185763	-0,324135
0,030000	0,175247	-0,308359
0,040000	0,154214	-0,297842
0,050000	0,138439	-0,287325
0,060000	0,127923	-0,266291
0,070000	0,112149	-0,255774
0,080000	0,096374	-0,245257
0,090000	0,080600	-0,229481
0,100000	0,070083	-0,218964
0,110000	0,054309	-0,203188
0,120000	0,043793	-0,192671
0,130000	0,028018	-0,176895
0,140000	0,012244	-0,166378
0,150000	0,006985	-0,155861
0,160000	-0,008789	-0,145344
0,170000	-0,019305	-0,129568
0,180000	-0,035080	-0,119051
0,190000	-0,045596	-0,108534
0,200000	-0,050854	-0,098017
0,210000	-0,061371	-0,092758
0,220000	-0,071887	-0,082241
0,230000	-0,077145	-0,071724
0,240000	-0,082403	-0,066465
0,250000	-0,092920	-0,061207
0,260000	-0,092920	-0,055948
0,270000	-0,098178	-0,050690
0,280000	-0,108694	-0,045431
0,290000	-0,108694	-0,040173
0,300000	-0,113952	-0,034914
0,310000	-0,113952	-0,034914
0,320000	-0,113952	-0,029655
0,330000	-0,119210	-0,029655
0,340000	-0,119210	-0,029655
0,350000	-0,119210	-0,029655
0,360000	-0,119210	-0,024397
0,370000	-0,113952	-0,024397
0,380000	-0,119210	-0,024397
0,390000	-0,113952	-0,029655
0,400000	-0,108694	-0,029655
0,410000	-0,108694	-0,034914
0,420000	-0,103436	-0,040173
0,430000	-0,092920	-0,045431
0,440000	-0,092920	-0,055948
0,450000	-0,082403	-0,061207
0,460000	-0,077145	-0,066465
0,470000	-0,071887	-0,076983
0,480000	-0,061371	-0,082241
0,490000	-0,056113	-0,092758
0,500000	-0,045596	-0,098017
0,510000	-0,035080	-0,108534
0,520000	-0,024564	-0,119051
0,530000	-0,019305	-0,129568
0,540000	-0,008789	-0,145344
0,550000	0,006985	-0,150602
0,560000	0,022760	-0,161120
0,570000	0,033276	-0,176895
0,580000	0,049051	-0,187412
0,590000	0,059567	-0,197929
0,600000	0,075342	-0,213705
0,610000	0,091116	-0,224222
0,620000	0,106890	-0,239998
0,630000	0,117407	-0,250515
0,640000	0,127923	-0,261032
0,650000	0,148956	-0,276808
0,660000	0,164730	-0,292584
0,670000	0,180505	-0,308359
0,680000	0,196279	-0,318876
0,690000	0,212054	-0,334652
0,700000	0,222570	-0,350428
0,710000	0,238345	-0,366203
0,720000	0,259377	-0,381979
0,730000	0,275152	-0,397755
0,740000	0,296184	-0,408272
0,750000	0,311959	-0,424048
0,760000	0,327733	-0,439823
0,770000	0,338250	-0,455599
0,780000	0,359282	-0,466116
0,790000	0,375057	-0,481892
0,800000	0,390831	-0,497668
0,810000	0,406606	-0,513443
0,820000	0,417122	-0,529219
0,830000	0,438155	-0,544995
0,840000	0,448671	-0,560770
0,850000	0,464445	-0,571287
0,860000	0,480220	-0,581805
0,870000	0,490736	-0,597580
0,880000	0,506511	-0,608097
0,890000	0,517027	-0,623873
0,900000	0,532802	-0,634390
0,910000	0,548576	-0,644907
0,920000	0,559092	-0,655424
0,930000	0,569609	-0,660683
0,940000	0,580125	-0,671200
0,950000	0,590641	-0,686976
0,960000	0,601158	-0,692234
0,970000	0,611674	-0,702751
0,980000	0,616932	-0,708010
0,990000	0,627448	-0,718527
1,000000	0,637965	-0,729044
1,010000	0,643223	-0,734303
1,020000	0,648481	-0,744820
1,030000	0,653739	-0,750079
1,040000	0,664256	-0,750079
1,050000	0,669514	-0,755337
1,060000	0,674772	-0,760596
1,070000	0,674772	-0,765854
1,080000	0,680030	-0,765854
1,090000	0,680030	-0,765854
1,100000	0,685288	-0,771113
1,110000	0,680030	-0,765854
1,120000	0,685288	-0,765854
1,130000	0,685288	-0,771113
1,140000	0,680030	-0,765854
1,150000	0,680030	-0,765854
1,160000	0,680030	-0,765854
1,170000	0,674772	-0,760596
1,180000	0,669514	-0,760596
1,190000	0,664256	-0,755337
1,200000	0,658997	-0,750079
1,210000	0,653739	-0,744820
1,220000	0,643223	-0,739561
1,230000	0,637965	-0,734303
1,240000	0,632707	-0,729044
1,250000	0,622190	-0,723786
1,260000	0,616932	-0,713269
1,270000	0,606416	-0,702751
1,280000	0,601158	-0,692234
1,290000	0,585383	-0,686976
1,300000	0,574867	-0,671200
1,310000	0,564351	-0,660683
1,320000	0,553834	-0,644907
1,330000	0,538060	-0,639649
1,340000	0,527543	-0,629132
1,350000	0,517027	-0,618614
1,360000	0,506511	-0,602839
1,370000	0,490736	-0,592322
1,380000	0,480220	-0,576546
1,390000	0,464445	-0,566029
1,400000	0,448671	-0,550253
1,410000	0,432897	-0,534477
1,420000	0,417122	-0,523960
1,430000	0,406606	-0,508185
1,440000	0,385573	-0,497668
1,450000	0,369799	-0,476633
1,460000	0,354024	-0,460858
1,470000	0,338250	-0,450340
1,480000	0,322475	-0,439823
1,490000	0,306701	-0,418789
1,500000	0,290926	-0,403013
1,510000	0,275152	-0,392496
1,520000	0,259377	-0,376721
1,530000	0,238345	-0,360945
1,540000	0,222570	-0,345169
1,550000	0,206796	-0,324135
1,560000	0,191021	-0,313618
1,570000	0,175247	-0,292584
1,580000	0,159472	-0,276808
1,590000	0,143698	-0,261032
1,600000	0,127923	-0,250515
1,610000	0,117407	-0,229481
1,620000	0,101632	-0,218964
1,630000	0,085858	-0,203188
1,640000	0,075342	-0,192671
1,650000	0,059567	-0,176895
1,660000	0,043793	-0,166378
1,670000	0,033276	-0,155861
1,680000	0,017502	-0,145344
1,690000	0,006985	-0,134827
1,700000	-0,008789	-0,124310
1,710000	-0,019305	-0,113792
1,720000	-0,029822	-0,103275
1,730000	-0,035080	-0,092758
1,740000	-0,050854	-0,082241
1,750000	-0,056113	-0,071724
1,760000	-0,066629	-0,066465
1,770000	-0,071887	-0,055948
1,780000	-0,082403	-0,050690
1,790000	-0,087661	-0,045431
1,800000	-0,092920	-0,034914
1,810000	-0,098178	-0,024397
1,820000	-0,103436	-0,024397
1,830000	-0,103436	-0,019138
1,840000	-0,108694	-0,013880
1,850000	-0,113952	-0,008621
1,860000	-0,113952	0,001896
1,870000	-0,113952	-0,003363
1,880000	-0,119210	0,001896
1,890000	-0,124469	-0,003363
1,900000	-0,124469	-0,003363
1,910000	-0,119210	-0,008621
1,920000	-0,113952	-0,008621
1,930000	-0,119210	-0,019138
1,940000	-0,113952	-0,019138
1,950000	-0,108694	-0,029655
1,960000	-0,103436	-0,034914
1,970000	-0,098178	-0,040173
1,980000	-0,092920	-0,045431
1,990000	-0,082403	-0,050690
2,000000	-0,082403	-0,061207
2,010000	-0,071887	-0,066465
2,020000	-0,066629	-0,076983
2,030000	-0,056113	-0,076983
2,040000	-0,045596	-0,087500
2,050000	-0,035080	-0,098017
2,060000	-0,024564	-0,108534
2,070000	-0,019305	-0,119051
2,080000	-0,003531	-0,134827
2,090000	0,006985	-0,145344
2,100000	0,022760	-0,155861
2,110000	0,033276	-0,166378
2,120000	0,043793	-0,176895
2,130000	0,059567	-0,192671
2,140000	0,070083	-0,203188
2,150000	0,085858	-0,213705
2,160000	0,096374	-0,229481
2,170000	0,112149	-0,239998
2,180000	0,127923	-0,255774
2,190000	0,143698	-0,271549
2,200000	0,159472	-0,287325
2,210000	0,175247	-0,303101
2,220000	0,191021	-0,318876
2,230000	0,206796	-0,334652
2,240000	0,222570	-0,350428
2,250000	0,233086	-0,360945
2,260000	0,248861	-0,376721
2,270000	0,264635	-0,397755
2,280000	0,285668	-0,408272
2,290000	0,301442	-0,424048
2,300000	0,317217	-0,439823
2,310000	0,332991	-0,455599
2,320000	0,354024	-0,466116
2,330000	0,364540	-0,481892
2,340000	0,380315	-0,497668
2,350000	0,396089	-0,508185
2,360000	0,411864	-0,523960
2,370000	0,427638	-0,534477
2,380000	0,443413	-0,550253
2,390000	0,459187	-0,566029
2,400000	0,469704	-0,576546
2,410000	0,485478	-0,587063
2,420000	0,501253	-0,597580
2,430000	0,511769	-0,613356
2,440000	0,527543	-0,623873
2,450000	0,538060	-0,634390
2,460000	0,548576	-0,644907
2,470000	0,559092	-0,650166
2,480000	0,569609	-0,660683
2,490000	0,580125	-0,671200
2,500000	0,590641	-0,681717
2,510000	0,601158	-0,692234
2,520000	0,611674	-0,697493
2,530000	0,616932	-0,708010
2,540000	0,627448	-0,713269
2,550000	0,637965	-0,723786
2,560000	0,643223	-0,729044
2,570000	0,648481	-0,734303
2,580000	0,653739	-0,734303
2,590000	0,653739	-0,739561
2,600000	0,664256	-0,744820
2,610000	0,669514	-0,750079
2,620000	0,669514	-0,750079
2,630000	0,669514	-0,755337
2,640000	0,674772	-0,760596
2,650000	0,674772	-0,760596
2,660000	0,674772	-0,760596
2,670000	0,674772	-0,755337
2,680000	0,674772	-0,755337
2,690000	0,674772	-0,755337
2,700000	0,674772	-0,750079
2,710000	0,669514	-0,750079
2,720000	0,669514	-0,744820
2,730000	0,664256	-0,739561
2,740000	0,653739	-0,729044
2,750000	0,648481	-0,723786
2,760000	0,643223	-0,718527
2,770000	0,637965	-0,713269
2,780000	0,627448	-0,708010
2,790000	0,622190	-0,702751
2,800000	0,611674	-0,692234
2,810000	0,601158	-0,686976
2,820000	0,595900	-0,671200
2,830000	0,580125	-0,665942
2,840000	0,574867	-0,655424
2,850000	0,564351	-0,644907
2,860000	0,548576	-0,634390
2,870000	0,538060	-0,629132
2,880000	0,527543	-0,618614
2,890000	0,511769	-0,608097
2,900000	0,501253	-0,597580
2,910000	0,485478	-0,581805
2,920000	0,474962	-0,566029
2,930000	0,459187	-0,555512
2,940000	0,448671	-0,539736
2,950000	0,432897	-0,529219
2,960000	0,417122	-0,518702
2,970000	0,401348	-0,502926
2,980000	0,385573	-0,487150
2,990000	0,369799	-0,471375
3,000000	0,354024	-0,450340
3,010000	0,338250	-0,439823
3,020000	0,322475	-0,418789
3,030000	0,306701	-0,403013
3,040000	0,290926	-0,392496
3,050000	0,275152	-0,376721
3,060000	0,259377	-0,360945
3,070000	0,248861	-0,345169
3,080000	0,227828	-0,334652
3,090000	0,217312	-0,318876
3,100000	0,196279	-0,308359
3,110000	0,185763	-0,292584
3,120000	0,164730	-0,276808
3,130000	0,154214	-0,261032
3,140000	0,138439	-0,250515
3,150000	0,122665	-0,239998
3,160000	0,106890	-0,224222
3,170000	0,091116	-0,208447
3,180000	0,080600	-0,197929
3,190000	0,064825	-0,182154
3,200000	0,054309	-0,171637
3,210000	0,038534	-0,155861
3,220000	0,028018	-0,145344
3,230000	0,012244	-0,134827
3,240000	0,001727	-0,124310
3,250000	-0,014047	-0,113792
3,260000	-0,019305	-0,103275
3,270000	-0,035080	-0,098017
3,280000	-0,040338	-0,087500
3,290000	-0,050854	-0,076983
3,300000	-0,061371	-0,071724
3,310000	-0,066629	-0,061207
3,320000	-0,071887	-0,055948
3,330000	-0,082403	-0,050690
3,340000	-0,087661	-0,045431
3,350000	-0,092920	-0,040173
3,360000	-0,092920	-0,034914
3,370000	-0,098178	-0,029655
3,380000	-0,103436	-0,029655
3,390000	-0,108694	-0,024397
3,400000	-0,108694	-0,024397
3,410000	-0,108694	-0,024397
3,420000	-0,108694	-0,019138
3,430000	-0,108694	-0,024397
3,440000	-0,108694	-0,024397
3,450000	-0,108694	-0,024397
3,460000	-0,108694	-0,024397
3,470000	-0,103436	-0,029655
3,480000	-0,103436	-0,029655
3,490000	-0,098178	-0,034914
3,500000	-0,098178	-0,040173
3,510000	-0,092920	-0,040173
3,520000	-0,087661	-0,045431
3,530000	-0,082403	-0,045431
3,540000	-0,071887	-0,055948
3,550000	-0,066629	-0,066465
3,560000	-0,056113	-0,071724
3,570000	-0,050854	-0,076983
3,580000	-0,040338	-0,087500
3,590000	-0,029822	-0,098017
3,600000	-0,019305	-0,103275
3,610000	-0,014047	-0,113792
3,620000	0,006985	-0,129568
3,630000	0,012244	-0,134827
3,640000	0,022760	-0,155861
3,650000	0,038534	-0,166378
3,660000	0,054309	-0,176895
3,670000	0,064825	-0,192671
3,680000	0,075342	-0,203188
3,690000	0,091116	-0,218964
3,700000	0,106890	-0,234739
3,710000	0,122665	-0,250515
3,720000	0,133181	-0,261032
3,730000	0,154214	-0,276808
3,740000	0,164730	-0,287325
3,750000	0,180505	-0,303101
3,760000	0,196279	-0,313618
3,770000	0,212054	-0,329394
3,780000	0,227828	-0,345169
3,790000	0,243603	-0,355686
3,800000	0,259377	-0,371462
3,810000	0,275152	-0,387238
3,820000	0,290926	-0,408272
3,830000	0,306701	-0,424048
3,840000	0,322475	-0,439823
3,850000	0,338250	-0,450340
3,860000	0,354024	-0,471375
3,870000	0,369799	-0,481892
3,880000	0,390831	-0,502926
3,890000	0,401348	-0,518702
3,900000	0,417122	-0,529219
3,910000	0,427638	-0,550253
3,920000	0,443413	-0,566029
3,930000	0,459187	-0,576546
3,940000	0,469704	-0,592322
3,950000	0,485478	-0,613356
3,960000	0,501253	-0,623873
3,970000	0,511769	-0,639649
3,980000	0,527543	-0,650166
3,990000	0,538060	-0,665942
4,000000	0,548576	-0,671200
4,010000	0,559092	-0,686976
4,020000	0,569609	-0,692234
4,030000	0,580125	-0,708010
4,040000	0,590641	-0,713269
4,050000	0,601158	-0,723786
4,060000	0,606416	-0,734303
4,070000	0,611674	-0,739561
4,080000	0,622190	-0,750079
4,090000	0,632707	-0,755337
4,100000	0,637965	-0,760596
4,110000	0,643223	-0,765854
4,120000	0,643223	-0,771113
4,130000	0,653739	-0,776371
4,140000	0,658997	-0,776371
4,150000	0,658997	-0,781630
4,160000	0,664256	-0,781630
4,170000	0,664256	-0,786888
4,180000	0,664256	-0,786888
4,190000	0,664256	-0,781630
4,200000	0,664256	-0,781630
4,210000	0,664256	-0,781630
4,220000	0,664256	-0,781630
4,230000	0,664256	-0,781630
4,240000	0,658997	-0,771113
4,250000	0,653739	-0,771113
4,260000	0,653739	-0,765854
4,270000	0,648481	-0,765854
4,280000	0,643223	-0,760596
4,290000	0,637965	-0,755337
4,300000	0,632707	-0,744820
4,310000	0,622190	-0,739561
4,320000	0,622190	-0,729044
4,330000	0,611674	-0,723786
4,340000	0,601158	-0,713269
4,350000	0,590641	-0,708010
4,360000	0,585383	-0,697493
4,370000	0,574867	-0,686976
4,380000	0,564351	-0,676459
4,390000	0,553834	-0,665942
4,400000	0,538060	-0,650166
4,410000	0,527543	-0,639649
4,420000	0,517027	-0,629132
4,430000	0,506511	-0,613356
4,440000	0,495994	-0,597580
4,450000	0,480220	-0,587063
4,460000	0,469704	-0,571287
4,470000	0,453929	-0,560770
4,480000	0,432897	-0,544995
4,490000	0,422380	-0,529219
4,500000	0,411864	-0,508185
4,510000	0,396089	-0,497668
4,520000	0,375057	-0,481892
4,530000	0,364540	-0,466116
4,540000	0,348766	-0,455599
4,550000	0,327733	-0,434565
4,560000	0,317217	-0,418789
4,570000	0,301442	-0,403013
4,580000	0,285668	-0,387238
4,590000	0,269894	-0,371462
4,600000	0,248861	-0,355686
4,610000	0,238345	-0,345169
4,620000	0,217312	-0,329394
4,630000	0,206796	-0,313618
4,640000	0,191021	-0,303101
4,650000	0,175247	-0,287325
4,660000	0,159472	-0,271549
4,670000	0,143698	-0,255774
4,680000	0,127923	-0,239998
4,690000	0,112149	-0,229481
4,700000	0,101632	-0,213705
4,710000	0,085858	-0,203188
4,720000	0,075342	-0,187412
4,730000	0,059567	-0,176895
4,740000	0,049051	-0,166378
4,750000	0,038534	-0,150602
4,760000	0,028018	-0,140085
4,770000	0,012244	-0,129568
4,780000	0,001727	-0,119051
4,790000	-0,014047	-0,108534
4,800000	-0,019305	-0,098017
4,810000	-0,029822	-0,087500
4,820000	-0,035080	-0,082241
4,830000	-0,050854	-0,076983
4,840000	-0,056113	-0,066465
4,850000	-0,061371	-0,055948
4,860000	-0,071887	-0,050690
4,870000	-0,077145	-0,050690
4,880000	-0,082403	-0,040173
4,890000	-0,087661	-0,034914
4,900000	-0,092920	-0,034914
4,910000	-0,098178	-0,029655
4,920000	-0,098178	-0,024397
4,930000	-0,103436	-0,024397
4,940000	-0,108694	-0,019138
4,950000	-0,108694	-0,019138
4,960000	-0,103436	-0,019138
4,970000	-0,108694	-0,019138
4,980000	-0,108694	-0,019138
4,990000	-0,108694	-0,019138
5,000000	-0,103436	-0,024397
5,010000	-0,103436	-0,024397
5,020000	-0,103436	-0,029655
5,030000	-0,092920	-0,034914
5,040000	-0,087661	-0,034914
5,050000	-0,087661	-0,045431
5,060000	-0,082403	-0,050690
5,070000	-0,071887	-0,061207
5,080000	-0,066629	-0,066465
5,090000	-0,056113	-0,071724
5,100000	-0,050854	-0,082241
5,110000	-0,040338	-0,092758
5,120000	-0,035080	-0,103275
5,130000	-0,024564	-0,108534
5,140000	-0,019305	-0,119051
5,150000	-0,003531	-0,129568
5,160000	0,006985	-0,140085
5,170000	0,017502	-0,150602
5,180000	0,033276	-0,161120
5,190000	0,043793	-0,176895
5,200000	0,059567	-0,187412
5,210000	0,075342	-0,197929
5,220000	0,085858	-0,213705
5,230000	0,101632	-0,224222
5,240000	0,117407	-0,239998
5,250000	0,127923	-0,255774
5,260000	0,143698	-0,276808
5,270000	0,159472	-0,287325
5,280000	0,175247	-0,303101
5,290000	0,191021	-0,318876
5,300000	0,206796	-0,334652
5,310000	0,222570	-0,350428
5,320000	0,238345	-0,366203
5,330000	0,254119	-0,381979
5,340000	0,269894	-0,403013
5,350000	0,285668	-0,418789
5,360000	0,296184	-0,434565
5,370000	0,317217	-0,450340
5,380000	0,332991	-0,466116
5,390000	0,348766	-0,481892
5,400000	0,359282	-0,497668
5,410000	0,375057	-0,513443
5,420000	0,385573	-0,529219
5,430000	0,401348	-0,539736
5,440000	0,417122	-0,555512
5,450000	0,432897	-0,566029
5,460000	0,443413	-0,576546
5,470000	0,459187	-0,587063
5,480000	0,469704	-0,597580
5,490000	0,485478	-0,613356
5,500000	0,501253	-0,623873
5,510000	0,511769	-0,639649
5,520000	0,527543	-0,650166
5,530000	0,538060	-0,660683
5,540000	0,548576	-0,671200
5,550000	0,559092	-0,681717
5,560000	0,569609	-0,697493
5,570000	0,580125	-0,708010
5,580000	0,590641	-0,718527
5,590000	0,601158	-0,729044
5,600000	0,611674	-0,734303
5,610000	0,616932	-0,739561
5,620000	0,622190	-0,750079
5,630000	0,627448	-0,750079
5,640000	0,637965	-0,760596
5,650000	0,643223	-0,765854
5,660000	0,648481	-0,771113
5,670000	0,648481	-0,781630
5,680000	0,653739	-0,781630
5,690000	0,653739	-0,781630
5,700000	0,658997	-0,786888
5,710000	0,664256	-0,786888
5,720000	0,664256	-0,786888
5,730000	0,664256	-0,786888
5,740000	0,664256	-0,786888
5,750000	0,664256	-0,786888
5,760000	0,658997	-0,786888
5,770000	0,658997	-0,786888
5,780000	0,653739	-0,781630
5,790000	0,653739	-0,776371
5,800000	0,648481	-0,771113
5,810000	0,643223	-0,771113
5,820000	0,637965	-0,760596
5,830000	0,632707	-0,755337
5,840000	0,627448	-0,744820
5,850000	0,616932	-0,744820
5,860000	0,611674	-0,734303
5,870000	0,601158	-0,734303
5,880000	0,595900	-0,723786
5,890000	0,585383	-0,718527
5,900000	0,574867	-0,708010
5,910000	0,569609	-0,697493
5,920000	0,553834	-0,686976
5,930000	0,543318	-0,676459
5,940000	0,532802	-0,665942
5,950000	0,522285	-0,650166
5,960000	0,506511	-0,639649
5,970000	0,490736	-0,623873
5,980000	0,480220	-0,613356
5,990000	0,464445	-0,597580
6,000000	0,453929	-0,587063
6,010000	0,443413	-0,571287
6,020000	0,422380	-0,560770
6,030000	0,411864	-0,539736
6,040000	0,396089	-0,529219
6,050000	0,380315	-0,513443
6,060000	0,364540	-0,502926
6,070000	0,348766	-0,487150
6,080000	0,332991	-0,471375
6,090000	0,322475	-0,455599
6,100000	0,306701	-0,439823
6,110000	0,290926	-0,424048
6,120000	0,275152	-0,408272
6,130000	0,259377	-0,392496
6,140000	0,243603	-0,376721
6,150000	0,227828	-0,360945
6,160000	0,212054	-0,345169
6,170000	0,196279	-0,329394
6,180000	0,180505	-0,308359
6,190000	0,169988	-0,297842
6,200000	0,148956	-0,282066
6,210000	0,138439	-0,261032
6,220000	0,122665	-0,250515
6,230000	0,112149	-0,234739
6,240000	0,096374	-0,218964
6,250000	0,080600	-0,208447
6,260000	0,070083	-0,192671
6,270000	0,054309	-0,182154
6,280000	0,043793	-0,171637
6,290000	0,033276	-0,155861
6,300000	0,017502	-0,145344
6,310000	0,012244	-0,134827
6,320000	0,001727	-0,129568
6,330000	-0,014047	-0,113792
6,340000	-0,024564	-0,108534
6,350000	-0,035080	-0,092758
6,360000	-0,040338	-0,087500
6,370000	-0,056113	-0,076983
6,380000	-0,061371	-0,066465
6,390000	-0,066629	-0,061207
6,400000	-0,071887	-0,055948
6,410000	-0,077145	-0,045431
6,420000	-0,082403	-0,040173
6,430000	-0,087661	-0,034914
6,440000	-0,087661	-0,034914
6,450000	-0,092920	-0,029655
6,460000	-0,098178	-0,024397
6,470000	-0,103436	-0,024397
6,480000	-0,103436	-0,019138
6,490000	-0,103436	-0,019138
6,500000	-0,103436	-0,019138
6,510000	-0,103436	-0,024397
6,520000	-0,103436	-0,024397
6,530000	-0,103436	-0,024397
6,540000	-0,098178	-0,024397
6,550000	-0,098178	-0,029655
6,560000	-0,092920	-0,029655
6,570000	-0,087661	-0,029655
6,580000	-0,087661	-0,034914
6,590000	-0,077145	-0,040173
6,600000	-0,071887	-0,045431
6,610000	-0,066629	-0,050690
6,620000	-0,061371	-0,055948
6,630000	-0,050854	-0,066465
6,640000	-0,045596	-0,071724
6,650000	-0,035080	-0,082241
6,660000	-0,029822	-0,092758
6,670000	-0,019305	-0,103275
6,680000	-0,008789	-0,108534
6,690000	0,006985	-0,119051
6,700000	0,017502	-0,129568
6,710000	0,028018	-0,140085
6,720000	0,043793	-0,155861
6,730000	0,054309	-0,166378
6,740000	0,070083	-0,182154
6,750000	0,080600	-0,192671
6,760000	0,096374	-0,203188
6,770000	0,112149	-0,218964
6,780000	0,122665	-0,234739
6,790000	0,138439	-0,250515
6,800000	0,154214	-0,266291
6,810000	0,164730	-0,282066
6,820000	0,180505	-0,297842
6,830000	0,196279	-0,313618
6,840000	0,212054	-0,334652
6,850000	0,227828	-0,345169
6,860000	0,243603	-0,360945
6,870000	0,254119	-0,376721
6,880000	0,269894	-0,392496
6,890000	0,290926	-0,408272
6,900000	0,306701	-0,424048
6,910000	0,322475	-0,439823
6,920000	0,338250	-0,455599
6,930000	0,348766	-0,471375
6,940000	0,369799	-0,487150
6,950000	0,385573	-0,497668
6,960000	0,401348	-0,513443
6,970000	0,417122	-0,529219
6,980000	0,427638	-0,544995
6,990000	0,443413	-0,555512
7,000000	0,459187	-0,571287
7,010000	0,469704	-0,587063
7,020000	0,485478	-0,597580
7,030000	0,495994	-0,613356
7,040000	0,511769	-0,623873
7,050000	0,522285	-0,634390
7,060000	0,532802	-0,644907
7,070000	0,548576	-0,660683
7,080000	0,559092	-0,671200
7,090000	0,569609	-0,681717
7,100000	0,574867	-0,686976
7,110000	0,585383	-0,697493
7,120000	0,595900	-0,702751
7,130000	0,606416	-0,718527
7,140000	0,616932	-0,723786
7,150000	0,622190	-0,729044
7,160000	0,632707	-0,734303
7,170000	0,637965	-0,739561
7,180000	0,643223	-0,750079
7,190000	0,643223	-0,755337
7,200000	0,648481	-0,760596
7,210000	0,658997	-0,765854
7,220000	0,658997	-0,765854
7,230000	0,658997	-0,771113
7,240000	0,664256	-0,776371
7,250000	0,664256	-0,776371
7,260000	0,664256	-0,771113
7,270000	0,669514	-0,776371
7,280000	0,664256	-0,776371
7,290000	0,664256	-0,776371
7,300000	0,664256	-0,776371
7,310000	0,658997	-0,771113
7,320000	0,658997	-0,765854
7,330000	0,653739	-0,765854
7,340000	0,653739	-0,760596
7,350000	0,648481	-0,755337
7,360000	0,643223	-0,744820
7,370000	0,632707	-0,744820
7,380000	0,627448	-0,739561
7,390000	0,622190	-0,729044
7,400000	0,611674	-0,723786
7,410000	0,606416	-0,713269
7,420000	0,595900	-0,702751
7,430000	0,585383	-0,697493
7,440000	0,574867	-0,692234
7,450000	0,564351	-0,676459
7,460000	0,553834	-0,671200
7,470000	0,548576	-0,655424
7,480000	0,527543	-0,644907
7,490000	0,522285	-0,634390
7,500000	0,506511	-0,623873
7,510000	0,495994	-0,613356
7,520000	0,480220	-0,597580
7,530000	0,464445	-0,587063
7,540000	0,453929	-0,571287
7,550000	0,438155	-0,560770
7,560000	0,422380	-0,544995
7,570000	0,406606	-0,529219
7,580000	0,396089	-0,513443
7,590000	0,380315	-0,502926
7,600000	0,364540	-0,487150
7,610000	0,348766	-0,471375
7,620000	0,332991	-0,455599
7,630000	0,317217	-0,445082
7,640000	0,301442	-0,429306
7,650000	0,285668	-0,418789
7,660000	0,269894	-0,397755
7,670000	0,254119	-0,381979
7,680000	0,238345	-0,366203
7,690000	0,222570	-0,350428
7,700000	0,206796	-0,329394
7,710000	0,191021	-0,313618
7,720000	0,175247	-0,303101
7,730000	0,159472	-0,287325
7,740000	0,143698	-0,271549
7,750000	0,133181	-0,261032
7,760000	0,117407	-0,245257
7,770000	0,101632	-0,229481
7,780000	0,085858	-0,213705
7,790000	0,075342	-0,197929
7,800000	0,064825	-0,187412
7,810000	0,054309	-0,171637
7,820000	0,038534	-0,155861
7,830000	0,028018	-0,145344
7,840000	0,012244	-0,140085
7,850000	0,001727	-0,129568
7,860000	-0,008789	-0,113792
7,870000	-0,024564	-0,103275
7,880000	-0,029822	-0,098017
7,890000	-0,040338	-0,087500
7,900000	-0,050854	-0,076983
7,910000	-0,061371	-0,071724
7,920000	-0,066629	-0,071724
7,930000	-0,071887	-0,055948
7,940000	-0,082403	-0,055948
7,950000	-0,087661	-0,045431
7,960000	-0,092920	-0,040173
7,970000	-0,092920	-0,034914
7,980000	-0,098178	-0,029655
7,990000	-0,098178	-0,024397
8,000000	-0,103436	-0,024397
8,010000	-0,103436	-0,019138
8,020000	-0,103436	-0,019138
8,030000	-0,108694	-0,013880
8,040000	-0,103436	-0,013880
8,050000	-0,103436	-0,013880
8,060000	-0,103436	-0,013880
8,070000	-0,103436	-0,019138
8,080000	-0,103436	-0,019138
8,090000	-0,092920	-0,024397
8,100000	-0,098178	-0,034914
8,110000	-0,092920	-0,040173
8,120000	-0,087661	-0,045431
8,130000	-0,082403	-0,045431
8,140000	-0,077145	-0,050690
8,150000	-0,071887	-0,061207
8,160000	-0,061371	-0,071724
8,170000	-0,056113	-0,076983
8,180000	-0,050854	-0,087500
8,190000	-0,040338	-0,098017
8,200000	-0,029822	-0,103275
8,210000	-0,024564	-0,113792
8,220000	-0,014047	-0,124310
8,230000	0,001727	-0,140085
8,240000	0,012244	-0,145344
8,250000	0,022760	-0,155861
8,260000	0,038534	-0,171637
8,270000	0,049051	-0,182154
8,280000	0,064825	-0,197929
8,290000	0,075342	-0,213705
8,300000	0,091116	-0,224222
8,310000	0,106890	-0,239998
8,320000	0,117407	-0,255774
8,330000	0,138439	-0,271549
8,340000	0,148956	-0,282066
8,350000	0,169988	-0,297842
8,360000	0,180505	-0,313618
8,370000	0,196279	-0,324135
8,380000	0,212054	-0,339911
8,390000	0,227828	-0,355686
8,400000	0,243603	-0,371462
8,410000	0,259377	-0,376721
8,420000	0,275152	-0,397755
8,430000	0,290926	-0,408272
8,440000	0,306701	-0,424048
8,450000	0,322475	-0,434565
8,460000	0,338250	-0,450340
8,470000	0,354024	-0,460858
8,480000	0,369799	-0,476633
8,490000	0,385573	-0,492409
8,500000	0,401348	-0,508185
8,510000	0,417122	-0,523960
8,520000	0,432897	-0,534477
8,530000	0,443413	-0,550253
8,540000	0,459187	-0,560770
8,550000	0,474962	-0,576546
8,560000	0,485478	-0,587063
8,570000	0,501253	-0,602839
8,580000	0,511769	-0,618614
8,590000	0,527543	-0,629132
8,600000	0,538060	-0,644907
8,610000	0,548576	-0,655424
8,620000	0,559092	-0,665942
8,630000	0,574867	-0,681717
8,640000	0,580125	-0,692234
8,650000	0,595900	-0,697493
8,660000	0,601158	-0,713269
8,670000	0,611674	-0,718527
8,680000	0,616932	-0,729044
8,690000	0,627448	-0,734303
8,700000	0,632707	-0,739561
8,710000	0,643223	-0,744820
8,720000	0,648481	-0,755337
8,730000	0,653739	-0,755337
8,740000	0,658997	-0,760596
8,750000	0,664256	-0,760596
8,760000	0,664256	-0,771113
8,770000	0,664256	-0,771113
8,780000	0,669514	-0,771113
8,790000	0,669514	-0,776371
8,800000	0,669514	-0,776371
8,810000	0,674772	-0,781630
8,820000	0,674772	-0,776371
8,830000	0,669514	-0,781630
8,840000	0,664256	-0,786888
8,850000	0,664256	-0,776371
8,860000	0,664256	-0,776371
8,870000	0,658997	-0,771113
8,880000	0,653739	-0,771113
8,890000	0,648481	-0,760596
8,900000	0,643223	-0,760596
8,910000	0,637965	-0,750079
8,920000	0,627448	-0,744820
8,930000	0,622190	-0,739561
8,940000	0,611674	-0,729044
8,950000	0,606416	-0,718527
8,960000	0,595900	-0,708010
8,970000	0,585383	-0,697493
8,980000	0,574867	-0,686976
8,990000	0,569609	-0,676459
9,000000	0,553834	-0,665942
9,010000	0,543318	-0,655424
9,020000	0,527543	-0,639649
9,030000	0,517027	-0,629132
9,040000	0,506511	-0,613356
9,050000	0,490736	-0,602839
9,060000	0,474962	-0,587063
9,070000	0,459187	-0,576546
9,080000	0,448671	-0,560770
9,090000	0,432897	-0,550253
9,100000	0,417122	-0,534477
9,110000	0,406606	-0,523960
9,120000	0,385573	-0,502926
9,130000	0,369799	-0,492409
9,140000	0,354024	-0,476633
9,150000	0,343508	-0,460858
9,160000	0,322475	-0,450340
9,170000	0,306701	-0,439823
9,180000	0,296184	-0,424048
9,190000	0,275152	-0,408272
9,200000	0,259377	-0,392496
9,210000	0,248861	-0,376721
9,220000	0,227828	-0,366203
9,230000	0,217312	-0,350428
9,240000	0,196279	-0,334652
9,250000	0,185763	-0,324135
9,260000	0,164730	-0,303101
9,270000	0,154214	-0,292584
9,280000	0,138439	-0,282066
9,290000	0,127923	-0,266291
9,300000	0,112149	-0,250515
9,310000	0,096374	-0,239998
9,320000	0,080600	-0,224222
9,330000	0,070083	-0,208447
9,340000	0,054309	-0,197929
9,350000	0,049051	-0,187412
9,360000	0,033276	-0,171637
9,370000	0,017502	-0,161120
9,380000	0,006985	-0,150602
9,390000	-0,003531	-0,134827
9,400000	-0,019305	-0,124310
9,410000	-0,029822	-0,113792
9,420000	-0,040338	-0,108534
9,430000	-0,045596	-0,098017
9,440000	-0,056113	-0,087500
9,450000	-0,061371	-0,076983
9,460000	-0,071887	-0,071724
9,470000	-0,077145	-0,066465
9,480000	-0,082403	-0,055948
9,490000	-0,092920	-0,050690
9,500000	-0,092920	-0,045431
9,510000	-0,098178	-0,045431
9,520000	-0,103436	-0,040173
9,530000	-0,108694	-0,040173
9,540000	-0,108694	-0,034914
9,550000	-0,113952	-0,034914
9,560000	-0,113952	-0,029655
9,570000	-0,113952	-0,029655
9,580000	-0,113952	-0,024397
9,590000	-0,113952	-0,024397
9,600000	-0,108694	-0,024397
9,610000	-0,108694	-0,029655
9,620000	-0,103436	-0,029655
9,630000	-0,103436	-0,034914
9,640000	-0,098178	-0,034914
9,650000	-0,098178	-0,045431
9,660000	-0,092920	-0,045431
9,670000	-0,087661	-0,050690
9,680000	-0,077145	-0,055948
9,690000	-0,071887	-0,061207
9,700000	-0,061371	-0,066465
9,710000	-0,056113	-0,076983
9,720000	-0,045596	-0,082241
9,730000	-0,040338	-0,092758
9,740000	-0,029822	-0,098017
9,750000	-0,019305	-0,108534
9,760000	-0,008789	-0,119051
9,770000	0,001727	-0,129568
9,780000	0,017502	-0,134827
9,790000	0,028018	-0,145344
9,800000	0,038534	-0,155861
9,810000	0,054309	-0,171637
9,820000	0,064825	-0,182154
9,830000	0,080600	-0,197929
9,840000	0,096374	-0,208447
9,850000	0,112149	-0,218964
9,860000	0,122665	-0,234739
9,870000	0,138439	-0,245257
9,880000	0,154214	-0,261032
9,890000	0,169988	-0,276808
9,900000	0,185763	-0,297842
9,910000	0,201537	-0,308359
9,920000	0,212054	-0,324135
9,930000	0,233086	-0,339911
9,940000	0,243603	-0,360945
9,950000	0,264635	-0,376721
9,960000	0,275152	-0,392496
9,970000	0,296184	-0,408272
9,980000	0,306701	-0,424048
9,990000	0,327733	-0,439823
10,000000	0,343508	-0,455599
10,010000	0,359282	-0,466116
10,020000	0,369799	-0,481892
10,030000	0,390831	-0,497668
10,040000	0,401348	-0,513443
10,050000	0,417122	-0,523960
10,060000	0,432897	-0,539736
10,070000	0,448671	-0,550253
10,080000	0,459187	-0,566029
10,090000	0,474962	-0,576546
10,100000	0,490736	-0,587063
10,110000	0,506511	-0,597580
10,120000	0,517027	-0,613356
10,130000	0,527543	-0,618614
10,140000	0,538060	-0,629132
10,150000	0,548576	-0,639649
10,160000	0,559092	-0,655424
10,170000	0,574867	-0,660683
10,180000	0,585383	-0,676459
10,190000	0,590641	-0,681717
10,200000	0,601158	-0,697493
10,210000	0,611674	-0,702751
10,220000	0,616932	-0,713269
10,230000	0,627448	-0,718527
10,240000	0,632707	-0,723786
10,250000	0,643223	-0,734303
10,260000	0,643223	-0,739561
10,270000	0,653739	-0,739561
10,280000	0,653739	-0,744820
10,290000	0,658997	-0,750079
10,300000	0,658997	-0,755337
10,310000	0,664256	-0,755337
10,320000	0,664256	-0,760596
10,330000	0,664256	-0,760596
10,340000	0,664256	-0,755337
10,350000	0,669514	-0,760596
10,360000	0,669514	-0,760596
10,370000	0,669514	-0,755337
10,380000	0,669514	-0,755337
10,390000	0,664256	-0,755337
10,400000	0,658997	-0,750079
10,410000	0,658997	-0,750079
10,420000	0,658997	-0,744820
10,430000	0,648481	-0,739561
10,440000	0,643223	-0,734303
10,450000	0,637965	-0,729044
10,460000	0,632707	-0,723786
10,470000	0,627448	-0,713269
10,480000	0,616932	-0,702751
10,490000	0,611674	-0,697493
10,500000	0,601158	-0,686976
10,510000	0,590641	-0,676459
10,520000	0,580125	-0,671200
10,530000	0,569609	-0,655424
10,540000	0,559092	-0,644907
10,550000	0,548576	-0,639649
10,560000	0,538060	-0,623873
10,570000	0,522285	-0,613356
10,580000	0,511769	-0,602839
10,590000	0,495994	-0,587063
10,600000	0,485478	-0,576546
10,610000	0,469704	-0,560770
10,620000	0,459187	-0,550253
10,630000	0,443413	-0,539736
10,640000	0,427638	-0,523960
10,650000	0,411864	-0,508185
10,660000	0,396089	-0,492409
10,670000	0,380315	-0,481892
10,680000	0,364540	-0,466116
10,690000	0,348766	-0,455599
10,700000	0,332991	-0,434565
10,710000	0,311959	-0,424048
10,720000	0,301442	-0,408272
10,730000	0,285668	-0,392496
10,740000	0,269894	-0,376721
10,750000	0,254119	-0,360945
10,760000	0,233086	-0,345169
10,770000	0,222570	-0,334652
10,780000	0,206796	-0,318876
10,790000	0,191021	-0,303101
10,800000	0,175247	-0,287325
10,810000	0,159472	-0,271549
10,820000	0,143698	-0,261032
10,830000	0,127923	-0,245257
10,840000	0,112149	-0,234739
10,850000	0,096374	-0,224222
10,860000	0,085858	-0,213705
10,870000	0,070083	-0,197929
10,880000	0,054309	-0,187412
10,890000	0,043793	-0,171637
10,900000	0,028018	-0,161120
10,910000	0,017502	-0,150602
10,920000	0,012244	-0,140085
10,930000	-0,008789	-0,129568
10,940000	-0,019305	-0,119051
10,950000	-0,029822	-0,108534
10,960000	-0,040338	-0,098017
10,970000	-0,045596	-0,092758
10,980000	-0,056113	-0,087500
10,990000	-0,066629	-0,071724
11,000000	-0,071887	-0,066465
11,010000	-0,077145	-0,061207
11,020000	-0,087661	-0,055948
11,030000	-0,092920	-0,050690
11,040000	-0,098178	-0,045431
11,050000	-0,098178	-0,040173
11,060000	-0,103436	-0,034914
11,070000	-0,108694	-0,034914
11,080000	-0,113952	-0,029655
11,090000	-0,113952	-0,029655
11,100000	-0,119210	-0,029655
11,110000	-0,119210	-0,024397
11,120000	-0,119210	-0,024397
11,130000	-0,113952	-0,024397
11,140000	-0,113952	-0,029655
11,150000	-0,113952	-0,029655
11,160000	-0,108694	-0,029655
11,170000	-0,108694	-0,034914
11,180000	-0,103436	-0,040173
11,190000	-0,103436	-0,040173
11,200000	-0,092920	-0,050690
11,210000	-0,092920	-0,050690
11,220000	-0,087661	-0,061207
11,230000	-0,082403	-0,061207
11,240000	-0,071887	-0,071724
11,250000	-0,061371	-0,076983
11,260000	-0,050854	-0,087500
11,270000	-0,045596	-0,098017
11,280000	-0,035080	-0,108534
11,290000	-0,019305	-0,119051
11,300000	-0,008789	-0,129568
11,310000	0,001727	-0,145344
11,320000	0,012244	-0,155861
11,330000	0,022760	-0,166378
11,340000	0,038534	-0,176895
11,350000	0,049051	-0,192671
11,360000	0,064825	-0,203188
11,370000	0,080600	-0,218964
11,380000	0,091116	-0,234739
11,390000	0,106890	-0,245257
11,400000	0,122665	-0,266291
11,410000	0,138439	-0,276808
11,420000	0,148956	-0,292584
11,430000	0,164730	-0,308359
11,440000	0,180505	-0,318876
11,450000	0,196279	-0,334652
11,460000	0,212054	-0,350428
11,470000	0,227828	-0,360945
11,480000	0,243603	-0,376721
11,490000	0,259377	-0,392496
11,500000	0,275152	-0,413531
11,510000	0,290926	-0,424048
11,520000	0,306701	-0,439823
11,530000	0,327733	-0,455599
11,540000	0,338250	-0,471375
11,550000	0,359282	-0,487150
11,560000	0,369799	-0,502926
11,570000	0,385573	-0,513443
11,580000	0,401348	-0,529219
11,590000	0,417122	-0,539736
11,600000	0,427638	-0,555512
11,610000	0,443413	-0,566029
11,620000	0,459187	-0,576546
11,630000	0,474962	-0,592322
11,640000	0,485478	-0,602839
11,650000	0,501253	-0,613356
11,660000	0,511769	-0,629132
11,670000	0,527543	-0,639649
11,680000	0,538060	-0,650166
11,690000	0,548576	-0,665942
11,700000	0,559092	-0,671200
11,710000	0,574867	-0,681717
11,720000	0,580125	-0,697493
11,730000	0,590641	-0,702751
11,740000	0,601158	-0,713269
11,750000	0,611674	-0,718527
11,760000	0,616932	-0,734303
11,770000	0,627448	-0,744820
11,780000	0,632707	-0,750079
11,790000	0,643223	-0,755337
11,800000	0,648481	-0,760596
11,810000	0,658997	-0,760596
11,820000	0,658997	-0,771113
11,830000	0,664256	-0,771113
11,840000	0,669514	-0,776371
11,850000	0,669514	-0,776371
11,860000	0,674772	-0,781630
11,870000	0,680030	-0,781630
11,880000	0,680030	-0,781630
11,890000	0,680030	-0,781630
11,900000	0,680030	-0,781630
11,910000	0,674772	-0,776371
11,920000	0,674772	-0,771113
11,930000	0,674772	-0,765854
11,940000	0,669514	-0,760596
11,950000	0,664256	-0,755337
11,960000	0,658997	-0,750079
11,970000	0,653739	-0,744820
11,980000	0,648481	-0,739561
11,990000	0,643223	-0,729044
12,000000	0,637965	-0,723786
12,010000	0,627448	-0,713269
12,020000	0,622190	-0,708010
12,030000	0,611674	-0,697493
12,040000	0,601158	-0,692234
12,050000	0,595900	-0,681717
12,060000	0,580125	-0,671200
12,070000	0,569609	-0,665942
12,080000	0,564351	-0,650166
12,090000	0,548576	-0,639649
12,100000	0,532802	-0,629132
12,110000	0,527543	-0,618614
12,120000	0,511769	-0,608097
12,130000	0,495994	-0,592322
12,140000	0,480220	-0,581805
12,150000	0,469704	-0,566029
12,160000	0,459187	-0,560770
12,170000	0,443413	-0,544995
12,180000	0,422380	-0,534477
12,190000	0,411864	-0,523960
12,200000	0,396089	-0,502926
12,210000	0,380315	-0,492409
12,220000	0,369799	-0,476633
12,230000	0,354024	-0,460858
12,240000	0,338250	-0,445082
12,250000	0,322475	-0,434565
12,260000	0,306701	-0,418789
12,270000	0,285668	-0,397755
12,280000	0,269894	-0,381979
12,290000	0,254119	-0,371462
12,300000	0,238345	-0,355686
12,310000	0,222570	-0,334652
12,320000	0,206796	-0,324135
12,330000	0,191021	-0,308359
12,340000	0,175247	-0,297842
12,350000	0,159472	-0,282066
12,360000	0,143698	-0,271549
12,370000	0,127923	-0,255774
12,380000	0,112149	-0,245257
12,390000	0,101632	-0,229481
12,400000	0,085858	-0,213705
12,410000	0,075342	-0,203188
12,420000	0,059567	-0,192671
12,430000	0,049051	-0,176895
12,440000	0,038534	-0,166378
12,450000	0,028018	-0,155861
12,460000	0,017502	-0,145344
12,470000	0,006985	-0,140085
12,480000	-0,008789	-0,124310
12,490000	-0,019305	-0,119051
12,500000	-0,029822	-0,108534
12,510000	-0,035080	-0,098017
12,520000	-0,040338	-0,087500
12,530000	-0,050854	-0,082241
12,540000	-0,061371	-0,071724
12,550000	-0,066629	-0,066465
12,560000	-0,071887	-0,061207
12,570000	-0,082403	-0,050690
12,580000	-0,082403	-0,045431
12,590000	-0,087661	-0,040173
12,600000	-0,092920	-0,034914
12,610000	-0,098178	-0,034914
12,620000	-0,103436	-0,024397
12,630000	-0,103436	-0,024397
12,640000	-0,108694	-0,024397
12,650000	-0,103436	-0,029655
12,660000	-0,108694	-0,024397
12,670000	-0,108694	-0,029655
12,680000	-0,108694	-0,029655
12,690000	-0,108694	-0,034914
12,700000	-0,103436	-0,034914
12,710000	-0,103436	-0,040173
12,720000	-0,103436	-0,040173
12,730000	-0,098178	-0,045431
12,740000	-0,087661	-0,050690
12,750000	-0,082403	-0,055948
12,760000	-0,077145	-0,066465
12,770000	-0,071887	-0,071724
12,780000	-0,061371	-0,076983
12,790000	-0,056113	-0,092758
12,800000	-0,050854	-0,098017
12,810000	-0,040338	-0,108534
12,820000	-0,029822	-0,119051
12,830000	-0,019305	-0,129568
12,840000	-0,008789	-0,140085
12,850000	0,006985	-0,150602
12,860000	0,012244	-0,161120
12,870000	0,028018	-0,171637
12,880000	0,038534	-0,182154
12,890000	0,054309	-0,192671
12,900000	0,064825	-0,203188
12,910000	0,080600	-0,218964
12,920000	0,091116	-0,229481
12,930000	0,106890	-0,239998
12,940000	0,122665	-0,255774
12,950000	0,138439	-0,266291
12,960000	0,148956	-0,282066
12,970000	0,164730	-0,297842
12,980000	0,180505	-0,313618
12,990000	0,196279	-0,324135
13,000000	0,212054	-0,339911
13,010000	0,227828	-0,355686
13,020000	0,243603	-0,366203
13,030000	0,259377	-0,381979
13,040000	0,275152	-0,397755
13,050000	0,296184	-0,413531
13,060000	0,306701	-0,429306
13,070000	0,322475	-0,445082
13,080000	0,338250	-0,460858
13,090000	0,354024	-0,476633
13,100000	0,369799	-0,487150
13,110000	0,385573	-0,508185
13,120000	0,401348	-0,523960
13,130000	0,417122	-0,539736
13,140000	0,427638	-0,555512
13,150000	0,443413	-0,571287
13,160000	0,453929	-0,581805
13,170000	0,474962	-0,597580
13,180000	0,485478	-0,613356
13,190000	0,501253	-0,623873
13,200000	0,511769	-0,634390
13,210000	0,522285	-0,644907
13,220000	0,532802	-0,655424
13,230000	0,548576	-0,671200
13,240000	0,559092	-0,676459
13,250000	0,569609	-0,692234
13,260000	0,580125	-0,697493
13,270000	0,590641	-0,708010
13,280000	0,595900	-0,718527
13,290000	0,606416	-0,723786
13,300000	0,616932	-0,734303
13,310000	0,622190	-0,739561
13,320000	0,627448	-0,744820
13,330000	0,637965	-0,744820
13,340000	0,637965	-0,750079
13,350000	0,643223	-0,755337
13,360000	0,648481	-0,755337
13,370000	0,658997	-0,760596
13,380000	0,658997	-0,760596
13,390000	0,658997	-0,760596
13,400000	0,658997	-0,760596
13,410000	0,664256	-0,760596
13,420000	0,664256	-0,760596
13,430000	0,664256	-0,760596
13,440000	0,664256	-0,760596
13,450000	0,658997	-0,760596
13,460000	0,658997	-0,755337
13,470000	0,653739	-0,750079
13,480000	0,653739	-0,744820
13,490000	0,648481	-0,744820
13,500000	0,648481	-0,739561
13,510000	0,637965	-0,734303
13,520000	0,637965	-0,729044
13,530000	0,632707	-0,723786
13,540000	0,622190	-0,718527
13,550000	0,616932	-0,713269
13,560000	0,611674	-0,702751
13,570000	0,601158	-0,697493
13,580000	0,590641	-0,686976
13,590000	0,585383	-0,676459
13,600000	0,574867	-0,671200
13,610000	0,564351	-0,655424
13,620000	0,553834	-0,644907
13,630000	0,543318	-0,634390
13,640000	0,532802	-0,623873
13,650000	0,517027	-0,608097
13,660000	0,506511	-0,592322
13,670000	0,490736	-0,587063
13,680000	0,474962	-0,571287
13,690000	0,464445	-0,555512
13,700000	0,448671	-0,544995
13,710000	0,438155	-0,534477
13,720000	0,422380	-0,518702
13,730000	0,411864	-0,508185
13,740000	0,390831	-0,487150
13,750000	0,375057	-0,471375
13,760000	0,359282	-0,460858
13,770000	0,348766	-0,445082
13,780000	0,327733	-0,434565
13,790000	0,317217	-0,418789
13,800000	0,296184	-0,403013
13,810000	0,285668	-0,387238
13,820000	0,264635	-0,371462
13,830000	0,254119	-0,355686
13,840000	0,238345	-0,339911
13,850000	0,217312	-0,324135
13,860000	0,206796	-0,308359
13,870000	0,191021	-0,297842
13,880000	0,175247	-0,282066
13,890000	0,159472	-0,266291
13,900000	0,143698	-0,250515
13,910000	0,127923	-0,239998
13,920000	0,117407	-0,229481
13,930000	0,101632	-0,218964
13,940000	0,091116	-0,203188
13,950000	0,075342	-0,192671
13,960000	0,059567	-0,176895
13,970000	0,049051	-0,166378
13,980000	0,038534	-0,155861
13,990000	0,028018	-0,140085
14,000000	0,017502	-0,129568
14,010000	0,001727	-0,119051
14,020000	-0,008789	-0,108534
14,030000	-0,019305	-0,098017
14,040000	-0,029822	-0,092758
14,050000	-0,040338	-0,076983
14,060000	-0,045596	-0,071724
14,070000	-0,050854	-0,061207
14,080000	-0,066629	-0,055948
14,090000	-0,066629	-0,045431
14,100000	-0,071887	-0,040173
14,110000	-0,077145	-0,040173
14,120000	-0,082403	-0,034914
14,130000	-0,087661	-0,029655
14,140000	-0,092920	-0,024397
14,150000	-0,098178	-0,024397
14,160000	-0,098178	-0,024397
14,170000	-0,098178	-0,019138
14,180000	-0,098178	-0,024397
14,190000	-0,098178	-0,024397
14,200000	-0,103436	-0,024397
14,210000	-0,098178	-0,024397
14,220000	-0,098178	-0,024397
14,230000	-0,092920	-0,034914
14,240000	-0,098178	-0,034914
14,250000	-0,092920	-0,040173
14,260000	-0,092920	-0,040173
14,270000	-0,087661	-0,045431
14,280000	-0,082403	-0,055948
14,290000	-0,077145	-0,055948
14,300000	-0,066629	-0,061207
14,310000	-0,061371	-0,071724
14,320000	-0,050854	-0,082241
14,330000	-0,045596	-0,092758
14,340000	-0,035080	-0,098017
14,350000	-0,029822	-0,108534
14,360000	-0,019305	-0,119051
14,370000	-0,008789	-0,124310
14,380000	0,006985	-0,134827
14,390000	0,017502	-0,150602
14,400000	0,028018	-0,161120
14,410000	0,038534	-0,171637
14,420000	0,054309	-0,182154
14,430000	0,064825	-0,192671
14,440000	0,080600	-0,208447
14,450000	0,091116	-0,218964
14,460000	0,106890	-0,229481
14,470000	0,117407	-0,245257
14,480000	0,133181	-0,255774
14,490000	0,148956	-0,271549
14,500000	0,159472	-0,287325
14,510000	0,175247	-0,303101
14,520000	0,191021	-0,313618
14,530000	0,206796	-0,334652
14,540000	0,217312	-0,345169
14,550000	0,238345	-0,366203
14,560000	0,248861	-0,381979
14,570000	0,264635	-0,397755
14,580000	0,280410	-0,413531
14,590000	0,296184	-0,429306
14,600000	0,311959	-0,439823
14,610000	0,327733	-0,460858
14,620000	0,343508	-0,471375
14,630000	0,359282	-0,487150
14,640000	0,375057	-0,502926
14,650000	0,390831	-0,518702
14,660000	0,401348	-0,534477
14,670000	0,417122	-0,550253
14,680000	0,432897	-0,560770
14,690000	0,448671	-0,576546
14,700000	0,464445	-0,587063
14,710000	0,474962	-0,597580
14,720000	0,490736	-0,613356
14,730000	0,501253	-0,623873
14,740000	0,511769	-0,634390
14,750000	0,522285	-0,650166
14,760000	0,532802	-0,660683
14,770000	0,543318	-0,671200
14,780000	0,559092	-0,681717
14,790000	0,564351	-0,692234
14,800000	0,574867	-0,702751
14,810000	0,585383	-0,708010
14,820000	0,595900	-0,718527
14,830000	0,606416	-0,729044
14,840000	0,611674	-0,734303
14,850000	0,616932	-0,739561
14,860000	0,627448	-0,744820
14,870000	0,632707	-0,750079
14,880000	0,637965	-0,755337
14,890000	0,643223	-0,760596
14,900000	0,648481	-0,765854
14,910000	0,653739	-0,771113
14,920000	0,653739	-0,771113
14,930000	0,653739	-0,765854
14,940000	0,658997	-0,771113
14,950000	0,658997	-0,771113
14,960000	0,658997	-0,776371
14,970000	0,664256	-0,776371
14,980000	0,658997	-0,771113
14,990000	0,658997	-0,776371
15,000000	0,658997	-0,771113
15,010000	0,653739	-0,765854
15,020000	0,648481	-0,765854
15,030000	0,648481	-0,760596
15,040000	0,643223	-0,760596
15,050000	0,637965	-0,750079
15,060000	0,627448	-0,750079
15,070000	0,627448	-0,744820
15,080000	0,616932	-0,734303
15,090000	0,606416	-0,723786
15,100000	0,606416	-0,718527
15,110000	0,595900	-0,708010
15,120000	0,585383	-0,697493
15,130000	0,580125	-0,686976
15,140000	0,564351	-0,681717
15,150000	0,553834	-0,660683
15,160000	0,543318	-0,650166
15,170000	0,532802	-0,639649
15,180000	0,517027	-0,629132
15,190000	0,511769	-0,613356
15,200000	0,495994	-0,602839
15,210000	0,485478	-0,592322
15,220000	0,469704	-0,581805
15,230000	0,453929	-0,571287
15,240000	0,438155	-0,555512
15,250000	0,427638	-0,539736
15,260000	0,406606	-0,529219
15,270000	0,396089	-0,513443
15,280000	0,380315	-0,497668
15,290000	0,364540	-0,481892
15,300000	0,354024	-0,466116
15,310000	0,338250	-0,455599
15,320000	0,317217	-0,439823
15,330000	0,306701	-0,418789
15,340000	0,290926	-0,408272
15,350000	0,275152	-0,387238
15,360000	0,259377	-0,376721
15,370000	0,248861	-0,360945
15,380000	0,233086	-0,339911
15,390000	0,217312	-0,324135
15,400000	0,201537	-0,313618
15,410000	0,185763	-0,297842
15,420000	0,169988	-0,282066
15,430000	0,154214	-0,266291
15,440000	0,138439	-0,245257
15,450000	0,122665	-0,229481
15,460000	0,112149	-0,218964
15,470000	0,096374	-0,203188
15,480000	0,085858	-0,192671
15,490000	0,070083	-0,176895
15,500000	0,059567	-0,161120
15,510000	0,049051	-0,155861
15,520000	0,033276	-0,140085
15,530000	0,022760	-0,129568
15,540000	0,012244	-0,119051
15,550000	-0,003531	-0,108534
15,560000	-0,014047	-0,098017
15,570000	-0,024564	-0,087500
15,580000	-0,029822	-0,076983
15,590000	-0,040338	-0,071724
15,600000	-0,045596	-0,061207
15,610000	-0,056113	-0,055948
15,620000	-0,061371	-0,045431
15,630000	-0,066629	-0,040173
15,640000	-0,077145	-0,034914
15,650000	-0,082403	-0,029655
15,660000	-0,087661	-0,024397
15,670000	-0,092920	-0,024397
15,680000	-0,092920	-0,013880
15,690000	-0,098178	-0,019138
15,700000	-0,103436	-0,013880
15,710000	-0,103436	-0,013880
15,720000	-0,103436	-0,013880
15,730000	-0,103436	-0,013880
15,740000	-0,103436	-0,013880
15,750000	-0,098178	-0,008621
15,760000	-0,098178	-0,013880
15,770000	-0,092920	-0,019138
15,780000	-0,092920	-0,019138
15,790000	-0,087661	-0,019138
15,800000	-0,082403	-0,024397
15,810000	-0,082403	-0,029655
15,820000	-0,071887	-0,034914
15,830000	-0,066629	-0,040173
15,840000	-0,061371	-0,045431
15,850000	-0,050854	-0,055948
15,860000	-0,045596	-0,061207
15,870000	-0,040338	-0,071724
15,880000	-0,035080	-0,082241
15,890000	-0,019305	-0,087500
15,900000	-0,014047	-0,098017
15,910000	0,001727	-0,108534
15,920000	0,012244	-0,124310
15,930000	0,022760	-0,134827
15,940000	0,033276	-0,145344
15,950000	0,043793	-0,155861
15,960000	0,059567	-0,171637
15,970000	0,070083	-0,187412
15,980000	0,080600	-0,197929
15,990000	0,091116	-0,208447
16,000000	0,106890	-0,224222
16,010000	0,122665	-0,239998
16,020000	0,133181	-0,250515
16,030000	0,148956	-0,266291
16,040000	0,159472	-0,282066
16,050000	0,180505	-0,292584
16,060000	0,191021	-0,308359
16,070000	0,206796	-0,324135
16,080000	0,222570	-0,339911
16,090000	0,233086	-0,355686
16,100000	0,248861	-0,366203
16,110000	0,269894	-0,381979
16,120000	0,280410	-0,397755
16,130000	0,296184	-0,408272
16,140000	0,317217	-0,424048
16,150000	0,327733	-0,445082
16,160000	0,343508	-0,460858
16,170000	0,359282	-0,476633
16,180000	0,375057	-0,487150
16,190000	0,390831	-0,502926
16,200000	0,401348	-0,513443
16,210000	0,417122	-0,534477
16,220000	0,432897	-0,544995
16,230000	0,448671	-0,560770
16,240000	0,459187	-0,571287
16,250000	0,474962	-0,581805
16,260000	0,485478	-0,592322
16,270000	0,501253	-0,608097
16,280000	0,511769	-0,623873
16,290000	0,522285	-0,634390
16,300000	0,532802	-0,644907
16,310000	0,543318	-0,660683
16,320000	0,553834	-0,671200
16,330000	0,564351	-0,681717
16,340000	0,574867	-0,692234
16,350000	0,585383	-0,697493
16,360000	0,595900	-0,708010
16,370000	0,601158	-0,713269
16,380000	0,606416	-0,718527
16,390000	0,616932	-0,723786
16,400000	0,622190	-0,734303
16,410000	0,632707	-0,739561
16,420000	0,637965	-0,744820
16,430000	0,643223	-0,750079
16,440000	0,643223	-0,750079
16,450000	0,648481	-0,755337
16,460000	0,653739	-0,760596
16,470000	0,653739	-0,760596
16,480000	0,658997	-0,765854
16,490000	0,658997	-0,765854
16,500000	0,658997	-0,765854
16,510000	0,653739	-0,765854
16,520000	0,653739	-0,771113
16,530000	0,653739	-0,771113
16,540000	0,653739	-0,765854
16,550000	0,648481	-0,765854
16,560000	0,643223	-0,760596
16,570000	0,637965	-0,760596
16,580000	0,632707	-0,755337
16,590000	0,627448	-0,750079
16,600000	0,622190	-0,744820
16,610000	0,616932	-0,734303
16,620000	0,611674	-0,729044
16,630000	0,601158	-0,718527
16,640000	0,595900	-0,708010
16,650000	0,585383	-0,697493
16,660000	0,574867	-0,692234
16,670000	0,564351	-0,681717
16,680000	0,559092	-0,671200
16,690000	0,548576	-0,660683
16,700000	0,538060	-0,650166
16,710000	0,522285	-0,639649
16,720000	0,511769	-0,623873
16,730000	0,495994	-0,618614
16,740000	0,490736	-0,602839
16,750000	0,474962	-0,592322
16,760000	0,459187	-0,576546
16,770000	0,448671	-0,566029
16,780000	0,432897	-0,544995
16,790000	0,417122	-0,534477
16,800000	0,406606	-0,518702
16,810000	0,390831	-0,508185
16,820000	0,375057	-0,492409
16,830000	0,359282	-0,476633
16,840000	0,343508	-0,466116
16,850000	0,327733	-0,450340
16,860000	0,311959	-0,434565
16,870000	0,296184	-0,424048
16,880000	0,280410	-0,408272
16,890000	0,264635	-0,392496
16,900000	0,248861	-0,376721
16,910000	0,238345	-0,366203
16,920000	0,222570	-0,350428
16,930000	0,206796	-0,334652
16,940000	0,191021	-0,318876
16,950000	0,175247	-0,313618
16,960000	0,159472	-0,297842
16,970000	0,143698	-0,287325
16,980000	0,127923	-0,271549
16,990000	0,112149	-0,261032
17,000000	0,096374	-0,250515
17,010000	0,085858	-0,234739
17,020000	0,075342	-0,218964
17,030000	0,059567	-0,208447
17,040000	0,043793	-0,192671
17,050000	0,033276	-0,182154
17,060000	0,022760	-0,171637
17,070000	0,006985	-0,155861
17,080000	0,001727	-0,150602
17,090000	-0,014047	-0,134827
17,100000	-0,024564	-0,129568
17,110000	-0,029822	-0,119051
17,120000	-0,040338	-0,108534
17,130000	-0,050854	-0,103275
17,140000	-0,050854	-0,098017
17,150000	-0,061371	-0,087500
17,160000	-0,071887	-0,076983
17,170000	-0,077145	-0,071724
17,180000	-0,082403	-0,066465
17,190000	-0,087661	-0,061207
17,200000	-0,092920	-0,055948
17,210000	-0,092920	-0,050690
17,220000	-0,098178	-0,045431
17,230000	-0,103436	-0,045431
17,240000	-0,098178	-0,040173
17,250000	-0,103436	-0,040173
17,260000	-0,103436	-0,034914
17,270000	-0,103436	-0,034914
17,280000	-0,103436	-0,034914
17,290000	-0,103436	-0,040173
17,300000	-0,103436	-0,034914
17,310000	-0,098178	-0,034914
17,320000	-0,092920	-0,040173
17,330000	-0,087661	-0,040173
17,340000	-0,087661	-0,040173
17,350000	-0,082403	-0,045431
17,360000	-0,077145	-0,055948
17,370000	-0,071887	-0,061207
17,380000	-0,061371	-0,066465
17,390000	-0,056113	-0,071724
17,400000	-0,045596	-0,076983
17,410000	-0,040338	-0,082241
17,420000	-0,029822	-0,092758
17,430000	-0,019305	-0,098017
17,440000	-0,008789	-0,108534
17,450000	0,001727	-0,119051
17,460000	0,017502	-0,129568
17,470000	0,028018	-0,140085
17,480000	0,038534	-0,150602
17,490000	0,049051	-0,161120
17,500000	0,064825	-0,171637
17,510000	0,075342	-0,182154
17,520000	0,085858	-0,197929
17,530000	0,101632	-0,208447
17,540000	0,117407	-0,218964
17,550000	0,133181	-0,234739
17,560000	0,143698	-0,250515
17,570000	0,159472	-0,261032
17,580000	0,175247	-0,276808
17,590000	0,191021	-0,292584
17,600000	0,201537	-0,308359
17,610000	0,222570	-0,324135
17,620000	0,238345	-0,334652
17,630000	0,254119	-0,350428
17,640000	0,264635	-0,366203
17,650000	0,280410	-0,376721
17,660000	0,296184	-0,397755
17,670000	0,311959	-0,413531
17,680000	0,327733	-0,424048
17,690000	0,343508	-0,445082
17,700000	0,359282	-0,455599
17,710000	0,375057	-0,476633
17,720000	0,385573	-0,487150
17,730000	0,401348	-0,502926
17,740000	0,417122	-0,518702
17,750000	0,432897	-0,534477
17,760000	0,448671	-0,550253
17,770000	0,459187	-0,566029
17,780000	0,469704	-0,576546
17,790000	0,490736	-0,592322
17,800000	0,495994	-0,608097
17,810000	0,511769	-0,618614
17,820000	0,527543	-0,629132
17,830000	0,538060	-0,639649
17,840000	0,548576	-0,655424
17,850000	0,564351	-0,665942
17,860000	0,569609	-0,671200
17,870000	0,585383	-0,681717
17,880000	0,590641	-0,692234
17,890000	0,601158	-0,702751
17,900000	0,606416	-0,708010
17,910000	0,611674	-0,723786
17,920000	0,616932	-0,723786
17,930000	0,622190	-0,734303
17,940000	0,632707	-0,739561
17,950000	0,637965	-0,744820
17,960000	0,643223	-0,750079
17,970000	0,643223	-0,755337
17,980000	0,653739	-0,760596
17,990000	0,653739	-0,760596
18,000000	0,658997	-0,765854
18,010000	0,664256	-0,765854
18,020000	0,664256	-0,771113
18,030000	0,658997	-0,771113
18,040000	0,664256	-0,771113
18,050000	0,664256	-0,771113
18,060000	0,664256	-0,765854
18,070000	0,658997	-0,765854
18,080000	0,658997	-0,760596
18,090000	0,653739	-0,760596
18,100000	0,648481	-0,760596
18,110000	0,643223	-0,750079
18,120000	0,637965	-0,744820
18,130000	0,632707	-0,739561
18,140000	0,627448	-0,734303
18,150000	0,622190	-0,723786
18,160000	0,611674	-0,718527
18,170000	0,601158	-0,708010
18,180000	0,595900	-0,702751
18,190000	0,590641	-0,692234
18,200000	0,580125	-0,681717
18,210000	0,569609	-0,676459
18,220000	0,559092	-0,665942
18,230000	0,548576	-0,655424
18,240000	0,532802	-0,644907
18,250000	0,522285	-0,634390
18,260000	0,506511	-0,623873
18,270000	0,495994	-0,608097
18,280000	0,480220	-0,592322
18,290000	0,469704	-0,581805
18,300000	0,459187	-0,566029
18,310000	0,443413	-0,555512
18,320000	0,432897	-0,539736
18,330000	0,417122	-0,523960
18,340000	0,401348	-0,508185
18,350000	0,385573	-0,492409
18,360000	0,369799	-0,476633
18,370000	0,359282	-0,466116
18,380000	0,338250	-0,450340
18,390000	0,327733	-0,439823
18,400000	0,311959	-0,424048
18,410000	0,296184	-0,408272
18,420000	0,280410	-0,387238
18,430000	0,264635	-0,376721
18,440000	0,248861	-0,360945
18,450000	0,233086	-0,345169
18,460000	0,217312	-0,329394
18,470000	0,201537	-0,318876
18,480000	0,185763	-0,297842
18,490000	0,169988	-0,282066
18,500000	0,154214	-0,271549
18,510000	0,138439	-0,261032
18,520000	0,122665	-0,245257
18,530000	0,112149	-0,234739
18,540000	0,096374	-0,218964
18,550000	0,080600	-0,208447
18,560000	0,070083	-0,192671
18,570000	0,059567	-0,182154
18,580000	0,038534	-0,171637
18,590000	0,033276	-0,161120
18,600000	0,017502	-0,150602
18,610000	0,001727	-0,140085
18,620000	-0,008789	-0,129568
18,630000	-0,019305	-0,119051
18,640000	-0,029822	-0,113792
18,650000	-0,040338	-0,103275
18,660000	-0,050854	-0,092758
18,670000	-0,056113	-0,082241
18,680000	-0,066629	-0,071724
18,690000	-0,071887	-0,066465
18,700000	-0,077145	-0,055948
18,710000	-0,082403	-0,050690
18,720000	-0,087661	-0,045431
18,730000	-0,092920	-0,040173
18,740000	-0,098178	-0,040173
18,750000	-0,103436	-0,034914
18,760000	-0,103436	-0,029655
18,770000	-0,108694	-0,029655
18,780000	-0,108694	-0,024397
18,790000	-0,108694	-0,019138
18,800000	-0,108694	-0,019138
18,810000	-0,113952	-0,013880
18,820000	-0,108694	-0,013880
18,830000	-0,108694	-0,019138
18,840000	-0,103436	-0,019138
18,850000	-0,103436	-0,024397
18,860000	-0,098178	-0,019138
18,870000	-0,092920	-0,024397
18,880000	-0,087661	-0,029655
18,890000	-0,082403	-0,034914
18,900000	-0,077145	-0,040173
18,910000	-0,071887	-0,045431
18,920000	-0,066629	-0,045431
18,930000	-0,056113	-0,050690
18,940000	-0,050854	-0,061207
18,950000	-0,040338	-0,071724
18,960000	-0,029822	-0,076983
18,970000	-0,019305	-0,087500
18,980000	-0,014047	-0,098017
18,990000	0,001727	-0,108534
19,000000	0,012244	-0,119051
19,010000	0,022760	-0,129568
19,020000	0,038534	-0,145344
19,030000	0,049051	-0,155861
19,040000	0,059567	-0,166378
19,050000	0,075342	-0,187412
19,060000	0,085858	-0,203188
19,070000	0,101632	-0,213705
19,080000	0,117407	-0,224222
19,090000	0,127923	-0,245257
19,100000	0,143698	-0,261032
19,110000	0,154214	-0,271549
19,120000	0,175247	-0,287325
19,130000	0,191021	-0,297842
19,140000	0,201537	-0,313618
19,150000	0,217312	-0,329394
19,160000	0,233086	-0,339911
19,170000	0,248861	-0,355686
19,180000	0,264635	-0,371462
19,190000	0,285668	-0,387238
19,200000	0,301442	-0,403013
19,210000	0,317217	-0,418789
19,220000	0,327733	-0,434565
19,230000	0,343508	-0,450340
19,240000	0,364540	-0,466116
19,250000	0,380315	-0,487150
19,260000	0,390831	-0,492409
19,270000	0,406606	-0,513443
19,280000	0,422380	-0,523960
19,290000	0,438155	-0,539736
19,300000	0,453929	-0,550253
19,310000	0,469704	-0,566029
19,320000	0,480220	-0,581805
19,330000	0,495994	-0,597580
19,340000	0,506511	-0,602839
19,350000	0,522285	-0,618614
19,360000	0,532802	-0,629132
19,370000	0,543318	-0,639649
19,380000	0,553834	-0,650166
19,390000	0,564351	-0,660683
19,400000	0,574867	-0,671200
19,410000	0,585383	-0,681717
19,420000	0,595900	-0,692234
19,430000	0,606416	-0,697493
19,440000	0,611674	-0,708010
19,450000	0,622190	-0,713269
19,460000	0,627448	-0,718527
19,470000	0,637965	-0,729044
19,480000	0,637965	-0,734303
19,490000	0,648481	-0,739561
19,500000	0,648481	-0,744820
19,510000	0,658997	-0,744820
19,520000	0,658997	-0,750079
19,530000	0,664256	-0,755337
19,540000	0,664256	-0,755337
19,550000	0,664256	-0,755337
19,560000	0,669514	-0,755337
19,570000	0,669514	-0,760596
19,580000	0,669514	-0,755337
19,590000	0,669514	-0,755337
19,600000	0,669514	-0,755337
19,610000	0,664256	-0,755337
19,620000	0,658997	-0,755337
19,630000	0,658997	-0,750079
19,640000	0,648481	-0,744820
19,650000	0,648481	-0,744820
19,660000	0,643223	-0,739561
19,670000	0,637965	-0,739561
19,680000	0,632707	-0,734303
19,690000	0,622190	-0,729044
19,700000	0,616932	-0,723786
19,710000	0,606416	-0,718527
19,720000	0,601158	-0,713269
19,730000	0,590641	-0,708010
19,740000	0,580125	-0,697493
19,750000	0,569609	-0,686976
19,760000	0,559092	-0,681717
19,770000	0,548576	-0,665942
19,780000	0,538060	-0,660683
19,790000	0,527543	-0,644907
19,800000	0,511769	-0,634390
19,810000	0,501253	-0,623873
19,820000	0,485478	-0,608097
19,830000	0,474962	-0,597580
19,840000	0,459187	-0,587063
19,850000	0,448671	-0,576546
19,860000	0,432897	-0,560770
19,870000	0,417122	-0,544995
19,880000	0,401348	-0,529219
19,890000	0,385573	-0,513443
19,900000	0,369799	-0,502926
19,910000	0,359282	-0,487150
19,920000	0,338250	-0,471375
19,930000	0,322475	-0,455599
19,940000	0,311959	-0,439823
19,950000	0,290926	-0,424048
19,960000	0,275152	-0,413531
19,970000	0,259377	-0,392496
19,980000	0,243603	-0,381979
19,990000	0,227828	-0,366203
